    0.000     1.000     0.000         0
    0.338     3.289     0.060     1.000         0
    0.165     3.283     0.060     1.000         0
    0.134     3.286     0.060     1.000         0
    0.286     3.286     0.060     1.000         0
    0.501     3.306     0.060     1.000         0
    0.692     3.319     0.060     1.000         0
    0.908     3.339     0.060     1.000         0
    1.102     3.367     0.060     1.000         0
    1.321     3.398     0.060     1.000         0
    1.513     3.435     0.060     1.000         0
    1.732     3.480     0.060     1.000         0
    1.926     3.519     0.060     1.000         0
    2.147     3.570     0.060     1.000         0
    2.348     3.626     0.060     1.000         0
    2.569     3.700     0.060     1.000         0
    2.762     3.765     0.060     1.000         0
    2.956     3.835     0.060     1.000         0
    3.176     3.903     0.060     1.000         0
    3.369     3.981     0.060     1.000         0
    3.572     4.057     0.060     1.000         0
    3.765     4.134     0.060     1.000         0
    3.986     4.217     0.060     1.000         0
    4.178     4.299     0.060     1.000         0
    4.373     4.382     0.060     1.000         0
    4.565     4.471     0.060     1.000         0
    4.768     4.566     0.060     1.000         0
    4.986     4.693     0.060     1.000         0
    5.181     4.788     0.060     1.000         0
    5.376     4.869     0.060     1.000         0
    5.594     4.981     0.060     1.000         0
    5.789     5.066     0.060     1.000         0
    5.990     5.170     0.060     1.000         0
    6.210     5.288     0.060     1.000         0
    6.403     5.378     0.060     1.000         0
    6.597     5.482     0.060     1.000         0
    6.792     5.586     0.060     1.000         0
    7.011     5.693     0.060     1.000         0
    7.206     5.793     0.060     1.000         0
    7.424     5.904     0.060     1.000         0
    7.628     6.014     0.060     1.000         0
    7.820     6.102     0.060     1.000         0
    8.040     6.204     0.060     1.000         0
    8.235     6.314     0.060     1.000         0
    8.453     6.431     0.060     1.000         0
    8.648     6.517     0.060     1.000         0
    8.869     6.624     0.060     1.000         0
    9.070     6.741     0.060     1.000         0
    9.290     6.848     0.060     1.000         0
    9.483     6.951     0.060     1.000         0
    9.704     7.063     0.060     1.000         0
    9.896     7.161     0.060     1.000         0
   10.117     7.258     0.060     1.000         0
   10.312     7.372     0.060     1.000         0
   10.530     7.472     0.060     1.000         0
   10.944     7.572     0.060     2.000         0
   11.146     7.607     0.060     2.000         0
   11.365     7.676     0.060     2.000         0
   11.560     7.704     0.060     2.000         0
   11.778     7.768     0.060     2.000         0
   11.973     7.801     0.060     2.000         0
   12.168     7.830     0.060     2.000         0
   12.386     7.874     0.060     2.000         0
   12.606     7.919     0.060     2.000         0
   12.807     7.964     0.060     2.000         0
   13.028     8.014     0.060     2.000         0
   13.223     8.048     0.060     2.000         0
   13.442     8.097     0.060     2.000         0
   13.637     8.135     0.060     2.000         0
   13.855     8.187     0.060     2.000         0
   14.076     8.225     0.060     2.000         0
   14.268     8.281     0.060     2.000         0
   14.488     8.324     0.060     2.000         0
   14.681     8.366     0.060     2.000         0
   14.902     8.410     0.060     2.000         0
   15.123     8.454     0.060     2.000         0
   15.324     8.498     0.060     2.000         0
   15.545     8.547     0.060     2.000         0
   15.763     8.615     0.060     2.000         0
   15.983     8.663     0.060     2.000         0
   16.178     8.702     0.060     2.000         0
   16.397     8.740     0.060     2.000         0
   16.591     8.788     0.060     2.000         0
   16.813     8.824     0.060     3.000         0
   17.031     8.834     0.060     3.000         0
   17.223     8.861     0.060     3.000         0
   17.444     8.880     0.060     3.000         0
   17.664     8.904     0.060     3.000         0
   17.868     8.923     0.060     3.000         0
   18.086     8.942     0.060     3.000         0
   18.281     8.949     0.060     3.000         0
   18.500     8.978     0.060     3.000         0
   18.500     8.978     0.060     3.000         0
   18.915     8.996     0.060     3.000         0
   19.133     9.028     0.060     3.000         0
   19.328     9.034     0.060     3.000         0
   19.546     9.056     0.060     3.000         0
   19.767     9.058     0.060     3.000         0
   19.988     9.081     0.060     3.000         0
   20.181     9.098     0.060     3.000         0
   20.402     9.116     0.060     3.000         0
   20.620     9.140     0.060     3.000         0
   20.823     9.167     0.060     3.000         0
   21.041     9.190     0.060     3.000         0
   21.262     9.203     0.060     3.000         0
   21.481     9.222     0.060     3.000         0
   21.675     9.255     0.060     3.000         0
   21.897     9.297     0.060     3.000         0
   22.117     9.323     0.060     3.000         0
   22.338     9.365     0.060     3.000         0
   22.556     9.396     0.060     3.000         0
   22.748     9.404     0.060     3.000         0
   22.969     9.456     0.060     3.000         0
   23.188     9.492     0.060     3.000         0
   23.409     9.523     0.060     3.000         0
   23.630     9.555     0.060     3.000         0
   23.822     9.568     0.060     3.000         0
   24.042     9.605     0.060     3.000         0
   24.263     9.646     0.060     3.000         0
   24.482     9.682     0.060     3.000         0
   24.685     9.713     0.060     3.000         0
   24.904     9.770     0.060     3.000         0
   25.099     9.804     0.060     3.000         0
   25.317     9.832     0.060     3.000         0
   25.511     9.880     0.060     3.000         0
   25.732     9.898     0.060     3.000         0
   25.924     9.947     0.060     3.000         0
   26.145     9.980     0.060     3.000         0
   26.337    10.018     0.060     3.000         0
   26.558    10.061     0.060     3.000         0
   26.777    10.105     0.060     3.000         0
   26.980    10.131     0.060     3.000         0
   27.200    10.170     0.060     3.000         0
   27.393    10.199     0.060     3.000         0
   27.614    10.254     0.060     3.000         0
   27.809    10.282     0.060     3.000         0
   28.027    10.316     0.060     3.000         0
   28.222    10.350     0.060     3.000         0
   28.440    10.399     0.060     3.000         0
   12.807     8.085     0.060     4.000         0
   13.028     8.133     0.060     4.000         0
   13.223     8.161     0.060     4.000         0
   13.442     8.199     0.060     4.000         0
   13.637     8.237     0.060     4.000         0
   13.855     8.279     0.060     4.000         0
   14.076     8.322     0.060     4.000         0
   14.268     8.360     0.060     4.000         0
   14.488     8.403     0.060     4.000         0
   14.681     8.441     0.060     4.000         0
   14.902     8.484     0.060     4.000         0
   15.123     8.527     0.060     4.000         0
   15.324     8.566     0.060     4.000         0
   15.545     8.609     0.060     4.000         0
   15.763     8.651     0.060     4.000         0
   15.983     8.694     0.060     4.000         0
   16.178     8.737     0.060     4.000         0
   16.397     8.775     0.060     4.000         0
   16.591     8.823     0.060     4.000         0
   16.813     8.868     0.060     4.000         0
   17.031     8.912     0.060     4.000         0
   17.223     8.961     0.060     4.000         0
   17.444     9.006     0.060     4.000         0
   17.664     9.046     0.060     4.000         0
   17.868     9.087     0.060     4.000         0
   18.086     9.136     0.060     4.000         0
   18.281     9.171     0.060     4.000         0
   18.500     9.211     0.060     4.000         0
   18.500     9.221     0.060     4.000         0
   18.915     9.290     0.060     4.000         0
   19.133     9.349     0.060     4.000         0
   19.328     9.374     0.060     4.000         0
   19.546     9.433     0.060     4.000         0
   19.767     9.478     0.060     4.000         0
   19.988     9.513     0.060     4.000         0
   26.558    10.377     0.060     9.000         0
   26.777    10.401     0.060     9.000         0
   26.980    10.398     0.060     9.000         0
   27.200    10.422     0.060     9.000         0
   27.393    10.432     0.060     9.000         0
   27.614    10.451     0.060     9.000         0
   27.809    10.457     0.060     9.000         0
   28.027    10.471     0.060     9.000         0
   28.222    10.482     0.060     9.000         0
   28.440    10.486     0.060     9.000         0
   28.658    10.499     0.060     9.000         0
   28.861    10.521     0.060     9.000         0
    0.000    -1.000     0.000         0
  -10.338     7.389     0.060     1.000         0
  -10.146     7.278     0.060     1.000         0
   -9.926     7.173     0.060     1.000         0
   -9.707     7.042     0.060     1.000         0
   -9.512     6.935     0.060     1.000         0
   -9.294     6.819     0.060     1.000         0
   -9.090     6.729     0.060     1.000         0
   -8.872     6.608     0.060     1.000         0
   -8.651     6.495     0.060     1.000         0
   -8.455     6.394     0.060     1.000         0
   -8.237     6.287     0.060     1.000         0
   -8.043     6.173     0.060     1.000         0
   -7.825     6.081     0.060     1.000         0
   -7.825     6.066     0.060     1.000         0
   -7.408     5.868     0.060     1.000         0
   -7.190     5.746     0.060     1.000         0
   -6.969     5.638     0.060     1.000         0
   -6.749     5.520     0.060     1.000         0
   -6.531     5.399     0.060     1.000         0
   -6.309     5.290     0.060     1.000         0
   -6.091     5.173     0.060     1.000         0
   -5.870     5.070     0.060     1.000         0
   -5.666     4.971     0.060     1.000         0
   -5.448     4.864     0.060     1.000         0
   -5.253     4.764     0.060     1.000         0
   -5.034     4.647     0.060     1.000         0
   -4.840     4.543     0.060     1.000         0
   -4.622     4.446     0.060     1.000         0
   -4.427     4.383     0.060     1.000         0
   -4.206     4.300     0.060     1.000         0
   -4.014     4.209     0.060     1.000         0
   -3.810     4.133     0.060     1.000         0
   -3.592     4.056     0.060     1.000         0
   -3.398     3.979     0.060     1.000         0
   -3.202     3.896     0.060     1.000         0
   -2.984     3.804     0.060     1.000         0
   -2.789     3.755     0.060     1.000         0
   -2.571     3.695     0.060     1.000         0
   -2.367     3.623     0.060     1.000         0
   -2.176     3.570     0.060     1.000         0
   -1.954     3.519     0.060     1.000         0
   -1.763     3.475     0.060     1.000         0
   -1.565     3.445     0.060     1.000         0
   -1.369     3.405     0.060     1.000         0
   -1.166     3.374     0.060     1.000         0
   -0.945     3.340     0.060     1.000         0
   -0.751     3.323     0.060     1.000         0
   -0.557     3.307     0.060     1.000         0
  -18.770     8.933     0.060     2.000         0
  -18.578     8.883     0.060     2.000         0
  -18.356     8.846     0.060     2.000         0
  -18.164     8.805     0.060     2.000         0
  -17.943     8.769     0.060     2.000         0
  -17.743     8.726     0.060     2.000         0
  -17.537     8.683     0.060     2.000         0
  -17.316     8.636     0.060     2.000         0
  -17.127     8.586     0.060     2.000         0
  -16.908     8.544     0.060     2.000         0
  -16.690     8.517     0.060     2.000         0
  -16.472     8.485     0.060     2.000         0
  -16.253     8.448     0.060     2.000         0
  -16.032     8.406     0.060     2.000         0
  -15.814     8.364     0.060     2.000         0
  -15.592     8.313     0.060     2.000         0
  -15.400     8.283     0.060     2.000         0
  -15.179     8.238     0.060     2.000         0
  -14.987     8.203     0.060     2.000         0
  -14.766     8.163     0.060     2.000         0
  -14.545     8.123     0.060     2.000         0
  -14.327     8.083     0.060     2.000         0
  -14.132     8.068     0.060     2.000         0
  -13.911     8.027     0.060     2.000         0
  -13.692     7.978     0.060     2.000         0
  -13.489     7.937     0.060     2.000         0
  -13.270     7.909     0.060     2.000         0
  -13.076     7.880     0.060     2.000         0
  -12.858     7.853     0.060     2.000         0
  -12.663     7.814     0.060     2.000         0
  -12.442     7.801     0.060     2.000         0
  -12.250     7.772     0.060     2.000         0
  -12.028     7.729     0.060     2.000         0
  -11.827     7.695     0.060     2.000         0
  -11.606     7.648     0.060     2.000         0
  -11.388     7.606     0.060     2.000         0
  -11.194     7.538     0.060     2.000         0
  -10.973     7.430     0.060     2.000         0
  -10.781     7.363     0.060     2.000         0
  -10.559     7.285     0.060     2.000         0
  -10.338     7.207     0.060     2.000         0
  -10.146     7.140     0.060     2.000         0
   -9.926     7.058     0.060     2.000         0
   -9.707     6.986     0.060     2.000         0
  -61.418    13.351     0.060     3.000         0
  -61.197    13.343     0.060     3.000         0
  -60.979    13.329     0.060     3.000         0
  -60.758    13.306     0.060     3.000         0
  -60.536    13.302     0.060     3.000         0
  -60.292    13.273     0.060     3.000         0
  -60.070    13.265     0.060     3.000         0
  -59.849    13.236     0.060     3.000         0
  -59.631    13.223     0.060     3.000         0
  -59.410    13.210     0.060     3.000         0
  -59.192    13.186     0.060     3.000         0
  -58.970    13.168     0.060     3.000         0
  -58.749    13.154     0.060     3.000         0
  -58.528    13.136     0.060     3.000         0
  -58.309    13.138     0.060     3.000         0
  -58.063    13.118     0.060     3.000         0
  -57.844    13.090     0.060     3.000         0
  -57.623    13.086     0.060     3.000         0
  -57.401    13.063     0.060     3.000         0
  -54.736    12.940     0.060     3.000         0
  -54.514    12.939     0.060     3.000         0
  -54.278    12.920     0.060     3.000         0
  -54.057    12.925     0.060     3.000         0
  -53.839    12.896     0.060     3.000         0
  -53.635    12.901     0.060     3.000         0
  -53.413    12.892     0.060     3.000         0
  -53.195    12.862     0.060     3.000         0
  -53.001    12.853     0.060     3.000         0
  -52.782    12.839     0.060     3.000         0
  -52.561    12.824     0.060     3.000         0
  -52.366    12.825     0.060     3.000         0
  -52.148    12.821     0.060     3.000         0
  -51.952    12.792     0.060     3.000         0
  -51.734    12.792     0.060     3.000         0
  -51.540    12.768     0.060     3.000         0
  -51.322    12.737     0.060     3.000         0
  -51.118    12.722     0.060     3.000         0
  -50.896    12.700     0.060     3.000         0
  -50.704    12.691     0.060     3.000         0
  -50.483    12.654     0.060     3.000         0
  -50.291    12.645     0.060     3.000         0
  -50.069    12.619     0.060     3.000         0
  -49.877    12.599     0.060     3.000         0
  -49.657    12.573     0.060     3.000         0
  -49.453    12.558     0.060     3.000         0
  -49.234    12.526     0.060     3.000         0
  -49.039    12.502     0.060     3.000         0
  -48.821    12.476     0.060     3.000         0
  -48.626    12.461     0.060     3.000         0
  -48.407    12.435     0.060     3.000         0
  -48.213    12.405     0.060     3.000         0
  -47.995    12.392     0.060     3.000         0
  -47.800    12.362     0.060     3.000         0
  -47.578    12.338     0.060     3.000         0
  -47.360    12.310     0.060     3.000         0
  -47.156    12.273     0.060     3.000         0
  -46.938    12.262     0.060     3.000         0
  -46.742    12.244     0.060     3.000         0
  -46.548    12.210     0.060     3.000         0
  -46.330    12.194     0.060     3.000         0
  -46.135    12.175     0.060     3.000         0
  -45.916    12.141     0.060     3.000         0
  -45.713    12.123     0.060     3.000         0
  -45.494    12.093     0.060     3.000         0
  -45.299    12.076     0.060     3.000         0
  -45.079    12.056     0.060     3.000         0
  -44.887    12.034     0.060     3.000         0
  -44.691    12.026     0.060     3.000         0
  -44.473    12.011     0.060     3.000         0
  -44.278    11.998     0.060     3.000         0
  -44.057    11.993     0.060     3.000         0
  -43.856    11.965     0.060     3.000         0
  -43.634    11.960     0.060     3.000         0
  -43.442    11.945     0.060     3.000         0
  -43.222    11.907     0.060     3.000         0
  -43.030    11.886     0.060     3.000         0
  -42.808    11.883     0.060     3.000         0
  -42.613    11.852     0.060     3.000         0
  -42.395    11.820     0.060     3.000         0
  -42.191    11.790     0.060     3.000         0
  -41.971    11.753     0.060     3.000         0
  -41.778    11.719     0.060     3.000         0
  -41.557    11.697     0.060     3.000         0
  -41.365    11.661     0.060     3.000         0
  -41.144    11.652     0.060     3.000         0
  -40.948    11.620     0.060     3.000         0
  -40.756    11.585     0.060     3.000         0
  -40.552    11.562     0.060     3.000         0
  -40.334    11.543     0.060     3.000         0
  -40.140    11.507     0.060     3.000         0
  -39.948    11.477     0.060     3.000         0
  -39.726    11.458     0.060     3.000         0
  -39.531    11.437     0.060     3.000         0
  -39.330    11.410     0.060     3.000         0
  -39.109    11.387     0.060     3.000         0
  -38.917    11.376     0.060     3.000         0
  -38.697    11.358     0.060     3.000         0
  -38.501    11.328     0.060     3.000         0
  -38.309    11.309     0.060     3.000         0
  -38.088    11.261     0.060     3.000         0
  -37.896    11.252     0.060     3.000         0
  -37.692    11.226     0.060     3.000         0
  -37.500    11.197     0.060     3.000         0
  -37.278    11.176     0.060     3.000         0
  -37.086    11.153     0.060     3.000         0
  -36.892    11.136     0.060     3.000         0
  -36.674    11.110     0.060     3.000         0
  -36.470    11.077     0.060     3.000         0
  -36.249    11.058     0.060     3.000         0
  -36.052    11.022     0.060     3.000         0
  -35.856    11.001     0.060     3.000         0
  -35.664    10.966     0.060     3.000         0
  -35.446    10.942     0.060     3.000         0
  -35.254    10.933     0.060     3.000         0
  -35.035    10.916     0.060     3.000         0
  -34.832    10.896     0.060     3.000         0
  -34.613    10.879     0.060     3.000         0
  -34.418    10.864     0.060     3.000         0
  -34.200    10.856     0.060     3.000         0
  -34.005    10.839     0.060     3.000         0
  -33.810    10.843     0.060     3.000         0
  -33.592    10.835     0.060     3.000         0
  -33.388    10.817     0.060     3.000         0
  -33.196    10.799     0.060     3.000         0
  -32.975    10.800     0.060     3.000         0
  -32.780    10.782     0.060     3.000         0
  -32.588    10.764     0.060     3.000         0
  -32.367    10.736     0.060     3.000         0
  -32.175    10.717     0.060     3.000         0
  -31.954    10.690     0.060     3.000         0
  -31.753    10.665     0.060     3.000         0
  -31.558    10.630     0.060     3.000         0
  -31.340    10.614     0.060     3.000         0
  -31.144    10.589     0.060     3.000         0
  -30.923    10.562     0.060     3.000         0
  -30.731    10.538     0.060     3.000         0
  -30.528    10.513     0.060     3.000         0
  -30.310    10.486     0.060     3.000         0
  -30.115    10.452     0.060     3.000         0
  -29.923    10.438     0.060     3.000         0
  -29.727    10.414     0.060     3.000         0
  -29.509    10.387     0.060     3.000         0
  -29.314    10.363     0.060     3.000         0
  -29.094    10.331     0.060     3.000         0
  -28.893    10.311     0.060     3.000         0
  -28.671    10.273     0.060     3.000         0
  -28.479    10.261     0.060     3.000         0
  -28.258    10.240     0.060     3.000         0
  -28.037    10.225     0.060     3.000         0
  -27.845    10.207     0.060     3.000         0
  -27.623    10.182     0.060     3.000         0
  -27.429    10.169     0.060     3.000         0
  -27.211    10.129     0.060     3.000         0
  -26.989    10.128     0.060     3.000         0
  -26.789    10.110     0.060     3.000         0
  -26.567    10.069     0.060     3.000         0
  -26.372    10.061     0.060     3.000         0
  -26.154    10.023     0.060     3.000         0
  -25.960    10.019     0.060     3.000         0
  -25.738     9.981     0.060     3.000         0
  -25.520     9.951     0.060     3.000         0
  -25.325     9.916     0.060     3.000         0
  -25.107     9.877     0.060     3.000         0
  -24.912     9.822     0.060     3.000         0
  -24.693     9.783     0.060     3.000         0
  -24.472     9.743     0.060     3.000         0
  -24.271     9.717     0.060     3.000         0
  -24.051     9.677     0.060     3.000         0
  -23.830     9.653     0.060     3.000         0
  -23.611     9.620     0.060     3.000         0
  -23.416     9.584     0.060     3.000         0
  -23.195     9.545     0.060     3.000         0
  -22.977     9.517     0.060     3.000         0
  -22.784     9.482     0.060     3.000         0
  -22.564     9.453     0.060     3.000         0
  -22.343     9.414     0.060     3.000         0
  -22.148     9.389     0.060     3.000         0
  -21.929     9.350     0.060     3.000         0
  -21.708     9.321     0.060     3.000         0
  -21.507     9.290     0.060     3.000         0
  -21.286     9.256     0.060     3.000         0
  -21.068     9.228     0.060     3.000         0
  -20.874     9.203     0.060     3.000         0
  -20.655     9.179     0.060     3.000         0
  -20.460     9.148     0.060     3.000         0
  -20.239     9.120     0.060     3.000         0
  -20.047     9.095     0.060     3.000         0
  -19.825     9.066     0.060     3.000         0
  -19.607     9.037     0.060     3.000         0
  -19.413     9.012     0.060     3.000         0
  -19.192     8.983     0.060     3.000         0
  -18.991     8.967     0.060     3.000         0
  -20.655     9.349     0.060     4.000         0
  -20.460     9.305     0.060     4.000         0
  -20.239     9.275     0.060     4.000         0
  -20.047     9.238     0.060     4.000         0
  -19.825     9.193     0.060     4.000         0
  -19.607     9.149     0.060     4.000         0
  -19.413     9.110     0.060     4.000         0
  -19.192     9.056     0.060     4.000         0
  -18.991     9.033     0.060     4.000         0
  -18.770     9.002     0.060     4.000         0
  -18.578     8.957     0.060     4.000         0
  -18.356     8.935     0.060     4.000         0
  -18.164     8.918     0.060     4.000         0
  -17.943     8.865     0.060     4.000         0
  -17.743     8.835     0.060     4.000         0
  -17.537     8.815     0.060     4.000         0
  -17.316     8.785     0.060     4.000         0
  -17.127     8.766     0.060     4.000         0
  -16.908     8.736     0.060     4.000         0
  -16.690     8.717     0.060     4.000         0
  -33.388    10.907     0.060     9.000         0
  -33.196    10.884     0.060     9.000         0
  -32.975    10.862     0.060     9.000         0
  -32.780    10.839     0.060     9.000         0
  -32.588    10.821     0.060     9.000         0
  -32.367    10.788     0.060     9.000         0
  -32.175    10.766     0.060     9.000         0
  -31.954    10.738     0.060     9.000         0
  -31.753    10.714     0.060     9.000         0
  -31.558    10.681     0.060     9.000         0
  -31.340    10.655     0.060     9.000         0
  -31.144    10.632     0.060     9.000         0
  -30.923    10.605     0.060     9.000         0
  -30.731    10.583     0.060     9.000         0
  -30.528    10.564     0.060     9.000         0
  -30.310    10.538     0.060     9.000         0
  -30.115    10.506     0.060     9.000         0
  -29.923    10.479     0.060     9.000         0
  -29.727    10.456     0.060     9.000         0
  -29.509    10.430     0.060     9.000         0
  -29.314    10.407     0.060     9.000         0
  -29.094    10.375     0.060     9.000         0
  -28.893    10.352     0.060     9.000         0
  -28.671    10.320     0.060     9.000         0
  -28.479    10.298     0.060     9.000         0
  -28.258    10.276     0.060     9.000         0
  -28.037    10.254     0.060     9.000         0
  -27.845    10.242     0.060     9.000         0
  -27.623    10.225     0.060     9.000         0
  -27.429    10.208     0.060     9.000         0
  -27.211    10.167     0.060     9.000         0
  -26.989    10.150     0.060     9.000         0
  -26.789    10.132     0.060     9.000         0
  -26.567    10.110     0.060     9.000         0
  -26.372    10.102     0.060     9.000         0
  -26.154    10.081     0.060     9.000         0
  -25.960    10.063     0.060     9.000         0
  -25.738    10.032     0.060     9.000         0
  -25.520    10.020     0.060     9.000         0
  -25.325     9.996     0.060     9.000         0
  -25.107     9.994     0.060     9.000         0
  -24.912     9.975     0.060     9.000         0
  -24.693     9.959     0.060     9.000         0
  -24.472     9.941     0.060     9.000         0
  -24.271     9.912     0.060     9.000         0
  -24.051     9.900     0.060     9.000         0
  -23.830     9.873     0.060     9.000         0
  -23.611     9.861     0.060     9.000         0
  -23.416     9.842     0.060     9.000         0
  -23.195     9.830     0.060     9.000         0
  -22.977     9.823     0.060     9.000         0
  -22.784     9.794     0.060     9.000         0
  -22.564     9.777     0.060     9.000         0
  -22.343     9.770     0.060     9.000         0
  -22.148     9.756     0.060     9.000         0
  -21.929     9.739     0.060     9.000         0
    0.000     0.000     0.000        -1
