    0.000     1.000     0.000         0
    0.343     3.256     0.060     1.000         0
    0.191     3.250     0.060     1.000         0
    0.194     3.250     0.060     1.000         0
    0.314     3.258     0.060     1.000         0
    0.519     3.289     0.060     1.000         0
    0.733     3.306     0.060     1.000         0
    0.949     3.328     0.060     1.000         0
    1.166     3.359     0.060     1.000         0
    1.388     3.396     0.060     1.000         0
    1.605     3.437     0.060     1.000         0
    1.827     3.485     0.060     1.000         0
    2.019     3.536     0.060     1.000         0
    2.240     3.588     0.060     1.000         0
    2.432     3.634     0.060     1.000         0
    2.653     3.702     0.060     1.000         0
    2.874     3.769     0.060     1.000         0
    3.092     3.841     0.060     1.000         0
    3.287     3.915     0.060     1.000         0
    3.508     3.993     0.060     1.000         0
    3.726     4.080     0.060     1.000         0
    3.930     4.167     0.060     1.000         0
    4.148     4.254     0.060     1.000         0
    4.343     4.336     0.060     1.000         0
    4.561     4.428     0.060     1.000         0
    4.756     4.524     0.060     1.000         0
    4.977     4.622     0.060     1.000         0
    5.169     4.716     0.060     1.000         0
    5.391     4.814     0.060     1.000         0
    5.591     4.918     0.060     1.000         0
    5.813     5.055     0.060     1.000         0
    6.031     5.175     0.060     1.000         0
    6.225     5.282     0.060     1.000         0
    6.446     5.403     0.060     1.000         0
    6.638     5.519     0.060     1.000         0
    6.860     5.626     0.060     1.000         0
    7.081     5.742     0.060     1.000         0
    7.273     5.835     0.060     1.000         0
    7.493     5.941     0.060     1.000         0
    7.712     6.031     0.060     1.000         0
    7.907     6.130     0.060     1.000         0
    8.125     6.250     0.060     1.000         0
    8.329     6.391     0.060     1.000         0
    8.547     6.506     0.060     1.000         0
    8.768     6.652     0.060     1.000         0
    8.963     6.754     0.060     1.000         0
    9.182     6.889     0.060     1.000         0
    9.376     7.009     0.060     1.000         0
    9.594     7.134     0.060     1.000         0
    9.594     7.129     0.060     1.000         0
   10.010     7.334     0.060     1.000         0
   10.450     7.466     0.060     2.000         0
   10.670     7.514     0.060     2.000         0
   10.888     7.586     0.060     2.000         0
   11.110     7.630     0.060     2.000         0
   11.328     7.692     0.060     2.000         0
   11.549     7.755     0.060     2.000         0
   11.753     7.784     0.060     2.000         0
   11.971     7.823     0.060     2.000         0
   12.166     7.863     0.060     2.000         0
   12.385     7.907     0.060     2.000         0
   12.579     7.951     0.060     2.000         0
   12.797     7.993     0.060     2.000         0
   12.992     8.035     0.060     2.000         0
   13.213     8.076     0.060     2.000         0
   13.405     8.118     0.060     2.000         0
   13.609     8.156     0.060     2.000         0
   13.827     8.188     0.060     2.000         0
   14.022     8.224     0.060     2.000         0
   14.217     8.236     0.060     2.000         0
   14.435     8.271     0.060     2.000         0
   14.630     8.293     0.060     2.000         0
   14.848     8.318     0.060     2.000         0
   15.052     8.356     0.060     2.000         0
   15.244     8.381     0.060     2.000         0
   15.465     8.411     0.060     2.000         0
   15.657     8.446     0.060     2.000         0
   15.854     8.472     0.060     2.000         0
   16.049     8.508     0.060     2.000         0
   16.253     8.540     0.060     2.000         0
   16.474     8.575     0.060     2.000         0
   16.669     8.605     0.060     2.000         0
   16.864     8.636     0.060     2.000         0
   17.085     8.671     0.060     2.000         0
   17.282     8.712     0.060     2.000         0
   17.504     8.732     0.060     2.000         0
   17.701     8.773     0.060     2.000         0
   17.919     8.806     0.060     2.000         0
   18.111     8.855     0.060     2.000         0
   18.328     8.893     0.060     2.000         0
   18.522     8.928     0.060     2.000         0
   18.740     8.956     0.060     2.000         0
   18.932     9.000     0.060     2.000         0
   19.150     9.039     0.060     2.000         0
   19.345     9.063     0.060     2.000         0
   19.566     9.098     0.060     2.000         0
   19.767     9.126     0.060     2.000         0
   19.989     9.156     0.060     2.000         0
   20.181     9.197     0.060     2.000         0
   20.375     9.218     0.060     2.000         0
   20.596     9.253     0.060     2.000         0
   20.788     9.289     0.060     2.000         0
   20.992     9.322     0.060     2.000         0
   21.184     9.357     0.060     2.000         0
   21.405     9.389     0.060     2.000         0
   21.597     9.424     0.060     2.000         0
   21.792     9.461     0.060     2.000         0
   21.984     9.497     0.060     2.000         0
   22.187     9.534     0.060     2.000         0
   22.405     9.585     0.060     2.000         0
   22.600     9.632     0.060     2.000         0
   22.795     9.668     0.060     2.000         0
   23.014     9.709     0.060     2.000         0
   23.209     9.725     0.060     2.000         0
   23.409     9.767     0.060     2.000         0
   23.630     9.809     0.060     2.000         0
   23.822     9.850     0.060     2.000         0
   24.017     9.892     0.060     3.000         0
   24.212     9.923     0.060     3.000         0
   24.430     9.926     0.060     3.000         0
   24.625     9.956     0.060     3.000         0
   24.843     9.979     0.060     3.000         0
   25.047    10.015     0.060     3.000         0
   25.239    10.045     0.060     3.000         0
   25.459    10.058     0.060     3.000         0
   25.654    10.098     0.060     3.000         0
   25.873    10.126     0.060     3.000         0
   26.068    10.151     0.060     3.000         0
   26.289    10.170     0.060     3.000         0
   26.490    10.205     0.060     3.000         0
   26.710    10.234     0.060     3.000         0
   26.902    10.253     0.060     3.000         0
   27.123    10.276     0.060     3.000         0
   27.315    10.287     0.060     3.000         0
   27.537    10.322     0.060     3.000         0
   27.732    10.333     0.060     3.000         0
   27.950    10.367     0.060     3.000         0
   28.145    10.383     0.060     3.000         0
   28.363    10.407     0.060     3.000         0
   28.566    10.434     0.060     3.000         0
   28.784    10.468     0.060     3.000         0
   28.979    10.479     0.060     3.000         0
   29.197    10.507     0.060     3.000         0
   29.392    10.513     0.060     3.000         0
   29.587    10.543     0.060     3.000         0
   29.806    10.556     0.060     3.000         0
   30.026    10.579     0.060     3.000         0
   30.227    10.600     0.060     3.000         0
   30.448    10.629     0.060     3.000         0
   30.643    10.649     0.060     3.000         0
   30.861    10.682     0.060     3.000         0
   31.056    10.703     0.060     3.000         0
   31.274    10.711     0.060     3.000         0
   31.496    10.739     0.060     3.000         0
   31.688    10.759     0.060     3.000         0
   31.908    10.777     0.060     3.000         0
   32.100    10.807     0.060     3.000         0
   32.321    10.828     0.060     3.000         0
   32.542    10.869     0.060     3.000         0
   32.743    10.902     0.060     3.000         0
   32.964    10.917     0.060     3.000         0
   33.183    10.953     0.060     3.000         0
   33.403    10.988     0.060     3.000         0
   33.598    11.020     0.060     3.000         0
   33.816    11.045     0.060     3.000         0
   34.011    11.058     0.060     3.000         0
   34.232    11.098     0.060     3.000         0
   34.450    11.128     0.060     3.000         0
   34.643    11.140     0.060     3.000         0
   34.864    11.165     0.060     3.000         0
   35.084    11.190     0.060     3.000         0
   35.288    11.203     0.060     3.000         0
   35.506    11.248     0.060     3.000         0
   35.701    11.250     0.060     3.000         0
   35.919    11.285     0.060     3.000         0
   35.919    11.285     0.060     3.000         0
   36.334    11.333     0.060     3.000         0
   36.553    11.358     0.060     3.000         0
   36.748    11.388     0.060     3.000         0
   36.966    11.400     0.060     3.000         0
   37.187    11.428     0.060     3.000         0
   37.408    11.440     0.060     3.000         0
   37.600    11.475     0.060     3.000         0
   37.821    11.498     0.060     3.000         0
   38.040    11.510     0.060     3.000         0
   38.242    11.526     0.060     3.000         0
   38.461    11.563     0.060     3.000         0
   38.682    11.566     0.060     3.000         0
   38.900    11.604     0.060     3.000         0
   39.095    11.609     0.060     3.000         0
   39.316    11.636     0.060     3.000         0
   39.536    11.674     0.060     3.000         0
   39.758    11.687     0.060     3.000         0
   39.976    11.704     0.060     3.000         0
   40.168    11.729     0.060     3.000         0
   40.389    11.741     0.060     3.000         0
   40.607    11.769     0.060     3.000         0
   40.828    11.796     0.060     3.000         0
   41.050    11.819     0.060     3.000         0
   41.242    11.859     0.060     3.000         0
   41.462    11.894     0.060     3.000         0
   41.683    11.934     0.060     3.000         0
   41.901    11.973     0.060     3.000         0
   42.105    12.000     0.060     3.000         0
   42.323    12.050     0.060     3.000         0
   42.518    12.085     0.060     3.000         0
   42.736    12.124     0.060     3.000         0
   42.930    12.159     0.060     3.000         0
   43.152    12.210     0.060     3.000         0
   43.344    12.229     0.060     3.000         0
   43.565    12.269     0.060     3.000         0
   43.757    12.304     0.060     3.000         0
   43.978    12.339     0.060     3.000         0
   44.196    12.394     0.060     3.000         0
   44.400    12.426     0.060     3.000         0
   44.620    12.454     0.060     3.000         0
   44.812    12.487     0.060     3.000         0
   45.033    12.545     0.060     3.000         0
   45.228    12.569     0.060     3.000         0
   45.447    12.576     0.060     3.000         0
   45.641    12.612     0.060     3.000         0
   45.860    12.625     0.060     3.000         0
   46.078    12.627     0.060     3.000         0
   46.281    12.654     0.060     3.000         0
   17.919     8.942     0.060     4.000         0
   18.111     8.979     0.060     4.000         0
   18.328     9.010     0.060     4.000         0
   18.522     9.047     0.060     4.000         0
   18.740     9.083     0.060     4.000         0
   18.932     9.115     0.060     4.000         0
   19.150     9.151     0.060     4.000         0
   19.345     9.178     0.060     4.000         0
   19.566     9.215     0.060     4.000         0
   19.767     9.243     0.060     4.000         0
   19.989     9.260     0.060     4.000         0
   20.181     9.292     0.060     4.000         0
   20.375     9.324     0.060     4.000         0
   20.596     9.361     0.060     4.000         0
   20.788     9.387     0.060     4.000         0
   20.992     9.441     0.060     4.000         0
   21.184     9.453     0.060     4.000         0
   21.405     9.485     0.060     4.000         0
   21.597     9.517     0.060     4.000         0
   21.792     9.549     0.060     4.000         0
   21.984     9.581     0.060     4.000         0
   22.187     9.614     0.060     4.000         0
   22.405     9.650     0.060     4.000         0
   22.600     9.678     0.060     4.000         0
   22.795     9.710     0.060     4.000         0
   23.014     9.741     0.060     4.000         0
   23.209     9.774     0.060     4.000         0
   23.409     9.822     0.060     4.000         0
   23.630     9.859     0.060     4.000         0
   23.822     9.890     0.060     4.000         0
   24.017     9.918     0.060     4.000         0
   24.212     9.945     0.060     4.000         0
   27.732    10.480     0.060     9.000         0
   27.950    10.483     0.060     9.000         0
   28.145    10.495     0.060     9.000         0
   28.363    10.504     0.060     9.000         0
   28.566    10.511     0.060     9.000         0
   28.784    10.521     0.060     9.000         0
   28.979    10.543     0.060     9.000         0
   29.197    10.558     0.060     9.000         0
   29.392    10.575     0.060     9.000         0
   29.587    10.602     0.060     9.000         0
   29.806    10.612     0.060     9.000         0
   30.026    10.642     0.060     9.000         0
   30.227    10.653     0.060     9.000         0
   30.448    10.691     0.060     9.000         0
   30.643    10.701     0.060     9.000         0
   30.861    10.729     0.060     9.000         0
   31.056    10.760     0.060     9.000         0
   31.274    10.762     0.060     9.000         0
   31.496    10.791     0.060     9.000         0
   31.688    10.816     0.060     9.000         0
   31.908    10.834     0.060     9.000         0
   32.100    10.849     0.060     9.000         0
   32.321    10.882     0.060     9.000         0
   32.542    10.904     0.060     9.000         0
   32.743    10.937     0.060     9.000         0
   32.964    10.969     0.060     9.000         0
   33.183    11.016     0.060     9.000         0
   33.403    11.037     0.060     9.000         0
   33.598    11.060     0.060     9.000         0
   33.816    11.096     0.060     9.000         0
   34.011    11.124     0.060     9.000         0
    0.000    -1.000     0.000         0
   -9.791     7.068     0.060     1.000         0
   -9.570     6.964     0.060     1.000         0
   -9.369     6.841     0.060     1.000         0
   -9.148     6.743     0.060     1.000         0
   -8.953     6.648     0.060     1.000         0
   -8.734     6.535     0.060     1.000         0
   -8.540     6.431     0.060     1.000         0
   -8.319     6.312     0.060     1.000         0
   -8.101     6.205     0.060     1.000         0
   -7.906     6.105     0.060     1.000         0
   -7.687     5.998     0.060     1.000         0
   -7.492     5.888     0.060     1.000         0
   -7.274     5.776     0.060     1.000         0
   -7.053     5.662     0.060     1.000         0
   -6.852     5.563     0.060     1.000         0
   -6.631     5.452     0.060     1.000         0
   -6.410     5.332     0.060     1.000         0
   -6.192     5.223     0.060     1.000         0
   -5.997     5.117     0.060     1.000         0
   -5.776     5.006     0.060     1.000         0
   -5.557     4.887     0.060     1.000         0
   -5.365     4.792     0.060     1.000         0
   -5.145     4.667     0.060     1.000         0
   -4.923     4.579     0.060     1.000         0
   -4.729     4.483     0.060     1.000         0
   -4.510     4.377     0.060     1.000         0
   -4.289     4.294     0.060     1.000         0
   -4.088     4.205     0.060     1.000         0
   -3.867     4.102     0.060     1.000         0
   -3.648     4.041     0.060     1.000         0
   -3.454     3.977     0.060     1.000         0
   -3.236     3.901     0.060     1.000         0
   -3.041     3.827     0.060     1.000         0
   -2.820     3.755     0.060     1.000         0
   -2.627     3.687     0.060     1.000         0
   -2.406     3.624     0.060     1.000         0
   -2.188     3.566     0.060     1.000         0
   -1.994     3.523     0.060     1.000         0
   -1.773     3.474     0.060     1.000         0
   -1.572     3.434     0.060     1.000         0
   -1.351     3.390     0.060     1.000         0
   -1.158     3.359     0.060     1.000         0
   -0.938     3.345     0.060     1.000         0
   -0.745     3.319     0.060     1.000         0
   -0.525     3.300     0.060     1.000         0
  -16.999     8.589     0.060     2.000         0
  -16.780     8.545     0.060     2.000         0
  -16.585     8.487     0.060     2.000         0
  -16.391     8.448     0.060     2.000         0
  -16.173     8.404     0.060     2.000         0
  -15.969     8.349     0.060     2.000         0
  -15.777     8.311     0.060     2.000         0
  -15.556     8.271     0.060     2.000         0
  -15.360     8.217     0.060     2.000         0
  -15.168     8.190     0.060     2.000         0
  -14.948     8.130     0.060     2.000         0
  -14.756     8.087     0.060     2.000         0
  -14.534     8.052     0.060     2.000         0
  -14.334     8.011     0.060     2.000         0
  -14.138     7.965     0.060     2.000         0
  -13.920     7.926     0.060     2.000         0
  -13.725     7.880     0.060     2.000         0
  -13.504     7.840     0.060     2.000         0
  -13.312     7.801     0.060     2.000         0
  -13.109     7.749     0.060     2.000         0
  -12.890     7.711     0.060     2.000         0
  -12.695     7.673     0.060     2.000         0
  -12.503     7.631     0.060     2.000         0
  -12.308     7.593     0.060     2.000         0
  -12.090     7.546     0.060     2.000         0
  -11.895     7.503     0.060     2.000         0
  -11.674     7.460     0.060     2.000         0
  -11.473     7.421     0.060     2.000         0
  -11.252     7.378     0.060     2.000         0
  -11.060     7.346     0.060     2.000         0
  -10.839     7.298     0.060     2.000         0
  -10.617     7.255     0.060     2.000         0
  -10.425     7.233     0.060     2.000         0
  -10.204     7.195     0.060     2.000         0
  -10.010     7.147     0.060     2.000         0
  -61.803    13.274     0.060     3.000         0
  -61.582    13.261     0.060     3.000         0
  -61.363    13.238     0.060     3.000         0
  -61.117    13.198     0.060     3.000         0
  -60.895    13.185     0.060     3.000         0
  -60.677    13.158     0.060     3.000         0
  -60.429    13.142     0.060     3.000         0
  -60.211    13.110     0.060     3.000         0
  -59.989    13.085     0.060     3.000         0
  -59.769    13.071     0.060     3.000         0
  -59.530    13.034     0.060     3.000         0
  -59.312    13.010     0.060     3.000         0
  -59.090    12.985     0.060     3.000         0
  -58.872    12.961     0.060     3.000         0
  -58.650    12.941     0.060     3.000         0
  -58.403    12.908     0.060     3.000         0
  -58.184    12.884     0.060     3.000         0
  -57.964    12.868     0.060     3.000         0
  -57.716    12.849     0.060     3.000         0
  -57.498    12.818     0.060     3.000         0
  -57.276    12.796     0.060     3.000         0
  -57.055    12.765     0.060     3.000         0
  -56.810    12.751     0.060     3.000         0
  -56.590    12.725     0.060     3.000         0
  -56.368    12.718     0.060     3.000         0
  -56.150    12.677     0.060     3.000         0
  -55.929    12.661     0.060     3.000         0
  -55.710    12.645     0.060     3.000         0
  -55.489    12.617     0.060     3.000         0
  -55.270    12.604     0.060     3.000         0
  -55.031    12.579     0.060     3.000         0
  -48.912    11.900     0.060     3.000         0
  -48.691    11.859     0.060     3.000         0
  -48.473    11.839     0.060     3.000         0
  -48.252    11.814     0.060     3.000         0
  -48.005    11.791     0.060     3.000         0
  -47.783    11.770     0.060     3.000         0
  -47.565    11.740     0.060     3.000         0
  -47.343    11.715     0.060     3.000         0
  -47.125    11.690     0.060     3.000         0
  -46.905    11.670     0.060     3.000         0
  -46.683    11.644     0.060     3.000         0
  -46.447    11.612     0.060     3.000         0
  -46.226    11.597     0.060     3.000         0
  -46.008    11.562     0.060     3.000         0
  -45.786    11.531     0.060     3.000         0
  -45.565    11.511     0.060     3.000         0
  -45.346    11.500     0.060     3.000         0
  -45.126    11.469     0.060     3.000         0
  -44.878    11.450     0.060     3.000         0
  -44.660    11.435     0.060     3.000         0
  -44.439    11.394     0.060     3.000         0
  -44.220    11.388     0.060     3.000         0
  -43.999    11.367     0.060     3.000         0
  -43.778    11.336     0.060     3.000         0
  -43.560    11.320     0.060     3.000         0
  -43.339    11.306     0.060     3.000         0
  -43.117    11.282     0.060     3.000         0
  -42.873    11.261     0.060     3.000         0
  -42.651    11.242     0.060     3.000         0
  -42.430    11.218     0.060     3.000         0
  -42.211    11.214     0.060     3.000         0
  -41.991    11.195     0.060     3.000         0
  -41.773    11.167     0.060     3.000         0
  -41.551    11.154     0.060     3.000         0
  -41.330    11.137     0.060     3.000         0
  -41.108    11.124     0.060     3.000         0
  -40.890    11.107     0.060     3.000         0
  -40.643    11.083     0.060     3.000         0
  -40.425    11.051     0.060     3.000         0
  -40.204    11.054     0.060     3.000         0
  -39.982    11.016     0.060     3.000         0
  -39.738    11.007     0.060     3.000         0
  -39.516    10.995     0.060     3.000         0
  -39.298    10.973     0.060     3.000         0
  -39.077    10.957     0.060     3.000         0
  -38.856    10.946     0.060     3.000         0
  -38.638    10.916     0.060     3.000         0
  -38.416    10.905     0.060     3.000         0
  -38.195    10.889     0.060     3.000         0
  -37.977    10.874     0.060     3.000         0
  -37.738    10.862     0.060     3.000         0
  -37.517    10.857     0.060     3.000         0
  -37.316    10.839     0.060     3.000         0
  -37.095    10.825     0.060     3.000         0
  -36.859    10.809     0.060     3.000         0
  -36.638    10.795     0.060     3.000         0
  -36.419    10.775     0.060     3.000         0
  -36.216    10.762     0.060     3.000         0
  -35.994    10.747     0.060     3.000         0
  -35.776    10.723     0.060     3.000         0
  -35.582    10.706     0.060     3.000         0
  -35.363    10.682     0.060     3.000         0
  -35.142    10.678     0.060     3.000         0
  -34.947    10.665     0.060     3.000         0
  -34.728    10.631     0.060     3.000         0
  -34.533    10.619     0.060     3.000         0
  -34.315    10.610     0.060     3.000         0
  -34.121    10.593     0.060     3.000         0
  -33.902    10.564     0.060     3.000         0
  -33.698    10.544     0.060     3.000         0
  -33.477    10.522     0.060     3.000         0
  -33.285    10.499     0.060     3.000         0
  -33.063    10.467     0.060     3.000         0
  -32.871    10.428     0.060     3.000         0
  -32.650    10.411     0.060     3.000         0
  -32.458    10.398     0.060     3.000         0
  -32.237    10.371     0.060     3.000         0
  -32.034    10.346     0.060     3.000         0
  -31.815    10.320     0.060     3.000         0
  -31.620    10.286     0.060     3.000         0
  -31.402    10.259     0.060     3.000         0
  -31.206    10.225     0.060     3.000         0
  -30.988    10.207     0.060     3.000         0
  -30.794    10.173     0.060     3.000         0
  -30.575    10.156     0.060     3.000         0
  -30.380    10.121     0.060     3.000         0
  -30.159    10.099     0.060     3.000         0
  -29.941    10.072     0.060     3.000         0
  -29.737    10.051     0.060     3.000         0
  -29.518    10.019     0.060     3.000         0
  -29.323    10.005     0.060     3.000         0
  -29.129     9.991     0.060     3.000         0
  -28.911     9.969     0.060     3.000         0
  -28.716     9.950     0.060     3.000         0
  -28.497     9.932     0.060     3.000         0
  -28.293     9.916     0.060     3.000         0
  -28.075     9.888     0.060     3.000         0
  -27.880     9.862     0.060     3.000         0
  -27.659     9.834     0.060     3.000         0
  -27.467     9.814     0.060     3.000         0
  -27.272     9.793     0.060     3.000         0
  -27.054     9.785     0.060     3.000         0
  -26.859     9.749     0.060     3.000         0
  -26.637     9.721     0.060     3.000         0
  -26.436     9.720     0.060     3.000         0
  -26.215     9.682     0.060     3.000         0
  -26.023     9.676     0.060     3.000         0
  -25.802     9.638     0.060     3.000         0
  -25.610     9.633     0.060     3.000         0
  -25.389     9.605     0.060     3.000         0
  -25.194     9.569     0.060     3.000         0
  -24.975     9.556     0.060     3.000         0
  -24.772     9.530     0.060     3.000         0
  -24.551     9.496     0.060     3.000         0
  -24.359     9.472     0.060     3.000         0
  -24.138     9.448     0.060     3.000         0
  -23.946     9.413     0.060     3.000         0
  -23.724     9.405     0.060     3.000         0
  -23.529     9.370     0.060     3.000         0
  -23.337     9.340     0.060     3.000         0
  -23.133     9.319     0.060     3.000         0
  -22.915     9.296     0.060     3.000         0
  -22.721     9.256     0.060     3.000         0
  -22.528     9.246     0.060     3.000         0
  -22.307     9.213     0.060     3.000         0
  -22.112     9.179     0.060     3.000         0
  -21.911     9.155     0.060     3.000         0
  -21.690     9.129     0.060     3.000         0
  -21.498     9.111     0.060     3.000         0
  -21.277     9.089     0.060     3.000         0
  -21.082     9.061     0.060     3.000         0
  -20.890     9.043     0.060     3.000         0
  -20.669     9.006     0.060     3.000         0
  -20.476     8.998     0.060     3.000         0
  -20.273     8.969     0.060     3.000         0
  -20.080     8.951     0.060     3.000         0
  -19.859     8.919     0.060     3.000         0
  -19.667     8.886     0.060     3.000         0
  -19.473     8.873     0.060     3.000         0
  -19.254     8.837     0.060     3.000         0
  -19.051     8.813     0.060     3.000         0
  -18.829     8.786     0.060     3.000         0
  -18.632     8.778     0.060     3.000         0
  -18.437     8.739     0.060     3.000         0
  -18.245     8.716     0.060     3.000         0
  -18.027     8.695     0.060     3.000         0
  -17.834     8.667     0.060     3.000         0
  -17.616     8.641     0.060     3.000         0
  -17.412     8.616     0.060     3.000         0
  -17.194     8.600     0.060     3.000         0
  -19.667     9.135     0.060     4.000         0
  -19.473     9.088     0.060     4.000         0
  -19.254     9.046     0.060     4.000         0
  -19.051     9.006     0.060     4.000         0
  -18.829     8.964     0.060     4.000         0
  -18.632     8.926     0.060     4.000         0
  -18.437     8.888     0.060     4.000         0
  -18.245     8.850     0.060     4.000         0
  -18.027     8.808     0.060     4.000         0
  -17.834     8.771     0.060     4.000         0
  -17.616     8.729     0.060     4.000         0
  -17.412     8.690     0.060     4.000         0
  -17.194     8.658     0.060     4.000         0
  -16.999     8.613     0.060     4.000         0
  -16.780     8.584     0.060     4.000         0
  -16.585     8.550     0.060     4.000         0
  -16.391     8.515     0.060     4.000         0
  -16.173     8.481     0.060     4.000         0
  -15.969     8.445     0.060     4.000         0
  -15.777     8.416     0.060     4.000         0
  -15.556     8.377     0.060     4.000         0
  -15.360     8.332     0.060     4.000         0
  -15.168     8.296     0.060     4.000         0
  -14.948     8.246     0.060     4.000         0
  -14.756     8.210     0.060     4.000         0
  -14.534     8.169     0.060     4.000         0
  -14.334     8.132     0.060     4.000         0
  -14.138     8.101     0.060     4.000         0
  -13.920     8.056     0.060     4.000         0
  -13.725     8.020     0.060     4.000         0
  -13.504     7.979     0.060     4.000         0
  -13.312     7.943     0.060     4.000         0
  -13.109     7.911     0.060     4.000         0
  -12.890     7.866     0.060     4.000         0
  -12.695     7.835     0.060     4.000         0
  -12.503     7.799     0.060     4.000         0
  -12.308     7.772     0.060     4.000         0
  -48.473    11.983     0.060     9.000         0
  -48.252    11.942     0.060     9.000         0
  -48.005    11.922     0.060     9.000         0
  -47.783    11.891     0.060     9.000         0
  -47.565    11.860     0.060     9.000         0
  -47.343    11.824     0.060     9.000         0
  -47.125    11.814     0.060     9.000         0
  -46.905    11.763     0.060     9.000         0
  -46.683    11.752     0.060     9.000         0
  -46.447    11.709     0.060     9.000         0
  -46.226    11.688     0.060     9.000         0
  -46.008    11.668     0.060     9.000         0
  -45.786    11.632     0.060     9.000         0
  -45.565    11.596     0.060     9.000         0
  -45.346    11.578     0.060     9.000         0
  -45.126    11.564     0.060     9.000         0
  -44.878    11.536     0.060     9.000         0
  -44.660    11.508     0.060     9.000         0
  -44.439    11.480     0.060     9.000         0
  -44.220    11.461     0.060     9.000         0
  -43.999    11.433     0.060     9.000         0
  -43.778    11.409     0.060     9.000         0
  -43.560    11.396     0.060     9.000         0
  -43.339    11.388     0.060     9.000         0
  -43.117    11.354     0.060     9.000         0
  -42.873    11.332     0.060     9.000         0
  -42.651    11.308     0.060     9.000         0
  -42.430    11.284     0.060     9.000         0
  -42.211    11.256     0.060     9.000         0
  -41.991    11.243     0.060     9.000         0
  -41.773    11.225     0.060     9.000         0
  -41.551    11.212     0.060     9.000         0
  -41.330    11.199     0.060     9.000         0
  -41.108    11.165     0.060     9.000         0
  -40.890    11.153     0.060     9.000         0
  -40.643    11.131     0.060     9.000         0
  -40.425    11.113     0.060     9.000         0
  -40.204    11.105     0.060     9.000         0
  -39.982    11.087     0.060     9.000         0
  -39.738    11.061     0.060     9.000         0
  -39.516    11.048     0.060     9.000         0
  -39.298    11.030     0.060     9.000         0
  -39.077    11.022     0.060     9.000         0
  -38.856    10.999     0.060     9.000         0
  -38.638    10.981     0.060     9.000         0
  -38.416    10.977     0.060     9.000         0
  -38.195    10.964     0.060     9.000         0
  -37.977    10.942     0.060     9.000         0
  -37.738    10.921     0.060     9.000         0
  -37.517    10.897     0.060     9.000         0
  -37.316    10.883     0.060     9.000         0
  -37.095    10.879     0.060     9.000         0
  -36.859    10.863     0.060     9.000         0
  -36.638    10.842     0.060     9.000         0
  -36.419    10.830     0.060     9.000         0
  -36.216    10.811     0.060     9.000         0
  -35.994    10.789     0.060     9.000         0
  -35.776    10.748     0.060     9.000         0
  -35.582    10.739     0.060     9.000         0
  -35.363    10.729     0.060     9.000         0
  -35.142    10.719     0.060     9.000         0
  -34.947    10.710     0.060     9.000         0
  -34.728    10.709     0.060     9.000         0
  -34.533    10.691     0.060     9.000         0
  -34.315    10.670     0.060     9.000         0
  -34.121    10.647     0.060     9.000         0
  -33.902    10.600     0.060     9.000         0
  -33.698    10.586     0.060     9.000         0
  -33.477    10.550     0.060     9.000         0
  -33.285    10.547     0.060     9.000         0
  -33.063    10.510     0.060     9.000         0
  -32.871    10.501     0.060     9.000         0
  -32.650    10.491     0.060     9.000         0
  -32.458    10.491     0.060     9.000         0
  -32.237    10.471     0.060     9.000         0
  -32.034    10.461     0.060     9.000         0
  -31.815    10.441     0.060     9.000         0
  -31.620    10.438     0.060     9.000         0
  -31.402    10.428     0.060     9.000         0
  -31.206    10.409     0.060     9.000         0
  -30.988    10.399     0.060     9.000         0
  -30.794    10.366     0.060     9.000         0
  -30.575    10.360     0.060     9.000         0
  -30.380    10.359     0.060     9.000         0
  -30.159    10.362     0.060     9.000         0
  -29.941    10.365     0.060     9.000         0
  -29.737    10.353     0.060     9.000         0
    0.000     0.000     0.000        -1
