    0.000     1.000     0.000         0
    2.236     3.583     0.060     1.000         0
    2.455     3.610     0.060     1.000         0
    2.648     3.669     0.060     1.000         0
    2.867     3.736     0.060     1.000         0
    3.061     3.808     0.060     1.000         0
    3.255     3.891     0.060     1.000         0
    3.474     3.972     0.060     1.000         0
    3.676     4.055     0.060     1.000         0
    3.869     4.126     0.060     1.000         0
    4.090     4.192     0.060     1.000         0
    4.284     4.271     0.060     1.000         0
    4.477     4.353     0.060     1.000         0
    4.697     4.448     0.060     1.000         0
    4.889     4.541     0.060     1.000         0
    5.110     4.640     0.060     1.000         0
    5.311     4.740     0.060     1.000         0
    5.506     4.846     0.060     1.000         0
    5.725     4.947     0.060     1.000         0
    5.919     5.051     0.060     1.000         0
    6.140     5.154     0.060     1.000         0
    6.332     5.262     0.060     1.000         0
    6.535     5.365     0.060     1.000         0
    6.754     5.472     0.060     1.000         0
    6.948     5.577     0.060     1.000         0
    7.141     5.682     0.060     1.000         0
    7.335     5.764     0.060     1.000         0
    7.554     5.874     0.060     1.000         0
    7.749     5.981     0.060     1.000         0
    7.969     6.100     0.060     1.000         0
    8.170     6.216     0.060     1.000         0
    8.391     6.343     0.060     1.000         0
    8.584     6.463     0.060     1.000         0
    8.805     6.590     0.060     1.000         0
    9.026     6.645     0.060     2.000         0
    9.218     6.696     0.060     2.000         0
    9.439     6.745     0.060     2.000         0
    9.633     6.784     0.060     2.000         0
    9.852     6.829     0.060     2.000         0
   10.073     6.872     0.060     2.000         0
   10.274     6.910     0.060     2.000         0
   10.495     6.965     0.060     2.000         0
   10.690     7.010     0.060     2.000         0
   10.908     7.060     0.060     2.000         0
   11.102     7.104     0.060     2.000         0
   11.323     7.155     0.060     2.000         0
   11.542     7.203     0.060     2.000         0
   11.737     7.261     0.060     2.000         0
   11.955     7.312     0.060     2.000         0
   12.150     7.358     0.060     2.000         0
   12.369     7.409     0.060     2.000         0
   12.590     7.453     0.060     2.000         0
   12.791     7.509     0.060     2.000         0
   13.011     7.562     0.060     2.000         0
   13.232     7.599     0.060     2.000         0
   13.451     7.667     0.060     2.000         0
   13.646     7.714     0.060     2.000         0
   13.867     7.759     0.060     2.000         0
   14.085     7.814     0.060     2.000         0
   14.278     7.862     0.060     2.000         0
   14.498     7.922     0.060     2.000         0
   14.719     7.998     0.060     2.000         0
   14.914     8.043     0.060     2.000         0
   15.132     8.090     0.060     2.000         0
   15.353     8.145     0.060     2.000         0
   15.554     8.196     0.060     2.000         0
   15.776     8.264     0.060     2.000         0
   15.994     8.307     0.060     2.000         0
   16.188     8.355     0.060     2.000         0
   16.407     8.427     0.060     2.000         0
   16.602     8.476     0.060     2.000         0
   16.823     8.523     0.060     2.000         0
   17.015     8.571     0.060     2.000         0
   17.236     8.627     0.060     2.000         0
   17.649     8.684     0.060     3.000         0
   17.870     8.716     0.060     3.000         0
   18.071     8.752     0.060     3.000         0
   18.292     8.780     0.060     3.000         0
   18.484     8.811     0.060     3.000         0
   18.705     8.839     0.060     3.000         0
   18.898     8.867     0.060     3.000         0
   19.119     8.894     0.060     3.000         0
   19.318     8.912     0.060     3.000         0
   19.523     8.938     0.060     3.000         0
   19.745     8.983     0.060     3.000         0
   19.934     8.991     0.060     3.000         0
   20.153     9.024     0.060     3.000         0
   20.371     9.052     0.060     3.000         0
   20.590     9.092     0.060     3.000         0
   20.808     9.112     0.060     3.000         0
   21.029     9.143     0.060     3.000         0
   21.248     9.149     0.060     3.000         0
   21.469     9.188     0.060     3.000         0
   21.661     9.207     0.060     3.000         0
   21.882     9.214     0.060     3.000         0
   22.075     9.250     0.060     3.000         0
   22.296     9.272     0.060     3.000         0
   22.516     9.287     0.060     3.000         0
   22.734     9.317     0.060     3.000         0
   22.929     9.359     0.060     3.000         0
   23.150     9.390     0.060     3.000         0
   23.369     9.444     0.060     3.000         0
   23.572     9.467     0.060     3.000         0
   23.791     9.501     0.060     3.000         0
   23.985     9.543     0.060     3.000         0
   24.204     9.581     0.060     3.000         0
   24.398     9.595     0.060     3.000         0
   24.619     9.625     0.060     3.000         0
   24.812     9.655     0.060     3.000         0
   25.033     9.677     0.060     3.000         0
   25.234     9.716     0.060     3.000         0
   25.455     9.742     0.060     3.000         0
   25.673     9.770     0.060     3.000         0
   25.868     9.795     0.060     3.000         0
   26.089     9.819     0.060     3.000         0
   26.281     9.840     0.060     3.000         0
   26.502     9.864     0.060     3.000         0
   26.723     9.888     0.060     3.000         0
   26.915     9.893     0.060     3.000         0
   27.136     9.917     0.060     3.000         0
   27.354     9.949     0.060     3.000         0
   27.549     9.976     0.060     3.000         0
   27.767     9.994     0.060     3.000         0
   27.971    10.014     0.060     3.000         0
   28.190    10.041     0.060     3.000         0
   28.411    10.067     0.060     3.000         0
   28.606    10.090     0.060     3.000         0
   28.824    10.133     0.060     3.000         0
   29.018    10.156     0.060     3.000         0
   29.237    10.166     0.060     3.000         0
   29.237    10.182     0.060     3.000         0
   29.653    10.220     0.060     3.000         0
   29.871    10.246     0.060     3.000         0
   30.092    10.284     0.060     3.000         0
   30.312    10.303     0.060     3.000         0
   30.531    10.335     0.060     3.000         0
   30.752    10.343     0.060     3.000         0
   30.970    10.367     0.060     3.000         0
   31.191    10.391     0.060     3.000         0
   31.395    10.413     0.060     3.000         0
   31.614    10.437     0.060     3.000         0
   31.808    10.458     0.060     3.000         0
   32.027    10.490     0.060     3.000         0
   32.221    10.515     0.060     3.000         0
   32.439    10.560     0.060     3.000         0
   32.634    10.590     0.060     3.000         0
   32.855    10.615     0.060     3.000         0
   33.048    10.653     0.060     3.000         0
   33.251    10.667     0.060     3.000         0
   33.470    10.716     0.060     3.000         0
   33.664    10.746     0.060     3.000         0
   33.859    10.775     0.060     3.000         0
   34.077    10.792     0.060     3.000         0
   34.272    10.830     0.060     3.000         0
   34.490    10.849     0.060     3.000         0
   34.694    10.876     0.060     3.000         0
   34.886    10.904     0.060     3.000         0
   35.107    10.944     0.060     3.000         0
   35.300    10.953     0.060     3.000         0
   35.496    10.978     0.060     3.000         0
   35.691    11.003     0.060     3.000         0
   35.895    11.029     0.060     3.000         0
   36.115    11.061     0.060     3.000         0
   36.310    11.082     0.060     3.000         0
   36.505    11.115     0.060     3.000         0
   36.726    11.157     0.060     3.000         0
   36.923    11.187     0.060     3.000         0
   37.144    11.210     0.060     3.000         0
   37.342    11.252     0.060     3.000         0
   37.561    11.286     0.060     3.000         0
   37.753    11.316     0.060     3.000         0
   37.969    11.333     0.060     3.000         0
   38.163    11.379     0.060     3.000         0
   38.382    11.405     0.060     3.000         0
   38.574    11.425     0.060     3.000         0
   38.792    11.474     0.060     3.000         0
   38.987    11.503     0.060     3.000         0
   39.208    11.521     0.060     3.000         0
   39.409    11.555     0.060     3.000         0
   39.630    11.600     0.060     3.000         0
   39.823    11.613     0.060     3.000         0
   40.017    11.642     0.060     3.000         0
   40.238    11.683     0.060     3.000         0
   40.430    11.720     0.060     3.000         0
   40.634    11.751     0.060     3.000         0
   40.826    11.771     0.060     3.000         0
   16.188     8.479     0.060     4.000         0
   16.407     8.520     0.060     4.000         0
   16.602     8.547     0.060     4.000         0
   16.823     8.586     0.060     4.000         0
   17.015     8.632     0.060     4.000         0
   17.236     8.667     0.060     4.000         0
   17.455     8.708     0.060     4.000         0
   17.649     8.736     0.060     4.000         0
   17.870     8.773     0.060     4.000         0
   18.071     8.823     0.060     4.000         0
   18.292     8.865     0.060     4.000         0
   18.484     8.910     0.060     4.000         0
   18.705     8.948     0.060     4.000         0
   18.898     8.996     0.060     4.000         0
   19.119     9.035     0.060     4.000         0
   19.318     9.068     0.060     4.000         0
   19.523     9.128     0.060     4.000         0
   19.745     9.158     0.060     4.000         0
   19.934     9.214     0.060     4.000         0
   20.153     9.252     0.060     4.000         0
   20.371     9.297     0.060     4.000         0
   20.590     9.351     0.060     4.000         0
   20.808     9.397     0.060     4.000         0
   21.029     9.444     0.060     4.000         0
   21.248     9.474     0.060     4.000         0
   21.469     9.536     0.060     4.000         0
   21.661     9.568     0.060     4.000         0
   21.882     9.619     0.060     4.000         0
   22.075     9.663     0.060     4.000         0
   22.296     9.710     0.060     4.000         0
   22.516     9.740     0.060     4.000         0
   22.734     9.793     0.060     4.000         0
   23.369     9.721     0.060     9.000         0
   23.572     9.743     0.060     9.000         0
   23.791     9.771     0.060     9.000         0
   23.985     9.775     0.060     9.000         0
   24.204     9.799     0.060     9.000         0
   24.398     9.819     0.060     9.000         0
   24.619     9.843     0.060     9.000         0
   24.812     9.879     0.060     9.000         0
   25.033     9.903     0.060     9.000         0
   25.234     9.904     0.060     9.000         0
   25.455     9.928     0.060     9.000         0
   25.673     9.952     0.060     9.000         0
   25.868     9.988     0.060     9.000         0
   26.089     9.996     0.060     9.000         0
   26.281    10.016     0.060     9.000         0
   26.502    10.036     0.060     9.000         0
   26.723    10.061     0.060     9.000         0
   26.915    10.096     0.060     9.000         0
   27.136    10.109     0.060     9.000         0
   27.354    10.124     0.060     9.000         0
   27.549    10.161     0.060     9.000         0
   27.767    10.184     0.060     9.000         0
   27.971    10.206     0.060     9.000         0
   28.190    10.230     0.060     9.000         0
   28.411    10.250     0.060     9.000         0
   28.606    10.270     0.060     9.000         0
   28.824    10.286     0.060     9.000         0
   29.018    10.314     0.060     9.000         0
   29.237    10.338     0.060     9.000         0
   29.237    10.338     0.060     9.000         0
   29.653    10.362     0.060     9.000         0
   29.871    10.386     0.060     9.000         0
   30.092    10.410     0.060     9.000         0
   30.312    10.450     0.060     9.000         0
   30.531    10.454     0.060     9.000         0
   30.752    10.478     0.060     9.000         0
   30.970    10.517     0.060     9.000         0
   31.191    10.521     0.060     9.000         0
   31.395    10.559     0.060     9.000         0
   31.614    10.579     0.060     9.000         0
   31.808    10.587     0.060     9.000         0
   32.027    10.611     0.060     9.000         0
   32.221    10.631     0.060     9.000         0
   32.439    10.659     0.060     9.000         0
   32.634    10.694     0.060     9.000         0
   32.855    10.711     0.060     9.000         0
   33.048    10.754     0.060     9.000         0
   33.251    10.779     0.060     9.000         0
   33.470    10.799     0.060     9.000         0
   33.664    10.843     0.060     9.000         0
   33.859    10.870     0.060     9.000         0
   34.077    10.894     0.060     9.000         0
   34.272    10.918     0.060     9.000         0
   34.490    10.942     0.060     9.000         0
   34.694    10.971     0.060     9.000         0
   34.886    10.998     0.060     9.000         0
   35.107    11.047     0.060     9.000         0
   35.300    11.058     0.060     9.000         0
   35.496    11.102     0.060     9.000         0
   35.691    11.113     0.060     9.000         0
   35.895    11.155     0.060     9.000         0
   36.115    11.175     0.060     9.000         0
   36.310    11.199     0.060     9.000         0
   36.505    11.226     0.060     9.000         0
   36.726    11.259     0.060     9.000         0
   36.923    11.295     0.060     9.000         0
   37.144    11.327     0.060     9.000         0
   37.342    11.347     0.060     9.000         0
   37.561    11.379     0.060     9.000         0
   37.753    11.407     0.060     9.000         0
   37.969    11.438     0.060     9.000         0
   38.163    11.462     0.060     9.000         0
   38.382    11.490     0.060     9.000         0
   38.574    11.533     0.060     9.000         0
   38.792    11.561     0.060     9.000         0
   38.987    11.584     0.060     9.000         0
   39.208    11.625     0.060     9.000         0
   39.409    11.654     0.060     9.000         0
   39.630    11.682     0.060     9.000         0
   39.823    11.705     0.060     9.000         0
   40.017    11.737     0.060     9.000         0
   40.238    11.769     0.060     9.000         0
   40.430    11.780     0.060     9.000         0
   40.634    11.818     0.060     9.000         0
    0.000    -1.000     0.000         0
   -8.239     6.265     0.060     1.000         0
   -8.019     6.145     0.060     1.000         0
   -7.827     6.032     0.060     1.000         0
   -7.632     5.926     0.060     1.000         0
   -7.414     5.807     0.060     1.000         0
   -7.219     5.701     0.060     1.000         0
   -6.997     5.580     0.060     1.000         0
   -6.797     5.471     0.060     1.000         0
   -6.575     5.350     0.060     1.000         0
   -6.383     5.245     0.060     1.000         0
   -6.163     5.133     0.060     1.000         0
   -5.971     5.027     0.060     1.000         0
   -5.750     4.919     0.060     1.000         0
   -5.554     4.818     0.060     1.000         0
   -5.337     4.712     0.060     1.000         0
   -5.132     4.620     0.060     1.000         0
   -4.912     4.546     0.060     1.000         0
   -4.721     4.464     0.060     1.000         0
   -4.499     4.377     0.060     1.000         0
   -4.308     4.294     0.060     1.000         0
   -4.086     4.200     0.060     1.000         0
   -3.890     4.123     0.060     1.000         0
   -3.699     4.047     0.060     1.000         0
   -3.495     3.971     0.060     1.000         0
   -3.278     3.895     0.060     1.000         0
   -3.083     3.826     0.060     1.000         0
   -2.893     3.755     0.060     1.000         0
   -2.671     3.693     0.060     1.000         0
   -2.475     3.630     0.060     1.000         0
   -2.276     3.567     0.060     1.000         0
   -2.054     3.509     0.060     1.000         0
   -1.864     3.452     0.060     1.000         0
   -1.645     3.403     0.060     1.000         0
   -1.449     3.366     0.060     1.000         0
   -1.261     3.330     0.060     1.000         0
   -1.040     3.300     0.060     1.000         0
   -0.854     3.276     0.060     1.000         0
   -0.652     3.251     0.060     1.000         0
   -0.476     3.236     0.060     1.000         0
   -0.276     3.227     0.060     1.000         0
   -0.189     3.222     0.060     1.000         0
   -0.248     3.231     0.060     1.000         0
   -0.436     3.237     0.060     1.000         0
   -0.619     3.252     0.060     1.000         0
   -0.830     3.270     0.060     1.000         0
   -1.018     3.296     0.060     1.000         0
   -1.210     3.325     0.060     1.000         0
   -1.403     3.362     0.060     1.000         0
   -1.622     3.399     0.060     1.000         0
   -1.815     3.447     0.060     1.000         0
   -2.034     3.512     0.060     1.000         0
  -18.335     8.092     0.060     2.000         0
  -18.096     8.062     0.060     2.000         0
  -17.876     8.011     0.060     2.000         0
  -17.675     7.986     0.060     2.000         0
  -17.453     7.959     0.060     2.000         0
  -17.218     7.905     0.060     2.000         0
  -16.996     7.885     0.060     2.000         0
  -16.778     7.850     0.060     2.000         0
  -16.574     7.818     0.060     2.000         0
  -16.353     7.766     0.060     2.000         0
  -16.134     7.743     0.060     2.000         0
  -15.940     7.700     0.060     2.000         0
  -15.722     7.673     0.060     2.000         0
  -15.500     7.637     0.060     2.000         0
  -15.305     7.596     0.060     2.000         0
  -15.087     7.570     0.060     2.000         0
  -14.892     7.525     0.060     2.000         0
  -14.674     7.503     0.060     2.000         0
  -14.479     7.461     0.060     2.000         0
  -14.261     7.428     0.060     2.000         0
  -14.057     7.389     0.060     2.000         0
  -13.836     7.330     0.060     2.000         0
  -13.644     7.310     0.060     2.000         0
  -13.422     7.267     0.060     2.000         0
  -13.230     7.231     0.060     2.000         0
  -13.009     7.189     0.060     2.000         0
  -12.817     7.144     0.060     2.000         0
  -12.596     7.107     0.060     2.000         0
  -12.392     7.066     0.060     2.000         0
  -12.174     7.021     0.060     2.000         0
  -11.979     6.982     0.060     2.000         0
  -11.761     6.938     0.060     2.000         0
  -11.565     6.882     0.060     2.000         0
  -11.347     6.838     0.060     2.000         0
  -11.153     6.798     0.060     2.000         0
  -10.935     6.754     0.060     2.000         0
  -10.740     6.715     0.060     2.000         0
  -10.518     6.674     0.060     2.000         0
  -10.300     6.633     0.060     2.000         0
  -10.096     6.592     0.060     2.000         0
   -9.878     6.550     0.060     2.000         0
   -9.683     6.517     0.060     2.000         0
   -9.488     6.487     0.060     2.000         0
   -9.270     6.450     0.060     2.000         0
   -9.075     6.416     0.060     2.000         0
   -8.857     6.384     0.060     2.000         0
   -8.653     6.349     0.060     2.000         0
   -8.435     6.321     0.060     2.000         0
  -38.322    10.286     0.060     3.000         0
  -38.074    10.258     0.060     3.000         0
  -37.855    10.231     0.060     3.000         0
  -37.634    10.215     0.060     3.000         0
  -37.413    10.199     0.060     3.000         0
  -37.168    10.168     0.060     3.000         0
  -36.948    10.148     0.060     3.000         0
  -36.726    10.132     0.060     3.000         0
  -36.508    10.097     0.060     3.000         0
  -36.286    10.069     0.060     3.000         0
  -36.068    10.061     0.060     3.000         0
  -35.846    10.041     0.060     3.000         0
  -35.628    10.010     0.060     3.000         0
  -35.389     9.977     0.060     3.000         0
  -35.169     9.942     0.060     3.000         0
  -34.950     9.912     0.060     3.000         0
  -34.729     9.882     0.060     3.000         0
  -34.507     9.863     0.060     3.000         0
  -34.289     9.825     0.060     3.000         0
  -34.041     9.790     0.060     3.000         0
  -33.823     9.780     0.060     3.000         0
  -33.603     9.734     0.060     3.000         0
  -33.355     9.703     0.060     3.000         0
  -33.137     9.689     0.060     3.000         0
  -32.915     9.658     0.060     3.000         0
  -32.668     9.611     0.060     3.000         0
  -32.449     9.593     0.060     3.000         0
  -32.228     9.559     0.060     3.000         0
  -32.009     9.526     0.060     3.000         0
  -31.763     9.509     0.060     3.000         0
  -31.541     9.480     0.060     3.000         0
  -31.320     9.440     0.060     3.000         0
  -31.084     9.408     0.060     3.000         0
  -30.863     9.395     0.060     3.000         0
  -30.644     9.371     0.060     3.000         0
  -30.424     9.326     0.060     3.000         0
  -30.176     9.313     0.060     3.000         0
  -29.958     9.273     0.060     3.000         0
  -29.736     9.252     0.060     3.000         0
  -29.492     9.227     0.060     3.000         0
  -29.270     9.182     0.060     3.000         0
  -29.049     9.153     0.060     3.000         0
  -28.831     9.133     0.060     3.000         0
  -28.610     9.116     0.060     3.000         0
  -28.363     9.087     0.060     3.000         0
  -28.141     9.058     0.060     3.000         0
  -27.923     9.029     0.060     3.000         0
  -27.701     8.996     0.060     3.000         0
  -27.483     8.960     0.060     3.000         0
  -27.263     8.947     0.060     3.000         0
  -27.041     8.910     0.060     3.000         0
  -26.805     8.889     0.060     3.000         0
  -26.584     8.890     0.060     3.000         0
  -26.366     8.874     0.060     3.000         0
  -26.144     8.859     0.060     3.000         0
  -25.923     8.847     0.060     3.000         0
  -25.704     8.832     0.060     3.000         0
  -25.484     8.820     0.060     3.000         0
  -25.236     8.798     0.060     3.000         0
  -25.018     8.771     0.060     3.000         0
  -24.797     8.767     0.060     3.000         0
  -24.578     8.750     0.060     3.000         0
  -24.357     8.716     0.060     3.000         0
  -24.136     8.690     0.060     3.000         0
  -23.918     8.677     0.060     3.000         0
  -23.697     8.635     0.060     3.000         0
  -23.475     8.613     0.060     3.000         0
  -23.231     8.592     0.060     3.000         0
  -23.009     8.558     0.060     3.000         0
  -22.788     8.536     0.060     3.000         0
  -22.570     8.511     0.060     3.000         0
  -22.349     8.501     0.060     3.000         0
  -22.131     8.463     0.060     3.000         0
  -21.909     8.454     0.060     3.000         0
  -21.688     8.412     0.060     3.000         0
  -21.466     8.402     0.060     3.000         0
  -21.248     8.372     0.060     3.000         0
  -21.002     8.347     0.060     3.000         0
  -20.783     8.321     0.060     3.000         0
  -20.562     8.299     0.060     3.000         0
  -20.340     8.276     0.060     3.000         0
  -20.096     8.263     0.060     3.000         0
  -19.875     8.249     0.060     3.000         0
  -19.656     8.211     0.060     3.000         0
  -19.435     8.209     0.060     3.000         0
  -19.214     8.179     0.060     3.000         0
  -21.002     8.546     0.060     4.000         0
  -20.783     8.521     0.060     4.000         0
  -20.562     8.468     0.060     4.000         0
  -20.340     8.430     0.060     4.000         0
  -20.096     8.405     0.060     4.000         0
  -19.875     8.351     0.060     4.000         0
  -19.656     8.322     0.060     4.000         0
  -19.435     8.282     0.060     4.000         0
  -19.214     8.265     0.060     4.000         0
  -18.996     8.232     0.060     4.000         0
  -18.775     8.200     0.060     4.000         0
  -18.553     8.167     0.060     4.000         0
  -18.335     8.126     0.060     4.000         0
  -18.096     8.100     0.060     4.000         0
  -17.876     8.054     0.060     4.000         0
  -17.675     8.026     0.060     4.000         0
  -17.453     7.995     0.060     4.000         0
  -17.218     7.961     0.060     4.000         0
  -16.996     7.930     0.060     4.000         0
  -16.778     7.900     0.060     4.000         0
  -16.574     7.887     0.060     4.000         0
  -16.353     7.856     0.060     4.000         0
  -16.134     7.826     0.060     4.000         0
  -15.940     7.799     0.060     4.000         0
  -15.722     7.768     0.060     4.000         0
  -15.500     7.729     0.060     4.000         0
  -37.855    10.347     0.060     9.000         0
  -37.634    10.316     0.060     9.000         0
  -37.413    10.293     0.060     9.000         0
  -37.168    10.270     0.060     9.000         0
  -36.948    10.247     0.060     9.000         0
  -36.726    10.228     0.060     9.000         0
  -36.508    10.206     0.060     9.000         0
  -36.286    10.198     0.060     9.000         0
  -36.068    10.164     0.060     9.000         0
  -35.846    10.157     0.060     9.000         0
  -35.628    10.134     0.060     9.000         0
  -35.389    10.104     0.060     9.000         0
  -35.169    10.090     0.060     9.000         0
  -34.950    10.068     0.060     9.000         0
  -34.729    10.029     0.060     9.000         0
  -34.507    10.027     0.060     9.000         0
  -34.289    10.004     0.060     9.000         0
  -34.041     9.978     0.060     9.000         0
  -33.823     9.944     0.060     9.000         0
  -33.603     9.938     0.060     9.000         0
  -33.355     9.916     0.060     9.000         0
  -33.137     9.885     0.060     9.000         0
  -32.915     9.855     0.060     9.000         0
  -32.668     9.840     0.060     9.000         0
  -32.449     9.810     0.060     9.000         0
  -32.228     9.807     0.060     9.000         0
  -32.009     9.769     0.060     9.000         0
  -31.763     9.747     0.060     9.000         0
  -31.541     9.724     0.060     9.000         0
  -31.320     9.701     0.060     9.000         0
  -31.084     9.676     0.060     9.000         0
  -30.863     9.666     0.060     9.000         0
  -30.644     9.635     0.060     9.000         0
  -30.424     9.613     0.060     9.000         0
  -30.176     9.590     0.060     9.000         0
  -29.958     9.584     0.060     9.000         0
  -29.736     9.561     0.060     9.000         0
  -29.492     9.523     0.060     9.000         0
  -29.270     9.508     0.060     9.000         0
    0.000     0.000     0.000        -1
