    0.000     1.000     0.000         0
    0.509     2.800     0.060     1.000         0
    0.731     2.825     0.060     1.000         0
    0.949     2.849     0.060     1.000         0
    1.188     2.889     0.060     1.000         0
    1.408     2.933     0.060     1.000         0
    1.609     2.980     0.060     1.000         0
    1.830     3.037     0.060     1.000         0
    2.067     3.097     0.060     1.000         0
    2.288     3.169     0.060     1.000         0
    2.506     3.261     0.060     1.000         0
    2.710     3.331     0.060     1.000         0
    2.931     3.420     0.060     1.000         0
    3.150     3.504     0.060     1.000         0
    3.344     3.585     0.060     1.000         0
    3.563     3.684     0.060     1.000         0
    3.784     3.775     0.060     1.000         0
    3.979     3.863     0.060     1.000         0
    4.197     3.961     0.060     1.000         0
    4.392     4.056     0.060     1.000         0
    4.611     4.161     0.060     1.000         0
    4.805     4.254     0.060     1.000         0
    5.024     4.338     0.060     1.000         0
    5.227     4.431     0.060     1.000         0
    5.449     4.541     0.060     1.000         0
    5.641     4.649     0.060     1.000         0
    5.862     4.760     0.060     1.000         0
    6.054     4.872     0.060     1.000         0
    6.276     4.987     0.060     1.000         0
    6.468     5.106     0.060     1.000         0
    6.688     5.217     0.060     1.000         0
    6.892     5.339     0.060     1.000         0
    7.111     5.461     0.060     1.000         0
    7.306     5.577     0.060     1.000         0
    7.524     5.699     0.060     1.000         0
    7.719     5.816     0.060     1.000         0
    7.938     5.938     0.060     1.000         0
    8.132     6.058     0.060     1.000         0
    8.350     6.100     0.060     2.000         0
    8.545     6.143     0.060     2.000         0
    8.767     6.199     0.060     2.000         0
    8.985     6.242     0.060     2.000         0
    9.189     6.290     0.060     2.000         0
    9.407     6.329     0.060     2.000         0
    9.602     6.385     0.060     2.000         0
    9.797     6.433     0.060     2.000         0
   10.015     6.479     0.060     2.000         0
   10.210     6.531     0.060     2.000         0
   10.429     6.573     0.060     2.000         0
   10.632     6.631     0.060     2.000         0
   10.851     6.682     0.060     2.000         0
   11.046     6.728     0.060     2.000         0
   11.266     6.759     0.060     2.000         0
   11.459     6.800     0.060     2.000         0
   11.654     6.850     0.060     2.000         0
   11.872     6.904     0.060     2.000         0
   12.067     6.959     0.060     2.000         0
   12.288     7.033     0.060     2.000         0
   12.489     7.086     0.060     2.000         0
   12.711     7.134     0.060     2.000         0
   12.903     7.182     0.060     2.000         0
   13.123     7.237     0.060     2.000         0
   13.315     7.282     0.060     2.000         0
   13.537     7.334     0.060     2.000         0
   13.732     7.384     0.060     2.000         0
   13.950     7.440     0.060     2.000         0
   14.154     7.491     0.060     2.000         0
   14.374     7.548     0.060     2.000         0
   14.567     7.597     0.060     2.000         0
   14.788     7.669     0.060     2.000         0
   14.980     7.718     0.060     2.000         0
   15.201     7.774     0.060     2.000         0
   15.396     7.824     0.060     2.000         0
   15.589     7.873     0.060     2.000         0
   15.792     7.924     0.060     2.000         0
   16.011     7.980     0.060     2.000         0
   16.205     8.025     0.060     2.000         0
   16.397     8.076     0.060     2.000         0
   17.843     8.352     0.060     3.000         0
   18.036     8.374     0.060     3.000         0
   18.257     8.417     0.060     3.000         0
   18.449     8.436     0.060     3.000         0
   18.653     8.464     0.060     3.000         0
   18.845     8.494     0.060     3.000         0
   19.066     8.525     0.060     3.000         0
   19.259     8.567     0.060     3.000         0
   19.453     8.586     0.060     3.000         0
   19.671     8.617     0.060     3.000         0
   19.875     8.657     0.060     3.000         0
   20.096     8.694     0.060     3.000         0
   20.293     8.731     0.060     3.000         0
   20.488     8.743     0.060     3.000         0
   20.681     8.791     0.060     3.000         0
   20.899     8.807     0.060     3.000         0
   21.091     8.839     0.060     3.000         0
   21.310     8.876     0.060     3.000         0
   21.513     8.906     0.060     3.000         0
   21.732     8.938     0.060     3.000         0
   21.927     8.983     0.060     3.000         0
   22.145     9.003     0.060     3.000         0
   22.340     9.035     0.060     3.000         0
   22.534     9.064     0.060     3.000         0
   22.753     9.116     0.060     3.000         0
   22.957     9.130     0.060     3.000         0
   23.149     9.178     0.060     3.000         0
   23.370     9.195     0.060     3.000         0
   23.565     9.235     0.060     3.000         0
   23.757     9.271     0.060     3.000         0
   23.978     9.293     0.060     3.000         0
   24.170     9.341     0.060     3.000         0
   32.294    10.593     0.060     3.000         0
   32.515    10.628     0.060     3.000         0
   32.734    10.642     0.060     3.000         0
   32.929    10.681     0.060     3.000         0
   33.150    10.696     0.060     3.000         0
   33.368    10.739     0.060     3.000         0
   33.561    10.749     0.060     3.000         0
   33.781    10.784     0.060     3.000         0
   34.002    10.805     0.060     3.000         0
   34.197    10.849     0.060     3.000         0
   34.416    10.877     0.060     3.000         0
   34.637    10.894     0.060     3.000         0
   34.838    10.935     0.060     3.000         0
   35.059    10.967     0.060     3.000         0
   35.277    10.987     0.060     3.000         0
   35.471    11.018     0.060     3.000         0
   35.690    11.067     0.060     3.000         0
   35.885    11.092     0.060     3.000         0
   36.106    11.138     0.060     3.000         0
   36.298    11.146     0.060     3.000         0
   36.520    11.180     0.060     3.000         0
   36.738    11.204     0.060     3.000         0
   36.932    11.242     0.060     3.000         0
   37.153    11.276     0.060     3.000         0
   37.354    11.299     0.060     3.000         0
   37.575    11.309     0.060     3.000         0
   37.768    11.348     0.060     3.000         0
   37.989    11.358     0.060     3.000         0
   38.181    11.380     0.060     3.000         0
   38.402    11.422     0.060     3.000         0
   38.602    11.429     0.060     3.000         0
   38.808    11.454     0.060     3.000         0
   39.029    11.480     0.060     3.000         0
   39.218    11.501     0.060     3.000         0
   39.437    11.527     0.060     3.000         0
   39.655    11.553     0.060     3.000         0
   39.873    11.583     0.060     3.000         0
   40.092    11.605     0.060     3.000         0
   40.313    11.635     0.060     3.000         0
   40.531    11.657     0.060     3.000         0
   40.753    11.699     0.060     3.000         0
   40.945    11.713     0.060     3.000         0
   41.166    11.739     0.060     3.000         0
   41.358    11.753     0.060     3.000         0
   41.579    11.782     0.060     3.000         0
   41.800    11.803     0.060     3.000         0
   42.018    11.844     0.060     3.000         0
   42.213    11.850     0.060     3.000         0
   42.434    11.891     0.060     3.000         0
   42.653    11.916     0.060     3.000         0
   42.856    11.923     0.060     3.000         0
   43.075    11.948     0.060     3.000         0
   43.269    11.985     0.060     3.000         0
   43.487    12.010     0.060     3.000         0
   43.682    12.024     0.060     3.000         0
   43.903    12.041     0.060     3.000         0
   44.096    12.079     0.060     3.000         0
   44.317    12.104     0.060     3.000         0
   44.518    12.118     0.060     3.000         0
   44.739    12.136     0.060     3.000         0
   44.957    12.176     0.060     3.000         0
   45.151    12.194     0.060     3.000         0
   45.372    12.207     0.060     3.000         0
   45.565    12.245     0.060     3.000         0
   45.786    12.270     0.060     3.000         0
   46.007    12.291     0.060     3.000         0
   46.199    12.312     0.060     3.000         0
   46.419    12.330     0.060     3.000         0
   46.638    12.364     0.060     3.000         0
   46.833    12.395     0.060     3.000         0
   47.051    12.421     0.060     3.000         0
   47.255    12.444     0.060     3.000         0
   47.473    12.458     0.060     3.000         0
   47.695    12.480     0.060     3.000         0
   47.890    12.515     0.060     3.000         0
   48.108    12.545     0.060     3.000         0
   48.302    12.555     0.060     3.000         0
   48.520    12.593     0.060     3.000         0
   48.520    12.581     0.060     3.000         0
   48.937    12.626     0.060     3.000         0
   49.155    12.668     0.060     3.000         0
   49.376    12.694     0.060     3.000         0
   49.596    12.704     0.060     3.000         0
   49.815    12.738     0.060     3.000         0
   14.567     7.748     0.060     4.000         0
   14.788     7.801     0.060     4.000         0
   14.980     7.840     0.060     4.000         0
   15.201     7.880     0.060     4.000         0
   15.396     7.919     0.060     4.000         0
   15.589     7.959     0.060     4.000         0
   15.792     7.996     0.060     4.000         0
   16.011     8.043     0.060     4.000         0
   16.205     8.080     0.060     4.000         0
   16.397     8.136     0.060     4.000         0
   16.619     8.166     0.060     4.000         0
   16.814     8.207     0.060     4.000         0
   17.015     8.257     0.060     4.000         0
   17.236     8.317     0.060     4.000         0
   17.428     8.359     0.060     4.000         0
   17.648     8.406     0.060     4.000         0
   17.843     8.448     0.060     4.000         0
   18.036     8.490     0.060     4.000         0
   18.257     8.542     0.060     4.000         0
   18.449     8.584     0.060     4.000         0
   18.653     8.624     0.060     4.000         0
   18.845     8.662     0.060     4.000         0
   19.066     8.710     0.060     4.000         0
   19.259     8.764     0.060     4.000         0
   19.453     8.798     0.060     4.000         0
   19.671     8.837     0.060     4.000         0
   19.875     8.881     0.060     4.000         0
   20.096     8.941     0.060     4.000         0
   43.269    12.214     0.060     9.000         0
   43.487    12.222     0.060     9.000         0
   43.682    12.256     0.060     9.000         0
   43.903    12.256     0.060     9.000         0
   44.096    12.273     0.060     9.000         0
   44.317    12.289     0.060     9.000         0
   44.518    12.311     0.060     9.000         0
   44.739    12.337     0.060     9.000         0
   44.957    12.347     0.060     9.000         0
   45.151    12.359     0.060     9.000         0
   45.372    12.393     0.060     9.000         0
   45.565    12.408     0.060     9.000         0
   45.786    12.411     0.060     9.000         0
   46.007    12.437     0.060     9.000         0
   46.199    12.448     0.060     9.000         0
   46.419    12.467     0.060     9.000         0
   46.638    12.485     0.060     9.000         0
   46.833    12.513     0.060     9.000         0
   47.051    12.541     0.060     9.000         0
   47.255    12.568     0.060     9.000         0
   47.473    12.600     0.060     9.000         0
   47.695    12.634     0.060     9.000         0
   47.890    12.679     0.060     9.000         0
   48.108    12.715     0.060     9.000         0
   48.302    12.740     0.060     9.000         0
   48.520    12.765     0.060     9.000         0
   48.520    12.781     0.060     9.000         0
   48.937    12.839     0.060     9.000         0
   49.155    12.868     0.060     9.000         0
    0.000    -1.000     0.000         0
   -7.081     5.356     0.060     1.000         0
   -6.860     5.249     0.060     1.000         0
   -6.638     5.150     0.060     1.000         0
   -6.420     5.061     0.060     1.000         0
   -6.199     4.941     0.060     1.000         0
   -5.952     4.782     0.060     1.000         0
   -5.733     4.659     0.060     1.000         0
   -5.512     4.543     0.060     1.000         0
   -5.294     4.401     0.060     1.000         0
   -5.072     4.281     0.060     1.000         0
   -4.852     4.178     0.060     1.000         0
   -4.633     4.064     0.060     1.000         0
   -4.412     3.961     0.060     1.000         0
   -4.191     3.858     0.060     1.000         0
   -3.946     3.753     0.060     1.000         0
   -3.725     3.666     0.060     1.000         0
   -3.503     3.566     0.060     1.000         0
   -3.285     3.477     0.060     1.000         0
   -3.064     3.390     0.060     1.000         0
   -2.846     3.312     0.060     1.000         0
   -2.625     3.232     0.060     1.000         0
   -2.403     3.161     0.060     1.000         0
   -2.182     3.096     0.060     1.000         0
   -1.964     3.040     0.060     1.000         0
   -1.717     2.976     0.060     1.000         0
   -1.499     2.928     0.060     1.000         0
   -1.277     2.882     0.060     1.000         0
   -1.056     2.844     0.060     1.000         0
   -0.811     2.802     0.060     1.000         0
   -0.590     2.772     0.060     1.000         0
   -0.372     2.753     0.060     1.000         0
   -0.150     2.737     0.060     1.000         0
   -0.070     2.735     0.060     1.000         0
   -0.289     2.743     0.060     1.000         0
  -18.350     7.432     0.060     2.000         0
  -18.128     7.406     0.060     2.000         0
  -17.884     7.368     0.060     2.000         0
  -17.663     7.334     0.060     2.000         0
  -17.442     7.300     0.060     2.000         0
  -17.223     7.266     0.060     2.000         0
  -17.002     7.216     0.060     2.000         0
  -16.784     7.182     0.060     2.000         0
  -16.562     7.148     0.060     2.000         0
  -16.344     7.114     0.060     2.000         0
  -16.105     7.085     0.060     2.000         0
  -15.884     7.047     0.060     2.000         0
  -15.666     7.022     0.060     2.000         0
  -15.445     6.992     0.060     2.000         0
  -15.223     6.950     0.060     2.000         0
  -15.005     6.924     0.060     2.000         0
  -14.757     6.870     0.060     2.000         0
  -14.539     6.836     0.060     2.000         0
  -14.318     6.810     0.060     2.000         0
  -14.071     6.782     0.060     2.000         0
  -13.852     6.742     0.060     2.000         0
  -13.631     6.705     0.060     2.000         0
  -13.383     6.665     0.060     2.000         0
  -13.165     6.633     0.060     2.000         0
  -12.943     6.608     0.060     2.000         0
  -12.725     6.558     0.060     2.000         0
  -12.478     6.509     0.060     2.000         0
  -12.257     6.458     0.060     2.000         0
  -12.036     6.407     0.060     2.000         0
  -11.800     6.357     0.060     2.000         0
  -11.578     6.309     0.060     2.000         0
  -11.360     6.271     0.060     2.000         0
  -11.139     6.224     0.060     2.000         0
  -10.892     6.171     0.060     2.000         0
  -10.673     6.139     0.060     2.000         0
  -10.452     6.102     0.060     2.000         0
  -10.207     6.061     0.060     2.000         0
   -9.986     6.016     0.060     2.000         0
   -9.764     5.975     0.060     2.000         0
   -9.546     5.947     0.060     2.000         0
   -9.326     5.897     0.060     2.000         0
   -9.078     5.858     0.060     2.000         0
   -8.857     5.813     0.060     2.000         0
   -8.638     5.759     0.060     2.000         0
   -8.417     5.699     0.060     2.000         0
   -8.198     5.663     0.060     2.000         0
   -7.978     5.611     0.060     2.000         0
   -7.757     5.550     0.060     2.000         0
   -7.521     5.488     0.060     2.000         0
   -7.299     5.421     0.060     2.000         0
  -32.316     8.900     0.060     3.000         0
  -32.097     8.891     0.060     3.000         0
  -31.851     8.880     0.060     3.000         0
  -31.612     8.849     0.060     3.000         0
  -31.393     8.844     0.060     3.000         0
  -31.172     8.830     0.060     3.000         0
  -30.924     8.814     0.060     3.000         0
  -30.706     8.795     0.060     3.000         0
  -30.459     8.765     0.060     3.000         0
  -30.238     8.730     0.060     3.000         0
  -29.993     8.708     0.060     3.000         0
  -29.771     8.680     0.060     3.000         0
  -29.533     8.643     0.060     3.000         0
  -29.314     8.617     0.060     3.000         0
  -29.093     8.611     0.060     3.000         0
  -28.846     8.578     0.060     3.000         0
  -28.627     8.560     0.060     3.000         0
  -28.406     8.558     0.060     3.000         0
  -28.161     8.526     0.060     3.000         0
  -27.940     8.511     0.060     3.000         0
  -27.695     8.478     0.060     3.000         0
  -27.474     8.440     0.060     3.000         0
  -27.227     8.423     0.060     3.000         0
  -27.006     8.393     0.060     3.000         0
  -26.770     8.345     0.060     3.000         0
  -26.548     8.323     0.060     3.000         0
  -26.330     8.286     0.060     3.000         0
  -26.082     8.252     0.060     3.000         0
  -25.861     8.234     0.060     3.000         0
  -25.616     8.197     0.060     3.000         0
  -25.396     8.172     0.060     3.000         0
  -25.151     8.154     0.060     3.000         0
  -24.930     8.153     0.060     3.000         0
  -24.708     8.136     0.060     3.000         0
  -24.469     8.109     0.060     3.000         0
  -24.251     8.096     0.060     3.000         0
  -24.030     8.075     0.060     3.000         0
  -23.786     8.052     0.060     3.000         0
  -23.564     8.026     0.060     3.000         0
  -23.343     8.009     0.060     3.000         0
  -23.098     7.985     0.060     3.000         0
  -22.877     7.960     0.060     3.000         0
  -22.655     7.935     0.060     3.000         0
  -22.437     7.907     0.060     3.000         0
  -22.190     7.876     0.060     3.000         0
  -21.969     7.852     0.060     3.000         0
  -21.750     7.828     0.060     3.000         0
  -21.503     7.801     0.060     3.000         0
  -21.284     7.785     0.060     3.000         0
  -21.063     7.753     0.060     3.000         0
  -20.842     7.728     0.060     3.000         0
  -20.604     7.717     0.060     3.000         0
  -20.385     7.693     0.060     3.000         0
  -20.164     7.656     0.060     3.000         0
  -19.945     7.627     0.060     3.000         0
  -19.724     7.611     0.060     3.000         0
  -19.476     7.573     0.060     3.000         0
  -19.258     7.555     0.060     3.000         0
  -19.037     7.533     0.060     3.000         0
  -18.790     7.507     0.060     3.000         0
  -18.571     7.473     0.060     3.000         0
  -19.476     7.639     0.060     4.000         0
  -19.258     7.615     0.060     4.000         0
  -19.037     7.570     0.060     4.000         0
  -18.790     7.553     0.060     4.000         0
  -18.571     7.512     0.060     4.000         0
  -18.350     7.487     0.060     4.000         0
  -18.128     7.458     0.060     4.000         0
  -17.884     7.435     0.060     4.000         0
  -17.663     7.407     0.060     4.000         0
  -17.442     7.363     0.060     4.000         0
  -17.223     7.347     0.060     4.000         0
  -17.002     7.311     0.060     4.000         0
  -16.784     7.287     0.060     4.000         0
  -16.562     7.249     0.060     4.000         0
  -16.344     7.216     0.060     4.000         0
  -16.105     7.184     0.060     4.000         0
  -15.884     7.155     0.060     4.000         0
  -15.666     7.138     0.060     4.000         0
  -15.445     7.101     0.060     4.000         0
  -15.223     7.076     0.060     4.000         0
  -15.005     7.051     0.060     4.000         0
  -14.757     7.017     0.060     4.000         0
  -14.539     6.980     0.060     4.000         0
  -14.318     6.951     0.060     4.000         0
    0.000     0.000     0.000        -1
