    0.000     1.000     0.000         0
    8.684     6.552     0.060     1.000         0
    8.489     6.441     0.060     1.000         0
    8.294     6.325     0.060     1.000         0
    8.102     6.210     0.060     1.000         0
    7.899     6.099     0.060     1.000         0
    7.707     5.994     0.060     1.000         0
    7.513     5.888     0.060     1.000         0
    7.321     5.778     0.060     1.000         0
    7.117     5.676     0.060     1.000         0
    6.925     5.566     0.060     1.000         0
    6.730     5.466     0.060     1.000         0
    6.535     5.365     0.060     1.000         0
    6.343     5.266     0.060     1.000         0
    6.140     5.162     0.060     1.000         0
    5.948     5.068     0.060     1.000         0
    5.753     4.962     0.060     1.000         0
    5.558     4.870     0.060     1.000         0
    5.357     4.774     0.060     1.000         0
    5.162     4.687     0.060     1.000         0
    4.970     4.615     0.060     1.000         0
    4.775     4.528     0.060     1.000         0
    4.583     4.431     0.060     1.000         0
    4.381     4.346     0.060     1.000         0
    4.186     4.269     0.060     1.000         0
    3.994     4.189     0.060     1.000         0
    3.799     4.107     0.060     1.000         0
    3.598     4.033     0.060     1.000         0
    3.403     3.962     0.060     1.000         0
    3.211     3.892     0.060     1.000         0
    3.017     3.821     0.060     1.000         0
    2.822     3.760     0.060     1.000         0
    2.621     3.697     0.060     1.000         0
    2.426     3.632     0.060     1.000         0
    2.234     3.590     0.060     1.000         0
    2.039     3.537     0.060     1.000         0
    1.839     3.494     0.060     1.000         0
    1.643     3.441     0.060     1.000         0
    1.449     3.412     0.060     1.000         0
    1.258     3.373     0.060     1.000         0
    1.062     3.354     0.060     1.000         0
    0.862     3.324     0.060     1.000         0
    0.667     3.305     0.060     1.000         0
    0.475     3.291     0.060     1.000         0
    0.280     3.282     0.060     1.000         0
    0.077     3.267     0.060     1.000         0
    0.118     3.275     0.060     1.000         0
   18.660     9.173     0.060     2.000         0
   18.458     9.131     0.060     2.000         0
   18.266     9.090     0.060     2.000         0
   18.071     9.029     0.060     2.000         0
   17.879     9.008     0.060     2.000         0
   17.675     8.965     0.060     2.000         0
   17.480     8.913     0.060     2.000         0
   17.288     8.878     0.060     2.000         0
   17.093     8.841     0.060     2.000         0
   16.901     8.795     0.060     2.000         0
   16.698     8.747     0.060     2.000         0
   16.506     8.712     0.060     2.000         0
   16.338     8.671     0.060     2.000         0
   16.134     8.628     0.060     2.000         0
   15.942     8.592     0.060     2.000         0
   15.747     8.546     0.060     2.000         0
   15.529     8.500     0.060     2.000         0
   15.335     8.467     0.060     2.000         0
   15.143     8.425     0.060     2.000         0
   14.939     8.381     0.060     2.000         0
   14.744     8.339     0.060     2.000         0
   14.578     8.303     0.060     2.000         0
   14.357     8.234     0.060     2.000         0
   14.156     8.191     0.060     2.000         0
   13.961     8.148     0.060     2.000         0
   13.769     8.106     0.060     2.000         0
   13.575     8.074     0.060     2.000         0
   13.383     8.037     0.060     2.000         0
   13.180     7.988     0.060     2.000         0
   12.985     7.946     0.060     2.000         0
   12.793     7.904     0.060     2.000         0
   12.598     7.862     0.060     2.000         0
   12.395     7.814     0.060     2.000         0
   12.203     7.759     0.060     2.000         0
   12.008     7.678     0.060     2.000         0
   11.816     7.612     0.060     2.000         0
   11.621     7.540     0.060     2.000         0
   11.420     7.467     0.060     2.000         0
   11.225     7.395     0.060     2.000         0
   11.033     7.330     0.060     2.000         0
   10.838     7.263     0.060     2.000         0
   10.636     7.199     0.060     2.000         0
   10.444     7.129     0.060     2.000         0
   10.249     7.057     0.060     2.000         0
   10.057     6.992     0.060     2.000         0
    9.862     6.920     0.060     2.000         0
    9.661     6.852     0.060     2.000         0
    9.466     6.780     0.060     2.000         0
    9.272     6.709     0.060     2.000         0
    9.080     6.638     0.060     2.000         0
  103.496    19.428     0.060     3.000         0
  103.319    19.419     0.060     3.000         0
  103.127    19.398     0.060     3.000         0
  102.958    19.360     0.060     3.000         0
  102.784    19.362     0.060     3.000         0
  102.615    19.324     0.060     3.000         0
  102.423    19.303     0.060     3.000         0
  102.247    19.304     0.060     3.000         0
  102.081    19.287     0.060     3.000         0
  101.878    19.265     0.060     3.000         0
  101.709    19.247     0.060     3.000         0
  101.517    19.216     0.060     3.000         0
  101.343    19.180     0.060     3.000         0
  101.174    19.175     0.060     3.000         0
  100.981    19.147     0.060     3.000         0
  100.806    19.120     0.060     3.000         0
  100.638    19.075     0.060     3.000         0
  100.446    19.047     0.060     3.000         0
  100.269    19.021     0.060     3.000         0
  100.077    19.012     0.060     3.000         0
   99.899    18.975     0.060     3.000         0
   99.707    18.957     0.060     3.000         0
   99.538    18.932     0.060     3.000         0
   99.364    18.906     0.060     3.000         0
   99.170    18.877     0.060     3.000         0
   99.005    18.832     0.060     3.000         0
   98.801    18.812     0.060     3.000         0
   98.633    18.797     0.060     3.000         0
   98.467    18.762     0.060     3.000         0
   98.266    18.722     0.060     3.000         0
   98.098    18.697     0.060     3.000         0
   97.923    18.681     0.060     3.000         0
   97.729    18.656     0.060     3.000         0
   97.564    18.615     0.060     3.000         0
   97.369    18.605     0.060     3.000         0
   97.192    18.557     0.060     3.000         0
   97.026    18.531     0.060     3.000         0
   96.823    18.509     0.060     3.000         0
   96.657    18.488     0.060     3.000         0
   96.491    18.462     0.060     3.000         0
   96.288    18.430     0.060     3.000         0
   96.122    18.399     0.060     3.000         0
   95.928    18.381     0.060     3.000         0
   95.751    18.346     0.060     3.000         0
   95.585    18.346     0.060     3.000         0
   95.390    18.303     0.060     3.000         0
   95.216    18.302     0.060     3.000         0
   95.047    18.262     0.060     3.000         0
   94.847    18.244     0.060     3.000         0
   94.679    18.229     0.060     3.000         0
   94.487    18.216     0.060     3.000         0
   94.310    18.195     0.060     3.000         0
   94.118    18.173     0.060     3.000         0
   93.950    18.148     0.060     3.000         0
   93.746    18.124     0.060     3.000         0
   93.580    18.109     0.060     3.000         0
   93.386    18.071     0.060     3.000         0
   93.211    18.050     0.060     3.000         0
   93.017    18.032     0.060     3.000         0
   92.852    18.013     0.060     3.000         0
   92.648    17.994     0.060     3.000         0
   92.456    17.947     0.060     3.000         0
   92.288    17.943     0.060     3.000         0
   92.093    17.895     0.060     3.000         0
   91.892    17.886     0.060     3.000         0
   91.727    17.852     0.060     3.000         0
   91.533    17.837     0.060     3.000         0
   91.329    17.810     0.060     3.000         0
   91.164    17.774     0.060     3.000         0
   90.969    17.763     0.060     3.000         0
   90.794    17.720     0.060     3.000         0
   90.600    17.715     0.060     3.000         0
   90.408    17.690     0.060     3.000         0
   90.230    17.656     0.060     3.000         0
   90.037    17.625     0.060     3.000         0
   89.845    17.624     0.060     3.000         0
   89.650    17.593     0.060     3.000         0
   89.476    17.558     0.060     3.000         0
   89.281    17.549     0.060     3.000         0
   89.089    17.501     0.060     3.000         0
   88.894    17.493     0.060     3.000         0
   88.694    17.448     0.060     3.000         0
   88.500    17.430     0.060     3.000         0
   88.331    17.400     0.060     3.000         0
   88.139    17.382     0.060     3.000         0
   87.936    17.331     0.060     3.000         0
   87.744    17.323     0.060     3.000         0
   87.549    17.273     0.060     3.000         0
   87.357    17.265     0.060     3.000         0
   87.180    17.228     0.060     3.000         0
   86.988    17.210     0.060     3.000         0
   86.794    17.172     0.060     3.000         0
   86.599    17.153     0.060     3.000         0
   86.399    17.114     0.060     3.000         0
   86.204    17.095     0.060     3.000         0
   86.012    17.047     0.060     3.000         0
   85.817    17.028     0.060     3.000         0
   85.617    16.993     0.060     3.000         0
   85.423    16.975     0.060     3.000         0
   85.228    16.966     0.060     3.000         0
   85.036    16.927     0.060     3.000         0
   84.842    16.898     0.060     3.000         0
   84.641    16.874     0.060     3.000         0
   84.446    16.860     0.060     3.000         0
   84.228    16.828     0.060     3.000         0
   84.033    16.809     0.060     3.000         0
   83.840    16.800     0.060     3.000         0
   83.639    16.770     0.060     3.000         0
   83.444    16.750     0.060     3.000         0
   83.249    16.736     0.060     3.000         0
   69.692    15.356     0.060     3.000         0
   69.500    15.326     0.060     3.000         0
   69.279    15.291     0.060     3.000         0
   69.084    15.274     0.060     3.000         0
   68.892    15.268     0.060     3.000         0
   68.689    15.245     0.060     3.000         0
   68.471    15.221     0.060     3.000         0
   68.276    15.189     0.060     3.000         0
   68.084    15.172     0.060     3.000         0
   67.863    15.121     0.060     3.000         0
   67.669    15.109     0.060     3.000         0
   67.477    15.067     0.060     3.000         0
   67.257    15.046     0.060     3.000         0
   67.056    15.007     0.060     3.000         0
   66.861    14.970     0.060     3.000         0
   66.640    14.953     0.060     3.000         0
   66.448    14.901     0.060     3.000         0
   66.227    14.874     0.060     3.000         0
   66.035    14.845     0.060     3.000         0
   65.832    14.810     0.060     3.000         0
   65.612    14.787     0.060     3.000         0
   65.420    14.753     0.060     3.000         0
   65.225    14.741     0.060     3.000         0
   65.004    14.695     0.060     3.000         0
   64.812    14.679     0.060     3.000         0
   64.591    14.668     0.060     3.000         0
   64.397    14.636     0.060     3.000         0
   64.197    14.604     0.060     3.000         0
   63.976    14.585     0.060     3.000         0
   63.784    14.559     0.060     3.000         0
   63.589    14.528     0.060     3.000         0
   63.371    14.499     0.060     3.000         0
   63.176    14.473     0.060     3.000         0
   62.975    14.431     0.060     3.000         0
   62.754    14.402     0.060     3.000         0
   62.560    14.387     0.060     3.000         0
   62.342    14.353     0.060     3.000         0
   62.148    14.318     0.060     3.000         0
   61.953    14.282     0.060     3.000         0
   61.735    14.243     0.060     3.000         0
   61.540    14.237     0.060     3.000         0
   61.339    14.190     0.060     3.000         0
   61.119    14.161     0.060     3.000         0
   60.924    14.144     0.060     3.000         0
   60.732    14.129     0.060     3.000         0
   60.511    14.079     0.060     3.000         0
   60.316    14.063     0.060     3.000         0
   60.098    14.036     0.060     3.000         0
   59.895    13.991     0.060     3.000         0
   59.675    13.963     0.060     3.000         0
   59.483    13.945     0.060     3.000         0
   59.288    13.921     0.060     3.000         0
   59.070    13.873     0.060     3.000         0
   58.875    13.850     0.060     3.000         0
   58.654    13.828     0.060     3.000         0
   58.462    13.791     0.060     3.000         0
   58.242    13.785     0.060     3.000         0
   58.041    13.741     0.060     3.000         0
   57.846    13.723     0.060     3.000         0
   57.628    13.702     0.060     3.000         0
   57.433    13.687     0.060     3.000         0
   57.239    13.653     0.060     3.000         0
   57.021    13.651     0.060     3.000         0
   56.817    13.610     0.060     3.000         0
   56.625    13.611     0.060     3.000         0
   56.405    13.578     0.060     3.000         0
   56.210    13.549     0.060     3.000         0
   55.992    13.527     0.060     3.000         0
   55.797    13.522     0.060     3.000         0
   55.605    13.498     0.060     3.000         0
   55.384    13.485     0.060     3.000         0
   55.182    13.455     0.060     3.000         0
   54.990    13.452     0.060     3.000         0
   54.769    13.417     0.060     3.000         0
   54.577    13.409     0.060     3.000         0
   54.382    13.390     0.060     3.000         0
   54.161    13.385     0.060     3.000         0
   53.960    13.388     0.060     3.000         0
   53.765    13.420     0.060     3.000         0
   53.545    13.423     0.060     3.000         0
   53.353    13.416     0.060     3.000         0
   53.158    13.398     0.060     3.000         0
   52.966    13.360     0.060     3.000         0
   52.745    13.350     0.060     3.000         0
   52.545    13.323     0.060     3.000         0
   52.350    13.297     0.060     3.000         0
   52.156    13.266     0.060     3.000         0
   51.964    13.215     0.060     3.000         0
   51.743    13.190     0.060     3.000         0
   51.542    13.153     0.060     3.000         0
   51.347    13.142     0.060     3.000         0
   51.153    13.117     0.060     3.000         0
   50.961    13.076     0.060     3.000         0
   50.766    13.050     0.060     3.000         0
   50.563    13.033     0.060     3.000         0
   50.371    13.008     0.060     3.000         0
   50.176    12.979     0.060     3.000         0
   49.984    12.955     0.060     3.000         0
   49.781    12.910     0.060     3.000         0
   49.589    12.901     0.060     3.000         0
   49.394    12.867     0.060     3.000         0
   49.202    12.833     0.060     3.000         0
   49.008    12.802     0.060     3.000         0
   48.807    12.771     0.060     3.000         0
   48.586    12.761     0.060     3.000         0
   48.392    12.725     0.060     3.000         0
   48.200    12.705     0.060     3.000         0
   48.005    12.674     0.060     3.000         0
   47.801    12.647     0.060     3.000         0
   47.609    12.633     0.060     3.000         0
   47.417    12.590     0.060     3.000         0
   47.223    12.581     0.060     3.000         0
   47.028    12.552     0.060     3.000         0
   46.828    12.517     0.060     3.000         0
   46.633    12.494     0.060     3.000         0
   46.441    12.480     0.060     3.000         0
   46.246    12.463     0.060     3.000         0
   46.043    12.456     0.060     3.000         0
   45.851    12.469     0.060     3.000         0
   45.657    12.462     0.060     3.000         0
   45.465    12.445     0.060     3.000         0
   45.270    12.439     0.060     3.000         0
   45.066    12.413     0.060     3.000         0
   44.900    12.400     0.060     3.000         0
   44.705    12.385     0.060     3.000         0
   44.531    12.373     0.060     3.000         0
   44.337    12.329     0.060     3.000         0
   44.171    12.323     0.060     3.000         0
   43.968    12.302     0.060     3.000         0
   43.802    12.271     0.060     3.000         0
   43.607    12.257     0.060     3.000         0
   43.406    12.217     0.060     3.000         0
   43.238    12.201     0.060     3.000         0
   43.046    12.184     0.060     3.000         0
   42.869    12.148     0.060     3.000         0
   42.677    12.141     0.060     3.000         0
   42.482    12.124     0.060     3.000         0
   42.305    12.103     0.060     3.000         0
   42.113    12.076     0.060     3.000         0
   41.944    12.052     0.060     3.000         0
   41.752    12.037     0.060     3.000         0
   41.549    12.010     0.060     3.000         0
   41.383    11.973     0.060     3.000         0
   41.189    11.953     0.060     3.000         0
   41.014    11.930     0.060     3.000         0
   40.820    11.909     0.060     3.000         0
   40.625    11.879     0.060     3.000         0
   40.450    11.869     0.060     3.000         0
   40.255    11.828     0.060     3.000         0
   40.089    11.824     0.060     3.000         0
   39.887    11.786     0.060     3.000         0
   39.692    11.765     0.060     3.000         0
   39.526    11.756     0.060     3.000         0
   39.331    11.746     0.060     3.000         0
   39.131    11.715     0.060     3.000         0
   38.936    11.684     0.060     3.000         0
   38.770    11.687     0.060     3.000         0
   38.566    11.646     0.060     3.000         0
   38.374    11.626     0.060     3.000         0
   38.207    11.609     0.060     3.000         0
   38.012    11.588     0.060     3.000         0
   37.811    11.577     0.060     3.000         0
   37.642    11.539     0.060     3.000         0
   37.450    11.522     0.060     3.000         0
   37.247    11.483     0.060     3.000         0
   37.055    11.445     0.060     3.000         0
   36.861    11.416     0.060     3.000         0
   36.669    11.392     0.060     3.000         0
   36.474    11.358     0.060     3.000         0
   36.270    11.333     0.060     3.000         0
   36.104    11.313     0.060     3.000         0
   35.909    11.292     0.060     3.000         0
   35.709    11.260     0.060     3.000         0
   35.514    11.229     0.060     3.000         0
   35.322    11.178     0.060     3.000         0
   35.128    11.157     0.060     3.000         0
   34.933    11.119     0.060     3.000         0
   34.759    11.098     0.060     3.000         0
   34.564    11.075     0.060     3.000         0
   34.389    11.050     0.060     3.000         0
   34.194    11.021     0.060     3.000         0
   34.002    11.006     0.060     3.000         0
   33.808    11.011     0.060     3.000         0
   33.613    10.991     0.060     3.000         0
   33.413    10.975     0.060     3.000         0
   33.218    10.949     0.060     3.000         0
   33.026    10.909     0.060     3.000         0
   32.831    10.888     0.060     3.000         0
   32.630    10.863     0.060     3.000         0
   32.630    10.883     0.060     3.000         0
   32.630    10.878     0.060     3.000         0
   32.630    10.863     0.060     3.000         0
   32.630    10.873     0.060     3.000         0
   32.630    10.863     0.060     3.000         0
   32.630    10.863     0.060     3.000         0
   31.293    10.766     0.060     3.000         0
   31.116    10.763     0.060     3.000         0
   30.924    10.723     0.060     3.000         0
   30.730    10.713     0.060     3.000         0
   30.552    10.665     0.060     3.000         0
   30.360    10.651     0.060     3.000         0
   30.165    10.630     0.060     3.000         0
   29.991    10.597     0.060     3.000         0
   29.796    10.575     0.060     3.000         0
   29.630    10.543     0.060     3.000         0
   29.453    10.520     0.060     3.000         0
   29.261    10.499     0.060     3.000         0
   29.093    10.476     0.060     3.000         0
   24.670     9.895     0.060     3.000         0
   24.493     9.876     0.060     3.000         0
   24.299     9.851     0.060     3.000         0
   24.133     9.824     0.060     3.000         0
   23.938     9.794     0.060     3.000         0
   23.737     9.762     0.060     3.000         0
   23.568     9.744     0.060     3.000         0
   23.376     9.728     0.060     3.000         0
   23.173     9.701     0.060     3.000         0
   22.979     9.690     0.060     3.000         0
   22.787     9.680     0.060     3.000         0
   22.566     9.656     0.060     3.000         0
   22.374     9.625     0.060     3.000         0
   22.179     9.619     0.060     3.000         0
   21.978     9.582     0.060     3.000         0
   21.783     9.565     0.060     3.000         0
   21.591     9.549     0.060     3.000         0
   21.397     9.552     0.060     3.000         0
   21.193     9.535     0.060     3.000         0
   21.001     9.509     0.060     3.000         0
   20.780     9.475     0.060     3.000         0
   20.585     9.474     0.060     3.000         0
   20.393     9.433     0.060     3.000         0
   20.198     9.412     0.060     3.000         0
   19.998     9.401     0.060     3.000         0
   24.133    10.319     0.060     4.000         0
   23.938    10.270     0.060     4.000         0
   23.737    10.230     0.060     4.000         0
   23.568    10.196     0.060     4.000         0
   23.376    10.158     0.060     4.000         0
   23.173    10.128     0.060     4.000         0
   22.979    10.095     0.060     4.000         0
   22.787    10.067     0.060     4.000         0
   22.566     9.999     0.060     4.000         0
   22.374     9.966     0.060     4.000         0
   22.179     9.948     0.060     4.000         0
   21.978     9.888     0.060     4.000         0
   21.783     9.849     0.060     4.000         0
   21.591     9.811     0.060     4.000         0
   21.397     9.773     0.060     4.000         0
   21.193     9.743     0.060     4.000         0
   21.001     9.695     0.060     4.000         0
   20.780     9.652     0.060     4.000         0
   20.585     9.613     0.060     4.000         0
   20.393     9.575     0.060     4.000         0
   20.198     9.537     0.060     4.000         0
   19.998     9.503     0.060     4.000         0
   19.830     9.474     0.060     4.000         0
   19.638     9.441     0.060     4.000         0
   19.434     9.406     0.060     4.000         0
   19.242     9.374     0.060     4.000         0
   19.047     9.336     0.060     4.000         0
   18.855     9.299     0.060     4.000         0
   18.660     9.261     0.060     4.000         0
   18.458     9.222     0.060     4.000         0
   18.266     9.179     0.060     4.000         0
   18.071     9.141     0.060     4.000         0
   17.879     9.099     0.060     4.000         0
   17.675     9.059     0.060     4.000         0
   17.480     9.017     0.060     4.000         0
   17.288     8.974     0.060     4.000         0
   17.093     8.936     0.060     4.000         0
   16.901     8.899     0.060     4.000         0
   16.698     8.885     0.060     4.000         0
   16.506     8.827     0.060     4.000         0
   16.338     8.794     0.060     4.000         0
   16.134     8.760     0.060     4.000         0
   15.942     8.722     0.060     4.000         0
   15.747     8.689     0.060     4.000         0
   15.529     8.643     0.060     4.000         0
   15.335     8.601     0.060     4.000         0
   15.143     8.564     0.060     4.000         0
   14.939     8.525     0.060     4.000         0
   14.744     8.492     0.060     4.000         0
   14.578     8.454     0.060     4.000         0
   14.357     8.418     0.060     4.000         0
   14.156     8.389     0.060     4.000         0
   13.961     8.357     0.060     4.000         0
   13.769     8.320     0.060     4.000         0
   13.575     8.277     0.060     4.000         0
   13.383     8.240     0.060     4.000         0
   13.180     8.201     0.060     4.000         0
   12.985     8.154     0.060     4.000         0
    0.000    -1.000     0.000         0
   -0.310     3.299     0.060     1.000         0
   -0.502     3.310     0.060     1.000         0
   -0.696     3.306     0.060     1.000         0
   -0.900     3.317     0.060     1.000         0
   -1.092     3.349     0.060     1.000         0
   -1.313     3.376     0.060     1.000         0
   -1.505     3.408     0.060     1.000         0
   -1.699     3.445     0.060     1.000         0
   -1.900     3.484     0.060     1.000         0
   -2.095     3.536     0.060     1.000         0
   -2.287     3.587     0.060     1.000         0
   -2.482     3.644     0.060     1.000         0
   -2.677     3.706     0.060     1.000         0
   -2.878     3.764     0.060     1.000         0
   -3.072     3.826     0.060     1.000         0
   -3.267     3.902     0.060     1.000         0
   -3.459     3.971     0.060     1.000         0
   -3.663     4.045     0.060     1.000         0
   -3.855     4.119     0.060     1.000         0
   -4.050     4.200     0.060     1.000         0
   -4.242     4.284     0.060     1.000         0
   -4.437     4.355     0.060     1.000         0
   -4.640     4.445     0.060     1.000         0
   -4.832     4.536     0.060     1.000         0
   -5.027     4.622     0.060     1.000         0
   -5.219     4.713     0.060     1.000         0
   -5.422     4.803     0.060     1.000         0
   -5.591     4.858     0.060     1.000         0
   -5.783     4.944     0.060     1.000         0
   -5.977     5.040     0.060     1.000         0
   -6.178     5.138     0.060     1.000         0
   -6.373     5.243     0.060     1.000         0
   -6.565     5.341     0.060     1.000         0
   -6.760     5.441     0.060     1.000         0
   -6.964     5.546     0.060     1.000         0
   -7.156     5.647     0.060     1.000         0
   -7.351     5.759     0.060     1.000         0
   -7.543     5.870     0.060     1.000         0
   -7.737     5.982     0.060     1.000         0
   -7.938     6.118     0.060     1.000         0
   -8.133     6.230     0.060     1.000         0
   -8.354     6.353     0.060     1.000         0
   -8.546     6.459     0.060     1.000         0
   -8.741     6.565     0.060     1.000         0
   -8.942     6.664     0.060     1.000         0
   -9.136     6.760     0.060     1.000         0
   -9.331     6.856     0.060     1.000         0
   -9.523     6.951     0.060     1.000         0
   -9.718     7.047     0.060     1.000         0
   -9.919     7.136     0.060     1.000         0
  -10.114     7.162     0.060     2.000         0
  -10.309     7.226     0.060     2.000         0
  -10.501     7.300     0.060     2.000         0
  -10.704     7.363     0.060     2.000         0
  -10.896     7.422     0.060     2.000         0
  -11.091     7.506     0.060     2.000         0
  -11.286     7.566     0.060     2.000         0
  -11.504     7.593     0.060     2.000         0
  -11.699     7.637     0.060     2.000         0
  -11.900     7.668     0.060     2.000         0
  -12.094     7.709     0.060     2.000         0
  -12.286     7.748     0.060     2.000         0
  -12.481     7.789     0.060     2.000         0
  -12.685     7.831     0.060     2.000         0
  -12.877     7.871     0.060     2.000         0
  -13.072     7.912     0.060     2.000         0
  -13.264     7.951     0.060     2.000         0
  -13.485     7.997     0.060     2.000         0
  -13.679     8.038     0.060     2.000         0
  -13.880     8.079     0.060     2.000         0
  -14.075     8.120     0.060     2.000         0
  -14.267     8.175     0.060     2.000         0
  -14.462     8.220     0.060     2.000         0
  -14.663     8.262     0.060     2.000         0
  -14.858     8.302     0.060     2.000         0
  -15.078     8.348     0.060     2.000         0
  -15.270     8.378     0.060     2.000         0
  -15.465     8.432     0.060     2.000         0
  -15.657     8.476     0.060     2.000         0
  -15.878     8.522     0.060     2.000         0
  -16.079     8.572     0.060     2.000         0
  -16.274     8.617     0.060     2.000         0
  -16.496     8.647     0.060     2.000         0
  -16.688     8.691     0.060     2.000         0
  -16.882     8.745     0.060     2.000         0
  -17.103     8.796     0.060     2.000         0
  -17.304     8.849     0.060     3.000         0
  -17.499     8.884     0.060     3.000         0
  -17.717     8.912     0.060     3.000         0
  -17.912     8.937     0.060     3.000         0
  -18.132     8.966     0.060     3.000         0
  -18.324     8.990     0.060     3.000         0
  -18.545     9.009     0.060     3.000         0
  -18.738     9.037     0.060     3.000         0
  -18.941     9.057     0.060     3.000         0
  -19.160     9.073     0.060     3.000         0
  -19.355     9.096     0.060     3.000         0
  -19.550     9.100     0.060     3.000         0
  -19.768     9.126     0.060     3.000         0
  -19.962     9.135     0.060     3.000         0
  -20.163     9.155     0.060     3.000         0
  -20.358     9.175     0.060     3.000         0
  -20.553     9.194     0.060     3.000         0
  -20.771     9.226     0.060     3.000         0
  -12.286     8.031     0.060     4.000         0
  -12.481     8.047     0.060     4.000         0
  -12.685     8.073     0.060     4.000         0
  -12.877     8.127     0.060     4.000         0
  -13.072     8.141     0.060     4.000         0
  -13.264     8.175     0.060     4.000         0
  -13.485     8.214     0.060     4.000         0
  -13.679     8.248     0.060     4.000         0
  -13.880     8.284     0.060     4.000         0
  -14.075     8.318     0.060     4.000         0
  -14.267     8.352     0.060     4.000         0
  -14.462     8.392     0.060     4.000         0
  -14.663     8.427     0.060     4.000         0
  -14.858     8.467     0.060     4.000         0
  -15.078     8.503     0.060     4.000         0
  -15.270     8.543     0.060     4.000         0
  -15.465     8.590     0.060     4.000         0
  -15.657     8.610     0.060     4.000         0
  -15.878     8.667     0.060     4.000         0
  -16.079     8.704     0.060     4.000         0
  -16.274     8.720     0.060     4.000         0
  -16.496     8.762     0.060     4.000         0
  -16.688     8.817     0.060     4.000         0
  -16.882     8.844     0.060     4.000         0
  -17.103     8.875     0.060     4.000         0
  -17.304     8.928     0.060     4.000         0
  -17.499     8.965     0.060     4.000         0
  -17.717     9.006     0.060     4.000         0
  -17.912     9.028     0.060     4.000         0
  -18.132     9.070     0.060     4.000         0
  -18.324     9.106     0.060     4.000         0
  -18.545     9.168     0.060     4.000         0
  -18.738     9.204     0.060     4.000         0
  -18.941     9.243     0.060     4.000         0
  -19.160     9.284     0.060     4.000         0
  -19.355     9.311     0.060     4.000         0
  -19.550     9.358     0.060     4.000         0
  -19.768     9.399     0.060     4.000         0
  -19.962     9.431     0.060     4.000         0
  -20.163     9.473     0.060     4.000         0
  -20.358     9.510     0.060     4.000         0
  -20.553     9.547     0.060     4.000         0
  -20.771     9.588     0.060     4.000         0
  -20.966     9.625     0.060     4.000         0
  -21.160     9.651     0.060     4.000         0
  -21.160     9.656     0.060     4.000         0
    0.000     0.000     0.000        -1
