    0.000     1.000     0.000         0
    8.298     6.307     0.060     1.000         0
    8.103     6.251     0.060     1.000         0
    7.900     6.116     0.060     1.000         0
    7.709     6.009     0.060     1.000         0
    7.514     5.931     0.060     1.000         0
    7.322     5.820     0.060     1.000         0
    7.118     5.718     0.060     1.000         0
    6.923     5.615     0.060     1.000         0
    6.731     5.509     0.060     1.000         0
    6.536     5.407     0.060     1.000         0
    6.344     5.306     0.060     1.000         0
    6.141     5.209     0.060     1.000         0
    5.949     5.114     0.060     1.000         0
    5.780     5.020     0.060     1.000         0
    5.577     4.920     0.060     1.000         0
    5.385     4.824     0.060     1.000         0
    5.190     4.728     0.060     1.000         0
    4.972     4.630     0.060     1.000         0
    4.778     4.533     0.060     1.000         0
    4.586     4.451     0.060     1.000         0
    4.382     4.369     0.060     1.000         0
    4.187     4.290     0.060     1.000         0
    4.021     4.209     0.060     1.000         0
    3.800     4.127     0.060     1.000         0
    3.599     4.049     0.060     1.000         0
    3.404     3.968     0.060     1.000         0
    3.212     3.883     0.060     1.000         0
    3.018     3.817     0.060     1.000         0
    2.826     3.755     0.060     1.000         0
    2.623     3.714     0.060     1.000         0
    2.428     3.656     0.060     1.000         0
    2.236     3.604     0.060     1.000         0
    2.041     3.555     0.060     1.000         0
    1.838     3.510     0.060     1.000         0
    1.646     3.467     0.060     1.000         0
    1.451     3.428     0.060     1.000         0
    1.259     3.399     0.060     1.000         0
    1.064     3.399     0.060     1.000         0
    0.863     3.368     0.060     1.000         0
    0.669     3.359     0.060     1.000         0
    0.476     3.325     0.060     1.000         0
    0.282     3.310     0.060     1.000         0
   14.869     8.363     0.060     2.000         0
   14.674     8.331     0.060     2.000         0
   14.500     8.293     0.060     2.000         0
   14.305     8.252     0.060     2.000         0
   14.113     8.191     0.060     2.000         0
   13.936     8.153     0.060     2.000         0
   13.741     8.116     0.060     2.000         0
   13.576     8.075     0.060     2.000         0
   13.381     8.039     0.060     2.000         0
   13.180     8.006     0.060     2.000         0
   13.011     7.964     0.060     2.000         0
   12.819     7.934     0.060     2.000         0
   12.616     7.886     0.060     2.000         0
   12.422     7.846     0.060     2.000         0
   12.230     7.820     0.060     2.000         0
   12.009     7.768     0.060     2.000         0
   11.817     7.704     0.060     2.000         0
   11.622     7.629     0.060     2.000         0
   11.421     7.552     0.060     2.000         0
   11.226     7.482     0.060     2.000         0
   11.034     7.403     0.060     2.000         0
   10.840     7.333     0.060     2.000         0
   10.636     7.256     0.060     2.000         0
   10.444     7.186     0.060     2.000         0
   10.223     7.111     0.060     2.000         0
   10.028     7.041     0.060     2.000         0
    9.836     6.966     0.060     2.000         0
    9.641     6.896     0.060     2.000         0
    9.441     6.825     0.060     2.000         0
    9.273     6.755     0.060     2.000         0
    9.081     6.686     0.060     2.000         0
    8.877     6.607     0.060     2.000         0
  103.802    19.510     0.060     3.000         0
  103.581    19.479     0.060     3.000         0
  103.390    19.452     0.060     3.000         0
  103.186    19.443     0.060     3.000         0
  102.992    19.406     0.060     3.000         0
  102.800    19.404     0.060     3.000         0
  102.580    19.378     0.060     3.000         0
  102.388    19.336     0.060     3.000         0
  102.193    19.333     0.060     3.000         0
  101.990    19.304     0.060     3.000         0
  101.798    19.282     0.060     3.000         0
  101.603    19.255     0.060     3.000         0
  101.409    19.227     0.060     3.000         0
  101.234    19.212     0.060     3.000         0
  101.042    19.180     0.060     3.000         0
  100.875    19.161     0.060     3.000         0
  100.671    19.132     0.060     3.000         0
  100.506    19.104     0.060     3.000         0
  100.311    19.061     0.060     3.000         0
  100.136    19.046     0.060     3.000         0
   99.967    19.003     0.060     3.000         0
   99.776    18.986     0.060     3.000         0
   99.599    18.971     0.060     3.000         0
   99.434    18.938     0.060     3.000         0
   99.230    18.894     0.060     3.000         0
   99.064    18.876     0.060     3.000         0
   83.753    16.918     0.060     3.000         0
   83.561    16.881     0.060     3.000         0
   83.393    16.856     0.060     3.000         0
   83.189    16.827     0.060     3.000         0
   83.023    16.803     0.060     3.000         0
   82.829    16.795     0.060     3.000         0
   82.654    16.750     0.060     3.000         0
   82.460    16.742     0.060     3.000         0
   82.295    16.698     0.060     3.000         0
   82.091    16.679     0.060     3.000         0
   81.899    16.661     0.060     3.000         0
   81.731    16.617     0.060     3.000         0
   81.536    16.599     0.060     3.000         0
   81.335    16.584     0.060     3.000         0
   81.170    16.543     0.060     3.000         0
   80.976    16.534     0.060     3.000         0
   80.772    16.494     0.060     3.000         0
   80.607    16.494     0.060     3.000         0
   80.412    16.469     0.060     3.000         0
   80.237    16.438     0.060     3.000         0
   80.043    16.420     0.060     3.000         0
   79.851    16.388     0.060     3.000         0
   79.673    16.362     0.060     3.000         0
   79.480    16.340     0.060     3.000         0
   79.288    16.313     0.060     3.000         0
   79.093    16.285     0.060     3.000         0
   78.919    16.260     0.060     3.000         0
   78.724    16.232     0.060     3.000         0
   78.532    16.190     0.060     3.000         0
   78.337    16.177     0.060     3.000         0
   78.137    16.149     0.060     3.000         0
   77.943    16.111     0.060     3.000         0
   77.774    16.082     0.060     3.000         0
   77.582    16.055     0.060     3.000         0
   77.379    16.021     0.060     3.000         0
   77.187    16.009     0.060     3.000         0
   76.992    15.967     0.060     3.000         0
   65.853    14.717     0.060     3.000         0
   65.661    14.663     0.060     3.000         0
   65.466    14.637     0.060     3.000         0
   65.245    14.594     0.060     3.000         0
   65.054    14.584     0.060     3.000         0
   64.850    14.543     0.060     3.000         0
   64.629    14.526     0.060     3.000         0
   64.437    14.497     0.060     3.000         0
   64.243    14.468     0.060     3.000         0
   64.025    14.450     0.060     3.000         0
   63.830    14.416     0.060     3.000         0
   63.609    14.385     0.060     3.000         0
   63.409    14.367     0.060     3.000         0
   63.191    14.326     0.060     3.000         0
   62.996    14.325     0.060     3.000         0
   62.802    14.304     0.060     3.000         0
   62.610    14.290     0.060     3.000         0
   62.389    14.295     0.060     3.000         0
   62.194    14.269     0.060     3.000         0
   61.994    14.252     0.060     3.000         0
   61.773    14.243     0.060     3.000         0
   61.581    14.214     0.060     3.000         0
   61.386    14.204     0.060     3.000         0
   61.168    14.176     0.060     3.000         0
   60.974    14.170     0.060     3.000         0
   60.771    14.171     0.060     3.000         0
   60.553    14.142     0.060     3.000         0
   60.358    14.144     0.060     3.000         0
   60.166    14.138     0.060     3.000         0
   59.945    14.109     0.060     3.000         0
   59.751    14.085     0.060     3.000         0
   59.751    14.085     0.060     3.000         0
   59.338    14.055     0.060     3.000         0
   59.134    14.051     0.060     3.000         0
   58.943    14.021     0.060     3.000         0
   58.722    14.007     0.060     3.000         0
   58.527    14.002     0.060     3.000         0
   58.335    13.986     0.060     3.000         0
   58.132    13.960     0.060     3.000         0
   57.914    13.942     0.060     3.000         0
   57.719    13.917     0.060     3.000         0
   57.527    13.879     0.060     3.000         0
   57.306    13.867     0.060     3.000         0
   57.112    13.834     0.060     3.000         0
   56.920    13.801     0.060     3.000         0
   56.700    13.760     0.060     3.000         0
   56.499    13.742     0.060     3.000         0
   56.304    13.715     0.060     3.000         0
   56.083    13.678     0.060     3.000         0
   55.891    13.651     0.060     3.000         0
   55.670    13.609     0.060     3.000         0
   55.478    13.577     0.060     3.000         0
   55.275    13.544     0.060     3.000         0
   55.055    13.507     0.060     3.000         0
   54.863    13.470     0.060     3.000         0
   54.668    13.463     0.060     3.000         0
   54.447    13.423     0.060     3.000         0
   54.255    13.398     0.060     3.000         0
   54.034    13.379     0.060     3.000         0
   53.840    13.337     0.060     3.000         0
   53.640    13.314     0.060     3.000         0
   53.419    13.277     0.060     3.000         0
   53.227    13.248     0.060     3.000         0
   53.032    13.213     0.060     3.000         0
   52.814    13.185     0.060     3.000         0
   52.619    13.158     0.060     3.000         0
   52.418    13.110     0.060     3.000         0
   52.197    13.090     0.060     3.000         0
   52.003    13.064     0.060     3.000         0
   51.785    13.034     0.060     3.000         0
   51.590    12.998     0.060     3.000         0
   51.396    12.973     0.060     3.000         0
   51.178    12.941     0.060     3.000         0
   50.983    12.922     0.060     3.000         0
   50.782    12.899     0.060     3.000         0
   50.562    12.874     0.060     3.000         0
   50.367    12.836     0.060     3.000         0
   50.175    12.809     0.060     3.000         0
   49.954    12.768     0.060     3.000         0
   49.759    12.740     0.060     3.000         0
   49.541    12.720     0.060     3.000         0
   49.338    12.682     0.060     3.000         0
   49.118    12.665     0.060     3.000         0
   48.926    12.641     0.060     3.000         0
   48.731    12.606     0.060     3.000         0
   48.513    12.584     0.060     3.000         0
   48.318    12.549     0.060     3.000         0
   48.097    12.526     0.060     3.000         0
   47.905    12.489     0.060     3.000         0
   47.685    12.453     0.060     3.000         0
   47.484    12.434     0.060     3.000         0
   47.289    12.392     0.060     3.000         0
   47.071    12.390     0.060     3.000         0
   46.876    12.364     0.060     3.000         0
   46.682    12.359     0.060     3.000         0
   46.464    12.323     0.060     3.000         0
   46.260    12.305     0.060     3.000         0
   46.068    12.273     0.060     3.000         0
   45.848    12.261     0.060     3.000         0
   45.653    12.242     0.060     3.000         0
   45.435    12.210     0.060     3.000         0
   45.240    12.204     0.060     3.000         0
   45.048    12.188     0.060     3.000         0
   44.827    12.160     0.060     3.000         0
   44.625    12.156     0.060     3.000         0
   44.433    12.133     0.060     3.000         0
   44.212    12.117     0.060     3.000         0
   44.020    12.108     0.060     3.000         0
   43.825    12.078     0.060     3.000         0
   43.604    12.092     0.060     3.000         0
   43.403    12.085     0.060     3.000         0
   43.208    12.073     0.060     3.000         0
   42.988    12.029     0.060     3.000         0
   42.796    12.018     0.060     3.000         0
   42.601    12.004     0.060     3.000         0
   42.409    11.970     0.060     3.000         0
   42.188    11.959     0.060     3.000         0
   41.988    11.944     0.060     3.000         0
   41.793    11.920     0.060     3.000         0
   41.599    11.886     0.060     3.000         0
   41.407    11.875     0.060     3.000         0
   41.186    11.835     0.060     3.000         0
   40.985    11.818     0.060     3.000         0
   40.790    11.781     0.060     3.000         0
   40.596    11.755     0.060     3.000         0
   40.404    11.738     0.060     3.000         0
   40.209    11.701     0.060     3.000         0
   40.006    11.673     0.060     3.000         0
   39.814    11.657     0.060     3.000         0
   39.619    11.643     0.060     3.000         0
   39.427    11.604     0.060     3.000         0
   39.224    11.584     0.060     3.000         0
   39.032    11.542     0.060     3.000         0
   38.837    11.530     0.060     3.000         0
   38.645    11.488     0.060     3.000         0
   38.451    11.456     0.060     3.000         0
   38.250    11.434     0.060     3.000         0
   38.029    11.419     0.060     3.000         0
   37.835    11.388     0.060     3.000         0
   37.643    11.377     0.060     3.000         0
   37.448    11.356     0.060     3.000         0
   37.244    11.334     0.060     3.000         0
   37.052    11.300     0.060     3.000         0
   36.860    11.255     0.060     3.000         0
   36.666    11.234     0.060     3.000         0
   36.471    11.217     0.060     3.000         0
   36.271    11.230     0.060     3.000         0
   36.076    11.213     0.060     3.000         0
   35.884    11.195     0.060     3.000         0
   35.689    11.147     0.060     3.000         0
   35.486    11.127     0.060     3.000         0
   35.294    11.099     0.060     3.000         0
   35.100    11.078     0.060     3.000         0
   34.908    11.056     0.060     3.000         0
   34.713    11.034     0.060     3.000         0
   34.509    11.011     0.060     3.000         0
   34.343    11.002     0.060     3.000         0
   34.148    10.986     0.060     3.000         0
   33.974    10.982     0.060     3.000         0
   33.780    10.964     0.060     3.000         0
   33.614    10.940     0.060     3.000         0
   33.411    10.906     0.060     3.000         0
   33.245    10.877     0.060     3.000         0
   33.050    10.844     0.060     3.000         0
   32.849    10.819     0.060     3.000         0
   32.681    10.809     0.060     3.000         0
   32.489    10.778     0.060     3.000         0
   32.312    10.763     0.060     3.000         0
   32.120    10.732     0.060     3.000         0
   31.925    10.708     0.060     3.000         0
   31.748    10.686     0.060     3.000         0
   31.556    10.647     0.060     3.000         0
   31.387    10.615     0.060     3.000         0
   31.195    10.589     0.060     3.000         0
   30.992    10.573     0.060     3.000         0
   30.826    10.551     0.060     3.000         0
   30.632    10.523     0.060     3.000         0
   30.457    10.527     0.060     3.000         0
   30.263    10.499     0.060     3.000         0
   30.068    10.488     0.060     3.000         0
   29.893    10.449     0.060     3.000         0
   29.698    10.428     0.060     3.000         0
   29.532    10.420     0.060     3.000         0
   29.330    10.382     0.060     3.000         0
   29.135    10.354     0.060     3.000         0
   28.969    10.326     0.060     3.000         0
   28.774    10.310     0.060     3.000         0
   28.574    10.273     0.060     3.000         0
   28.379    10.262     0.060     3.000         0
   28.213    10.257     0.060     3.000         0
   28.009    10.252     0.060     3.000         0
   27.817    10.239     0.060     3.000         0
   27.649    10.209     0.060     3.000         0
   27.455    10.186     0.060     3.000         0
   27.254    10.151     0.060     3.000         0
   27.085    10.131     0.060     3.000         0
   26.893    10.103     0.060     3.000         0
   26.690    10.083     0.060     3.000         0
   26.498    10.054     0.060     3.000         0
   26.304    10.024     0.060     3.000         0
   26.112     9.995     0.060     3.000         0
   25.917     9.968     0.060     3.000         0
   25.713     9.946     0.060     3.000         0
   25.547     9.918     0.060     3.000         0
   25.352     9.891     0.060     3.000         0
   25.152     9.854     0.060     3.000         0
   24.957     9.817     0.060     3.000         0
   24.765     9.771     0.060     3.000         0
   24.571     9.750     0.060     3.000         0
   24.376     9.739     0.060     3.000         0
   24.202     9.711     0.060     3.000         0
   24.007     9.688     0.060     3.000         0
   23.832     9.649     0.060     3.000         0
   23.637     9.617     0.060     3.000         0
   23.445     9.577     0.060     3.000         0
   23.251     9.563     0.060     3.000         0
   23.056     9.528     0.060     3.000         0
   22.856     9.504     0.060     3.000         0
   22.661     9.490     0.060     3.000         0
   22.469     9.456     0.060     3.000         0
   22.274     9.438     0.060     3.000         0
   22.073     9.399     0.060     3.000         0
   22.073     9.389     0.060     3.000         0
   22.073     9.409     0.060     3.000         0
   22.073     9.389     0.060     3.000         0
   22.073     9.409     0.060     3.000         0
   22.073     9.389     0.060     3.000         0
   22.073     9.409     0.060     3.000         0
   20.736     9.184     0.060     3.000         0
   20.559     9.146     0.060     3.000         0
   20.367     9.114     0.060     3.000         0
   20.173     9.086     0.060     3.000         0
   19.995     9.069     0.060     3.000         0
   19.803     9.040     0.060     3.000         0
   19.608     9.000     0.060     3.000         0
   19.434     8.964     0.060     3.000         0
   19.239     8.935     0.060     3.000         0
   19.073     8.902     0.060     3.000         0
   18.896     8.873     0.060     3.000         0
   18.704     8.846     0.060     3.000         0
   18.536     8.823     0.060     3.000         0
   18.335     8.784     0.060     3.000         0
   18.166     8.756     0.060     3.000         0
   17.974     8.724     0.060     3.000         0
   17.797     8.705     0.060     3.000         0
   17.631     8.678     0.060     3.000         0
   17.436     8.651     0.060     3.000         0
   17.262     8.629     0.060     3.000         0
   17.068     8.594     0.060     3.000         0
   16.902     8.579     0.060     3.000         0
   16.724     8.541     0.060     3.000         0
   16.532     8.523     0.060     3.000         0
   16.355     8.496     0.060     3.000         0
   16.160     8.473     0.060     3.000         0
   15.994     8.454     0.060     3.000         0
   15.799     8.463     0.060     3.000         0
   15.625     8.443     0.060     3.000         0
   15.431     8.436     0.060     3.000         0
   15.239     8.398     0.060     3.000         0
   15.061     8.392     0.060     3.000         0
   16.355     8.707     0.060     4.000         0
   16.160     8.682     0.060     4.000         0
   15.994     8.653     0.060     4.000         0
   15.799     8.624     0.060     4.000         0
   15.625     8.593     0.060     4.000         0
   15.431     8.569     0.060     4.000         0
   15.239     8.520     0.060     4.000         0
   15.061     8.488     0.060     4.000         0
   14.869     8.464     0.060     4.000         0
   14.674     8.435     0.060     4.000         0
   14.500     8.419     0.060     4.000         0
   14.305     8.396     0.060     4.000         0
   14.113     8.367     0.060     4.000         0
   13.936     8.346     0.060     4.000         0
   13.741     8.308     0.060     4.000         0
   13.576     8.299     0.060     4.000         0
   13.381     8.270     0.060     4.000         0
   13.180     8.235     0.060     4.000         0
   13.011     8.210     0.060     4.000         0
   12.819     8.191     0.060     4.000         0
    0.000    -1.000     0.000         0
   -0.081     3.289     0.060     1.000         0
   -0.112     3.292     0.060     1.000         0
   -0.308     3.310     0.060     1.000         0
   -0.499     3.327     0.060     1.000         0
   -0.694     3.351     0.060     1.000         0
   -0.895     3.355     0.060     1.000         0
   -1.090     3.374     0.060     1.000         0
   -1.284     3.403     0.060     1.000         0
   -1.476     3.440     0.060     1.000         0
   -1.680     3.489     0.060     1.000         0
   -1.872     3.535     0.060     1.000         0
   -2.067     3.582     0.060     1.000         0
   -2.262     3.630     0.060     1.000         0
   -2.454     3.676     0.060     1.000         0
   -2.658     3.735     0.060     1.000         0
   -2.849     3.793     0.060     1.000         0
   -3.043     3.861     0.060     1.000         0
   -3.235     3.924     0.060     1.000         0
   -3.439     3.990     0.060     1.000         0
   -3.631     4.074     0.060     1.000         0
   -3.826     4.148     0.060     1.000         0
   -4.021     4.228     0.060     1.000         0
   -4.213     4.311     0.060     1.000         0
   -4.416     4.400     0.060     1.000         0
   -4.608     4.488     0.060     1.000         0
   -4.803     4.577     0.060     1.000         0
   -4.998     4.667     0.060     1.000         0
   -5.199     4.759     0.060     1.000         0
   -5.394     4.849     0.060     1.000         0
   -5.586     4.942     0.060     1.000         0
   -5.781     5.037     0.060     1.000         0
   -5.973     5.142     0.060     1.000         0
   -6.175     5.232     0.060     1.000         0
   -6.370     5.334     0.060     1.000         0
   -6.562     5.439     0.060     1.000         0
   -6.757     5.541     0.060     1.000         0
   -6.958     5.646     0.060     1.000         0
   -7.153     5.753     0.060     1.000         0
   -7.345     5.850     0.060     1.000         0
   -7.539     5.918     0.060     1.000         0
   -7.734     6.021     0.060     1.000         0
   -7.935     6.117     0.060     1.000         0
   -8.130     6.230     0.060     1.000         0
   -8.322     6.371     0.060     1.000         0
   -8.913     6.643     0.060     2.000         0
   -9.107     6.706     0.060     2.000         0
   -9.299     6.778     0.060     2.000         0
   -9.494     6.846     0.060     2.000         0
   -9.694     6.905     0.060     2.000         0
   -9.889     6.973     0.060     2.000         0
  -10.082     7.051     0.060     2.000         0
  -10.277     7.116     0.060     2.000         0
  -10.479     7.194     0.060     2.000         0
  -10.671     7.288     0.060     2.000         0
  -10.866     7.363     0.060     2.000         0
  -11.058     7.421     0.060     2.000         0
  -11.253     7.502     0.060     2.000         0
  -11.457     7.561     0.060     2.000         0
  -11.649     7.625     0.060     2.000         0
  -11.870     7.676     0.060     2.000         0
  -12.062     7.712     0.060     2.000         0
  -12.256     7.773     0.060     2.000         0
  -12.457     7.826     0.060     2.000         0
  -12.652     7.868     0.060     2.000         0
  -12.844     7.908     0.060     2.000         0
  -13.039     7.950     0.060     2.000         0
  -13.234     7.982     0.060     2.000         0
  -13.435     8.015     0.060     2.000         0
  -13.629     8.046     0.060     2.000         0
  -13.824     8.078     0.060     2.000         0
  -14.016     8.099     0.060     2.000         0
  -14.220     8.119     0.060     2.000         0
  -14.412     8.153     0.060     2.000         0
  -14.607     8.177     0.060     2.000         0
  -14.799     8.206     0.060     2.000         0
  -14.994     8.230     0.060     2.000         0
  -15.197     8.245     0.060     2.000         0
  -15.389     8.276     0.060     2.000         0
  -15.584     8.298     0.060     2.000         0
  -15.776     8.315     0.060     2.000         0
  -15.979     8.333     0.060     2.000         0
  -16.148     8.379     0.060     2.000         0
  -16.340     8.415     0.060     2.000         0
  -16.534     8.446     0.060     2.000         0
  -16.735     8.483     0.060     2.000         0
  -16.930     8.530     0.060     2.000         0
  -17.122     8.565     0.060     2.000         0
  -17.317     8.617     0.060     2.000         0
  -17.521     8.649     0.060     2.000         0
  -17.713     8.688     0.060     2.000         0
  -17.908     8.739     0.060     2.000         0
  -18.100     8.788     0.060     2.000         0
  -18.294     8.823     0.060     2.000         0
  -18.495     8.860     0.060     2.000         0
  -18.690     8.904     0.060     2.000         0
  -18.911     8.944     0.060     2.000         0
  -19.103     8.968     0.060     2.000         0
  -19.298     9.003     0.060     2.000         0
  -19.499     9.029     0.060     2.000         0
  -19.693     9.073     0.060     2.000         0
  -19.888     9.108     0.060     2.000         0
  -20.080     9.152     0.060     2.000         0
  -20.275     9.186     0.060     2.000         0
  -20.476     9.202     0.060     2.000         0
  -20.671     9.236     0.060     2.000         0
  -20.866     9.276     0.060     2.000         0
  -21.058     9.315     0.060     2.000         0
  -21.453     9.389     0.060     3.000         0
  -21.648     9.396     0.060     3.000         0
  -21.843     9.433     0.060     3.000         0
  -22.061     9.465     0.060     3.000         0
  -22.256     9.496     0.060     3.000         0
  -22.457     9.518     0.060     3.000         0
  -22.651     9.529     0.060     3.000         0
  -22.843     9.534     0.060     3.000         0
  -23.038     9.570     0.060     3.000         0
  -23.242     9.566     0.060     3.000         0
  -23.434     9.591     0.060     3.000         0
  -23.629     9.630     0.060     3.000         0
  -23.821     9.658     0.060     3.000         0
  -24.042     9.690     0.060     3.000         0
  -24.236     9.708     0.060     3.000         0
  -24.437     9.733     0.060     3.000         0
  -24.632     9.757     0.060     3.000         0
  -24.824     9.790     0.060     3.000         0
  -25.019     9.804     0.060     3.000         0
  -25.220     9.842     0.060     3.000         0
  -25.415     9.869     0.060     3.000         0
  -25.635     9.890     0.060     3.000         0
  -25.827     9.924     0.060     3.000         0
  -26.022     9.959     0.060     3.000         0
  -26.214     9.978     0.060     3.000         0
  -26.435    10.005     0.060     3.000         0
  -26.636    10.050     0.060     3.000         0
  -26.831    10.068     0.060     3.000         0
  -27.052    10.101     0.060     3.000         0
  -27.244    10.131     0.060     3.000         0
  -27.439    10.181     0.060     3.000         0
  -27.660    10.228     0.060     3.000         0
  -27.861    10.252     0.060     3.000         0
  -28.056    10.275     0.060     3.000         0
  -28.274    10.307     0.060     3.000         0
  -28.469    10.345     0.060     3.000         0
  -28.689    10.386     0.060     3.000         0
  -28.881    10.393     0.060     3.000         0
  -29.102    10.434     0.060     3.000         0
  -29.294    10.465     0.060     3.000         0
  -29.498    10.473     0.060     3.000         0
  -29.716    10.502     0.060     3.000         0
  -29.912    10.539     0.060     3.000         0
  -30.107    10.546     0.060     3.000         0
  -30.325    10.587     0.060     3.000         0
  -30.519    10.605     0.060     3.000         0
  -30.720    10.630     0.060     3.000         0
  -30.915    10.649     0.060     3.000         0
  -31.110    10.683     0.060     3.000         0
  -31.328    10.698     0.060     3.000         0
  -31.523    10.702     0.060     3.000         0
  -31.717    10.725     0.060     3.000         0
   -0.308     6.865     0.060     4.000         0
   -0.499     6.901     0.060     4.000         0
   -0.694     6.948     0.060     4.000         0
   -0.895     6.948     0.060     4.000         0
   -1.090     6.962     0.060     4.000         0
   -1.284     6.997     0.060     4.000         0
   -1.476     6.995     0.060     4.000         0
   -1.680     7.000     0.060     4.000         0
   -1.872     7.014     0.060     4.000         0
   -2.067     7.024     0.060     4.000         0
   -2.262     7.038     0.060     4.000         0
   -2.454     7.072     0.060     4.000         0
   -2.658     7.077     0.060     4.000         0
   -2.849     7.091     0.060     4.000         0
   -3.043     7.110     0.060     4.000         0
   -3.235     7.104     0.060     4.000         0
   -3.439     7.119     0.060     4.000         0
   -3.631     7.138     0.060     4.000         0
   -3.826     7.142     0.060     4.000         0
   -4.021     7.161     0.060     4.000         0
   -4.213     7.170     0.060     4.000         0
   -4.416     7.180     0.060     4.000         0
   -4.608     7.194     0.060     4.000         0
   -4.803     7.203     0.060     4.000         0
   -4.998     7.222     0.060     4.000         0
   -5.199     7.232     0.060     4.000         0
   -5.394     7.251     0.060     4.000         0
   -5.586     7.262     0.060     4.000         0
   -5.781     7.298     0.060     4.000         0
   -5.973     7.299     0.060     4.000         0
   -6.175     7.321     0.060     4.000         0
   -6.370     7.342     0.060     4.000         0
   -6.562     7.358     0.060     4.000         0
   -6.757     7.379     0.060     4.000         0
   -6.958     7.401     0.060     4.000         0
   -7.153     7.437     0.060     4.000         0
   -7.345     7.448     0.060     4.000         0
   -7.539     7.479     0.060     4.000         0
   -7.734     7.500     0.060     4.000         0
   -7.935     7.517     0.060     4.000         0
   -8.130     7.538     0.060     4.000         0
   -8.322     7.538     0.060     4.000         0
   -8.517     7.575     0.060     4.000         0
   -8.718     7.576     0.060     4.000         0
   -8.913     7.598     0.060     4.000         0
   -9.107     7.629     0.060     4.000         0
   -9.299     7.639     0.060     4.000         0
   -9.494     7.655     0.060     4.000         0
   -9.694     7.682     0.060     4.000         0
   -9.889     7.698     0.060     4.000         0
  -10.082     7.719     0.060     4.000         0
  -10.277     7.745     0.060     4.000         0
  -10.479     7.752     0.060     4.000         0
  -10.671     7.788     0.060     4.000         0
  -10.866     7.799     0.060     4.000         0
  -11.058     7.820     0.060     4.000         0
  -11.253     7.848     0.060     4.000         0
  -11.457     7.888     0.060     4.000         0
  -11.649     7.906     0.060     4.000         0
  -11.870     7.924     0.060     4.000         0
  -12.062     7.972     0.060     4.000         0
  -12.256     7.975     0.060     4.000         0
  -12.457     8.004     0.060     4.000         0
  -12.652     8.032     0.060     4.000         0
  -12.844     8.060     0.060     4.000         0
  -13.039     8.094     0.060     4.000         0
  -13.234     8.133     0.060     4.000         0
  -13.435     8.158     0.060     4.000         0
  -13.629     8.187     0.060     4.000         0
  -13.824     8.197     0.060     4.000         0
  -14.016     8.226     0.060     4.000         0
  -14.220     8.272     0.060     4.000         0
  -14.412     8.300     0.060     4.000         0
  -14.607     8.330     0.060     4.000         0
  -14.799     8.354     0.060     4.000         0
  -14.994     8.383     0.060     4.000         0
  -15.197     8.414     0.060     4.000         0
  -15.389     8.438     0.060     4.000         0
  -15.584     8.447     0.060     4.000         0
  -15.776     8.476     0.060     4.000         0
  -15.979     8.521     0.060     4.000         0
  -16.148     8.526     0.060     4.000         0
  -16.340     8.555     0.060     4.000         0
  -16.534     8.584     0.060     4.000         0
  -16.735     8.610     0.060     4.000         0
  -16.930     8.639     0.060     4.000         0
  -17.122     8.668     0.060     4.000         0
  -17.317     8.717     0.060     4.000         0
  -17.521     8.743     0.060     4.000         0
  -17.713     8.752     0.060     4.000         0
  -17.908     8.791     0.060     4.000         0
  -18.100     8.818     0.060     4.000         0
  -18.294     8.850     0.060     4.000         0
  -18.495     8.908     0.060     4.000         0
  -18.690     8.920     0.060     4.000         0
  -18.911     8.978     0.060     4.000         0
  -19.103     9.000     0.060     4.000         0
  -19.298     9.032     0.060     4.000         0
  -19.499     9.070     0.060     4.000         0
  -19.693     9.107     0.060     4.000         0
  -19.888     9.139     0.060     4.000         0
  -20.080     9.176     0.060     4.000         0
  -20.275     9.233     0.060     4.000         0
  -20.476     9.271     0.060     4.000         0
  -20.671     9.298     0.060     4.000         0
  -20.866     9.330     0.060     4.000         0
  -21.058     9.367     0.060     4.000         0
  -21.261     9.401     0.060     4.000         0
  -21.453     9.427     0.060     4.000         0
  -21.648     9.464     0.060     4.000         0
  -21.843     9.496     0.060     4.000         0
  -22.061     9.558     0.060     4.000         0
  -22.256     9.586     0.060     4.000         0
  -22.457     9.609     0.060     4.000         0
  -22.651     9.666     0.060     4.000         0
  -22.843     9.702     0.060     4.000         0
  -23.038     9.734     0.060     4.000         0
  -23.242     9.773     0.060     4.000         0
  -23.434     9.810     0.060     4.000         0
  -23.629     9.832     0.060     4.000         0
  -23.821     9.883     0.060     4.000         0
  -24.042     9.931     0.060     4.000         0
  -24.236     9.962     0.060     4.000         0
  -24.437    10.010     0.060     4.000         0
  -24.632    10.057     0.060     4.000         0
  -24.824    10.102     0.060     4.000         0
  -25.019    10.144     0.060     4.000         0
  -25.220    10.212     0.060     4.000         0
  -25.415    10.238     0.060     4.000         0
  -25.635    10.306     0.060     4.000         0
  -25.827    10.332     0.060     4.000         0
  -26.022    10.398     0.060     4.000         0
  -26.214    10.429     0.060     4.000         0
  -26.435    10.482     0.060     4.000         0
    0.000     0.000     0.000        -1
