    0.000     1.000     0.000         0
    8.580     6.481     0.060     1.000         0
    8.414     6.400     0.060     1.000         0
    8.237     6.334     0.060     1.000         0
    8.045     6.231     0.060     1.000         0
    7.877     6.130     0.060     1.000         0
    7.676     6.041     0.060     1.000         0
    7.508     5.941     0.060     1.000         0
    7.316     5.848     0.060     1.000         0
    7.138     5.753     0.060     1.000         0
    6.972     5.664     0.060     1.000         0
    6.778     5.571     0.060     1.000         0
    6.603     5.476     0.060     1.000         0
    6.409     5.351     0.060     1.000         0
    6.243     5.256     0.060     1.000         0
    6.066     5.166     0.060     1.000         0
    5.874     5.068     0.060     1.000         0
    5.696     4.978     0.060     1.000         0
    5.502     4.894     0.060     1.000         0
    5.336     4.804     0.060     1.000         0
    5.141     4.710     0.060     1.000         0
    4.966     4.626     0.060     1.000         0
    4.772     4.543     0.060     1.000         0
    4.580     4.450     0.060     1.000         0
    4.403     4.370     0.060     1.000         0
    4.211     4.289     0.060     1.000         0
    4.016     4.212     0.060     1.000         0
    3.841     4.133     0.060     1.000         0
    3.646     4.056     0.060     1.000         0
    3.454     3.994     0.060     1.000         0
    3.278     3.928     0.060     1.000         0
    3.083     3.860     0.060     1.000         0
    2.917     3.803     0.060     1.000         0
    2.722     3.735     0.060     1.000         0
    2.521     3.679     0.060     1.000         0
    2.353     3.627     0.060     1.000         0
    2.161     3.573     0.060     1.000         0
    1.957     3.521     0.060     1.000         0
    1.764     3.486     0.060     1.000         0
    1.571     3.446     0.060     1.000         0
    1.350     3.411     0.060     1.000         0
    1.158     3.375     0.060     1.000         0
    0.964     3.353     0.060     1.000         0
    0.763     3.326     0.060     1.000         0
    0.568     3.304     0.060     1.000         0
    0.376     3.306     0.060     1.000         0
   12.787     7.884     0.060     2.000         0
   12.593     7.836     0.060     2.000         0
   12.398     7.764     0.060     2.000         0
   12.197     7.719     0.060     2.000         0
   12.002     7.641     0.060     2.000         0
   11.810     7.584     0.060     2.000         0
   11.615     7.526     0.060     2.000         0
   11.415     7.482     0.060     2.000         0
   11.415     7.487     0.060     2.000         0
   11.415     7.482     0.060     2.000         0
   11.415     7.487     0.060     2.000         0
   11.415     7.472     0.060     2.000         0
   11.415     7.487     0.060     2.000         0
   11.415     7.467     0.060     2.000         0
   10.077     7.079     0.060     2.000         0
    9.900     7.004     0.060     2.000         0
    9.708     6.935     0.060     2.000         0
    9.514     6.876     0.060     2.000         0
    9.337     6.815     0.060     2.000         0
    9.145     6.742     0.060     2.000         0
    8.950     6.673     0.060     2.000         0
    8.775     6.598     0.060     2.000         0
   53.779    12.918     0.060     3.000         0
   53.585    12.880     0.060     3.000         0
   53.367    12.853     0.060     3.000         0
   53.172    12.850     0.060     3.000         0
   52.951    12.823     0.060     3.000         0
   52.750    12.778     0.060     3.000         0
   52.532    12.756     0.060     3.000         0
   52.337    12.729     0.060     3.000         0
   52.143    12.707     0.060     3.000         0
   51.952    12.695     0.060     3.000         0
   51.731    12.679     0.060     3.000         0
   51.536    12.656     0.060     3.000         0
   51.335    12.657     0.060     3.000         0
   51.114    12.640     0.060     3.000         0
   50.922    12.612     0.060     3.000         0
   50.727    12.604     0.060     3.000         0
   50.509    12.625     0.060     3.000         0
   50.315    12.617     0.060     3.000         0
   50.112    12.590     0.060     3.000         0
   49.894    12.587     0.060     3.000         0
   49.699    12.572     0.060     3.000         0
   49.507    12.542     0.060     3.000         0
   49.286    12.536     0.060     3.000         0
   49.092    12.524     0.060     3.000         0
   49.092    12.524     0.060     3.000         0
   48.679    12.481     0.060     3.000         0
   48.476    12.450     0.060     3.000         0
   48.284    12.445     0.060     3.000         0
   48.063    12.421     0.060     3.000         0
   47.868    12.386     0.060     3.000         0
   47.676    12.377     0.060     3.000         0
   47.474    12.356     0.060     3.000         0
   47.256    12.322     0.060     3.000         0
   47.061    12.302     0.060     3.000         0
   46.869    12.264     0.060     3.000         0
   46.648    12.246     0.060     3.000         0
   46.453    12.228     0.060     3.000         0
   46.261    12.195     0.060     3.000         0
   46.041    12.179     0.060     3.000         0
   45.840    12.136     0.060     3.000         0
   45.646    12.114     0.060     3.000         0
   45.425    12.083     0.060     3.000         0
   45.233    12.082     0.060     3.000         0
   45.012    12.046     0.060     3.000         0
   44.820    12.001     0.060     3.000         0
   44.616    11.968     0.060     3.000         0
   44.396    11.943     0.060     3.000         0
   44.204    11.903     0.060     3.000         0
   44.009    11.888     0.060     3.000         0
   43.788    11.848     0.060     3.000         0
   43.597    11.822     0.060     3.000         0
   43.376    11.801     0.060     3.000         0
   43.182    11.775     0.060     3.000         0
   42.981    11.760     0.060     3.000         0
   42.760    11.729     0.060     3.000         0
   42.568    11.715     0.060     3.000         0
   42.373    11.708     0.060     3.000         0
   42.155    11.668     0.060     3.000         0
   41.960    11.671     0.060     3.000         0
   41.760    11.653     0.060     3.000         0
   41.539    11.623     0.060     3.000         0
   41.345    11.606     0.060     3.000         0
   41.127    11.557     0.060     3.000         0
   40.932    11.550     0.060     3.000         0
   40.737    11.513     0.060     3.000         0
   40.519    11.475     0.060     3.000         0
   40.324    11.469     0.060     3.000         0
   40.123    11.443     0.060     3.000         0
   39.903    11.394     0.060     3.000         0
   39.709    11.368     0.060     3.000         0
   39.517    11.353     0.060     3.000         0
   39.296    11.337     0.060     3.000         0
   39.101    11.304     0.060     3.000         0
   38.883    11.273     0.060     3.000         0
   38.679    11.244     0.060     3.000         0
   38.459    11.218     0.060     3.000         0
   38.267    11.205     0.060     3.000         0
   38.072    11.190     0.060     3.000         0
   37.854    11.141     0.060     3.000         0
   37.659    11.116     0.060     3.000         0
   37.438    11.107     0.060     3.000         0
   37.246    11.072     0.060     3.000         0
   37.026    11.048     0.060     3.000         0
   36.826    11.021     0.060     3.000         0
   36.631    10.995     0.060     3.000         0
   36.413    10.992     0.060     3.000         0
   36.218    10.961     0.060     3.000         0
   36.023    10.932     0.060     3.000         0
   35.805    10.921     0.060     3.000         0
   35.601    10.876     0.060     3.000         0
   35.409    10.863     0.060     3.000         0
   22.956     9.267     0.060     3.000         0
   22.752     9.230     0.060     3.000         0
   22.586     9.227     0.060     3.000         0
   22.391     9.186     0.060     3.000         0
   22.191     9.154     0.060     3.000         0
   22.022     9.141     0.060     3.000         0
   21.830     9.106     0.060     3.000         0
   21.654     9.083     0.060     3.000         0
   21.462     9.057     0.060     3.000         0
   21.267     9.031     0.060     3.000         0
   21.089     9.013     0.060     3.000         0
   20.897     9.003     0.060     3.000         0
   20.729     8.980     0.060     3.000         0
   20.537     8.950     0.060     3.000         0
   20.333     8.918     0.060     3.000         0
   20.167     8.899     0.060     3.000         0
   19.973     8.888     0.060     3.000         0
   19.799     8.848     0.060     3.000         0
   19.604     8.846     0.060     3.000         0
   19.409     8.805     0.060     3.000         0
   19.235     8.805     0.060     3.000         0
   19.040     8.763     0.060     3.000         0
   18.874     8.760     0.060     3.000         0
   18.671     8.732     0.060     3.000         0
   18.476     8.723     0.060     3.000         0
   18.310     8.707     0.060     3.000         0
   18.116     8.688     0.060     3.000         0
   17.915     8.663     0.060     3.000         0
   17.720     8.634     0.060     3.000         0
   17.554     8.613     0.060     3.000         0
   17.351     8.603     0.060     3.000         0
   17.159     8.565     0.060     3.000         0
   16.991     8.545     0.060     3.000         0
   16.796     8.532     0.060     3.000         0
   16.595     8.497     0.060     3.000         0
   16.427     8.458     0.060     3.000         0
   16.235     8.450     0.060     3.000         0
   16.031     8.400     0.060     3.000         0
   15.839     8.382     0.060     3.000         0
   15.645     8.343     0.060     3.000         0
   15.453     8.325     0.060     3.000         0
   15.258     8.308     0.060     3.000         0
   15.055     8.280     0.060     3.000         0
   14.889     8.257     0.060     3.000         0
   14.694     8.230     0.060     3.000         0
   14.493     8.202     0.060     3.000         0
   14.298     8.175     0.060     3.000         0
   14.106     8.148     0.060     3.000         0
   13.912     8.121     0.060     3.000         0
   13.717     8.094     0.060     3.000         0
   13.543     8.060     0.060     3.000         0
    0.000    -1.000     0.000         0
   -0.183     3.294     0.060     1.000         0
   -0.044     3.294     0.060     1.000         0
   -0.214     3.297     0.060     1.000         0
   -0.436     3.313     0.060     1.000         0
   -0.632     3.328     0.060     1.000         0
   -0.822     3.347     0.060     1.000         0
   -1.018     3.367     0.060     1.000         0
   -1.217     3.393     0.060     1.000         0
   -1.385     3.420     0.060     1.000         0
   -1.577     3.455     0.060     1.000         0
   -1.781     3.498     0.060     1.000         0
   -1.973     3.547     0.060     1.000         0
   -2.168     3.598     0.060     1.000         0
   -2.360     3.652     0.060     1.000         0
   -2.555     3.707     0.060     1.000         0
   -2.757     3.770     0.060     1.000         0
   -2.949     3.830     0.060     1.000         0
   -3.144     3.890     0.060     1.000         0
   -3.336     3.959     0.060     1.000         0
   -3.540     4.022     0.060     1.000         0
   -3.735     4.091     0.060     1.000         0
   -3.927     4.170     0.060     1.000         0
   -4.122     4.250     0.060     1.000         0
   -4.314     4.329     0.060     1.000         0
   -4.517     4.413     0.060     1.000         0
   -4.708     4.504     0.060     1.000         0
   -4.877     4.598     0.060     1.000         0
   -5.081     4.696     0.060     1.000         0
   -5.468     4.870     0.060     1.000         0
   -5.686     4.961     0.060     1.000         0
   -5.880     5.063     0.060     1.000         0
   -6.072     5.170     0.060     1.000         0
   -6.276     5.273     0.060     1.000         0
   -6.471     5.374     0.060     1.000         0
   -6.637     5.470     0.060     1.000         0
   -6.858     5.570     0.060     1.000         0
   -7.058     5.678     0.060     1.000         0
   -7.253     5.779     0.060     1.000         0
   -7.445     5.886     0.060     1.000         0
   -7.639     5.990     0.060     1.000         0
   -7.831     6.097     0.060     1.000         0
   -8.035     6.211     0.060     1.000         0
   -8.230     6.325     0.060     1.000         0
   -8.422     6.413     0.060     1.000         0
   -8.617     6.487     0.060     1.000         0
   -8.820     6.608     0.060     2.000         0
   -9.012     6.687     0.060     2.000         0
   -9.207     6.757     0.060     2.000         0
   -9.399     6.825     0.060     2.000         0
   -9.594     6.875     0.060     2.000         0
   -9.794     6.947     0.060     2.000         0
   -9.989     7.022     0.060     2.000         0
  -10.181     7.096     0.060     2.000         0
  -10.376     7.166     0.060     2.000         0
  -10.579     7.244     0.060     2.000         0
  -10.771     7.322     0.060     2.000         0
  -10.966     7.391     0.060     2.000         0
  -11.158     7.468     0.060     2.000         0
  -11.353     7.541     0.060     2.000         0
  -11.554     7.616     0.060     2.000         0
  -11.749     7.678     0.060     2.000         0
  -11.943     7.731     0.060     2.000         0
  -12.135     7.772     0.060     2.000         0
  -12.338     7.846     0.060     2.000         0
  -12.530     7.888     0.060     2.000         0
  -12.725     7.921     0.060     2.000         0
  -12.921     7.954     0.060     2.000         0
  -13.112     7.997     0.060     2.000         0
  -13.316     8.031     0.060     2.000         0
  -13.508     8.069     0.060     2.000         0
  -13.702     8.107     0.060     2.000         0
  -13.894     8.164     0.060     2.000         0
  -14.098     8.194     0.060     2.000         0
  -14.290     8.237     0.060     2.000         0
  -14.485     8.270     0.060     2.000         0
  -14.680     8.309     0.060     2.000         0
  -14.872     8.337     0.060     2.000         0
  -15.075     8.378     0.060     2.000         0
  -15.267     8.426     0.060     2.000         0
  -15.462     8.465     0.060     2.000         0
  -15.657     8.503     0.060     2.000         0
  -15.857     8.543     0.060     2.000         0
  -16.052     8.592     0.060     2.000         0
  -16.244     8.625     0.060     2.000         0
  -16.439     8.669     0.060     2.000         0
  -16.631     8.708     0.060     2.000         0
  -16.834     8.748     0.060     2.000         0
  -17.029     8.782     0.060     2.000         0
  -17.221     8.825     0.060     2.000         0
  -17.416     8.864     0.060     2.000         0
  -17.617     8.904     0.060     2.000         0
  -17.812     8.943     0.060     2.000         0
  -18.004     8.981     0.060     2.000         0
  -18.198     9.020     0.060     2.000         0
  -18.393     9.059     0.060     2.000         0
  -18.594     9.099     0.060     2.000         0
  -18.789     9.137     0.060     2.000         0
  -18.981     9.176     0.060     2.000         0
  -19.176     9.205     0.060     2.000         0
  -19.571     9.264     0.060     3.000         0
  -19.765     9.288     0.060     3.000         0
  -19.957     9.302     0.060     3.000         0
  -20.152     9.306     0.060     3.000         0
  -20.353     9.338     0.060     3.000         0
  -20.548     9.359     0.060     3.000         0
  -20.740     9.385     0.060     3.000         0
  -20.935     9.399     0.060     3.000         0
  -21.138     9.443     0.060     3.000         0
  -21.330     9.456     0.060     3.000         0
  -21.525     9.480     0.060     3.000         0
  -21.717     9.514     0.060     3.000         0
  -21.912     9.538     0.060     3.000         0
  -22.116     9.554     0.060     3.000         0
  -22.308     9.568     0.060     3.000         0
  -22.529     9.590     0.060     3.000         0
  -22.721     9.609     0.060     3.000         0
  -22.915     9.634     0.060     3.000         0
  -23.116     9.654     0.060     3.000         0
  -23.311     9.687     0.060     3.000         0
  -23.503     9.709     0.060     3.000         0
  -23.698     9.737     0.060     3.000         0
  -23.893     9.765     0.060     3.000         0
  -24.093     9.783     0.060     3.000         0
  -24.288     9.777     0.060     3.000         0
  -24.483     9.790     0.060     3.000         0
  -24.675     9.809     0.060     3.000         0
  -24.878     9.834     0.060     3.000         0
  -25.070     9.862     0.060     3.000         0
  -25.265     9.891     0.060     3.000         0
  -25.457     9.910     0.060     3.000         0
  -25.652     9.929     0.060     3.000         0
  -25.855     9.959     0.060     3.000         0
  -26.047    10.007     0.060     3.000         0
  -26.242    10.021     0.060     3.000         0
  -26.434    10.054     0.060     3.000         0
  -26.638    10.092     0.060     3.000         0
  -26.807    10.124     0.060     3.000         0
  -26.999    10.154     0.060     3.000         0
  -27.193    10.180     0.060     3.000         0
  -27.394    10.202     0.060     3.000         0
  -27.589    10.248     0.060     3.000         0
  -27.781    10.278     0.060     3.000         0
  -27.976    10.299     0.060     3.000         0
  -28.180    10.345     0.060     3.000         0
  -28.372    10.378     0.060     3.000         0
  -28.567    10.412     0.060     3.000         0
  -28.759    10.436     0.060     3.000         0
  -28.953    10.477     0.060     3.000         0
  -29.153    10.509     0.060     3.000         0
  -29.348    10.525     0.060     3.000         0
  -29.570    10.565     0.060     3.000         0
  -29.762    10.597     0.060     3.000         0
  -29.957    10.629     0.060     3.000         0
  -30.157    10.658     0.060     3.000         0
  -30.351    10.695     0.060     3.000         0
  -30.547    10.740     0.060     3.000         0
  -30.739    10.774     0.060     3.000         0
  -30.934    10.798     0.060     3.000         0
  -31.134    10.839     0.060     3.000         0
  -31.329    10.868     0.060     3.000         0
  -31.525    10.903     0.060     3.000         0
  -31.716    10.947     0.060     3.000         0
  -31.919    10.963     0.060     3.000         0
  -32.111    10.978     0.060     3.000         0
  -32.306    10.978     0.060     3.000         0
  -32.501    11.004     0.060     3.000         0
  -32.720    11.011     0.060     3.000         0
  -32.915    11.026     0.060     3.000         0
  -33.115    11.066     0.060     3.000         0
  -33.309    11.081     0.060     3.000         0
  -33.501    11.111     0.060     3.000         0
  -33.696    11.129     0.060     3.000         0
  -33.900    11.138     0.060     3.000         0
  -34.092    11.136     0.060     3.000         0
  -34.287    11.151     0.060     3.000         0
  -34.479    11.175     0.060     3.000         0
  -34.701    11.213     0.060     3.000         0
  -34.895    11.254     0.060     3.000         0
  -35.095    11.285     0.060     3.000         0
  -35.291    11.315     0.060     3.000         0
  -35.482    11.345     0.060     3.000         0
  -35.678    11.376     0.060     3.000         0
  -35.878    11.397     0.060     3.000         0
  -36.073    11.431     0.060     3.000         0
  -36.294    11.459     0.060     3.000         0
  -36.486    11.493     0.060     3.000         0
  -36.681    11.517     0.060     3.000         0
  -36.873    11.550     0.060     3.000         0
  -37.094    11.578     0.060     3.000         0
  -37.295    11.618     0.060     3.000         0
  -37.490    11.642     0.060     3.000         0
  -37.711    11.675     0.060     3.000         0
  -37.903    11.698     0.060     3.000         0
  -38.097    11.734     0.060     3.000         0
  -38.318    11.763     0.060     3.000         0
  -38.519    11.789     0.060     3.000         0
  -38.714    11.815     0.060     3.000         0
  -38.932    11.844     0.060     3.000         0
  -39.128    11.860     0.060     3.000         0
  -39.348    11.882     0.060     3.000         0
  -39.540    11.929     0.060     3.000         0
  -39.761    11.961     0.060     3.000         0
  -39.953    11.979     0.060     3.000         0
  -40.157    12.016     0.060     3.000         0
  -40.375    12.044     0.060     3.000         0
  -40.570    12.070     0.060     3.000         0
  -40.765    12.096     0.060     3.000         0
  -40.983    12.114     0.060     3.000         0
  -41.178    12.136     0.060     3.000         0
  -41.378    12.148     0.060     3.000         0
  -41.573    12.160     0.060     3.000         0
  -41.768    12.156     0.060     3.000         0
  -41.987    12.165     0.060     3.000         0
  -42.182    12.186     0.060     3.000         0
  -42.376    12.188     0.060     3.000         0
  -17.029     8.876     0.060     4.000         0
  -17.221     8.914     0.060     4.000         0
  -17.416     8.954     0.060     4.000         0
  -17.617     8.994     0.060     4.000         0
  -17.812     9.029     0.060     4.000         0
  -18.004     9.067     0.060     4.000         0
  -18.198     9.101     0.060     4.000         0
  -18.393     9.116     0.060     4.000         0
  -18.594     9.151     0.060     4.000         0
  -18.789     9.191     0.060     4.000         0
  -18.981     9.234     0.060     4.000         0
  -19.176     9.269     0.060     4.000         0
  -19.376     9.311     0.060     4.000         0
  -19.571     9.351     0.060     4.000         0
  -19.765     9.391     0.060     4.000         0
  -19.957     9.440     0.060     4.000         0
  -20.152     9.480     0.060     4.000         0
  -20.353     9.527     0.060     4.000         0
  -20.548     9.567     0.060     4.000         0
  -20.740     9.611     0.060     4.000         0
    0.000     0.000     0.000        -1
