    0.000     1.000     0.000         0
    9.224     6.867     0.060     1.000         0
    9.029     6.771     0.060     1.000         0
    8.834     6.665     0.060     1.000         0
    8.659     6.568     0.060     1.000         0
    8.465     6.446     0.060     1.000         0
    8.299     6.332     0.060     1.000         0
    8.096     6.237     0.060     1.000         0
    7.901     6.145     0.060     1.000         0
    7.735     6.092     0.060     1.000         0
    7.541     5.996     0.060     1.000         0
    7.340     5.887     0.060     1.000         0
    7.145     5.778     0.060     1.000         0
    6.979     5.680     0.060     1.000         0
    6.776     5.576     0.060     1.000         0
    6.584     5.426     0.060     1.000         0
    6.416     5.325     0.060     1.000         0
    6.221     5.232     0.060     1.000         0
    6.020     5.135     0.060     1.000         0
    5.852     5.048     0.060     1.000         0
    5.660     4.970     0.060     1.000         0
    5.456     4.874     0.060     1.000         0
    5.264     4.774     0.060     1.000         0
    5.070     4.692     0.060     1.000         0
    4.878     4.601     0.060     1.000         0
    4.683     4.514     0.060     1.000         0
    4.480     4.433     0.060     1.000         0
    4.314     4.345     0.060     1.000         0
    4.119     4.252     0.060     1.000         0
    3.918     4.177     0.060     1.000         0
    3.723     4.099     0.060     1.000         0
    3.531     4.017     0.060     1.000         0
    3.337     3.955     0.060     1.000         0
    3.143     3.887     0.060     1.000         0
    2.968     3.821     0.060     1.000         0
    2.773     3.763     0.060     1.000         0
    2.598     3.691     0.060     1.000         0
    2.404     3.638     0.060     1.000         0
    2.212     3.591     0.060     1.000         0
    2.018     3.558     0.060     1.000         0
    1.823     3.510     0.060     1.000         0
    1.622     3.471     0.060     1.000         0
    1.428     3.429     0.060     1.000         0
    1.235     3.397     0.060     1.000         0
    1.041     3.360     0.060     1.000         0
    0.840     3.338     0.060     1.000         0
    0.840     3.323     0.060     1.000         0
    0.840     3.318     0.060     1.000         0
    0.840     3.338     0.060     1.000         0
    0.840     3.338     0.060     1.000         0
    0.840     3.338     0.060     1.000         0
    0.840     3.338     0.060     1.000         0
   12.546     8.063     0.060     2.000         0
   12.381     8.015     0.060     2.000         0
   12.177     7.965     0.060     2.000         0
   12.011     7.896     0.060     2.000         0
   11.816     7.849     0.060     2.000         0
   11.616     7.791     0.060     2.000         0
   11.447     7.716     0.060     2.000         0
   11.255     7.653     0.060     2.000         0
   11.079     7.585     0.060     2.000         0
   10.887     7.522     0.060     2.000         0
   10.692     7.447     0.060     2.000         0
   10.514     7.359     0.060     2.000         0
   10.322     7.286     0.060     2.000         0
   10.154     7.227     0.060     2.000         0
    9.962     7.158     0.060     2.000         0
    9.758     7.090     0.060     2.000         0
    9.592     7.017     0.060     2.000         0
   92.059    18.209     0.060     3.000         0
   91.865    18.167     0.060     3.000         0
   91.673    18.135     0.060     3.000         0
   91.453    18.098     0.060     3.000         0
   91.261    18.076     0.060     3.000         0
   91.066    18.035     0.060     3.000         0
   90.863    18.018     0.060     3.000         0
   90.671    17.992     0.060     3.000         0
   90.477    17.952     0.060     3.000         0
   90.285    17.921     0.060     3.000         0
   90.082    17.900     0.060     3.000         0
   89.890    17.889     0.060     3.000         0
   89.695    17.866     0.060     3.000         0
   89.501    17.832     0.060     3.000         0
   89.309    17.800     0.060     3.000         0
   89.106    17.750     0.060     3.000         0
   88.914    17.712     0.060     3.000         0
   88.720    17.688     0.060     3.000         0
   84.982    17.083     0.060     3.000         0
   84.764    17.053     0.060     3.000         0
   84.572    17.042     0.060     3.000         0
   84.369    17.009     0.060     3.000         0
   84.149    16.979     0.060     3.000         0
   83.957    16.957     0.060     3.000         0
   83.762    16.945     0.060     3.000         0
   83.570    16.922     0.060     3.000         0
   83.376    16.888     0.060     3.000         0
   83.172    16.883     0.060     3.000         0
   82.954    16.837     0.060     3.000         0
   82.760    16.823     0.060     3.000         0
   82.569    16.800     0.060     3.000         0
   82.348    16.759     0.060     3.000         0
   82.156    16.733     0.060     3.000         0
   81.952    16.710     0.060     3.000         0
   81.758    16.693     0.060     3.000         0
   81.566    16.657     0.060     3.000         0
   81.346    16.622     0.060     3.000         0
   81.154    16.605     0.060     3.000         0
   80.959    16.584     0.060     3.000         0
   80.756    16.551     0.060     3.000         0
   80.564    16.517     0.060     3.000         0
   80.369    16.507     0.060     3.000         0
   80.175    16.467     0.060     3.000         0
   80.000    16.465     0.060     3.000         0
   79.808    16.441     0.060     3.000         0
   79.641    16.420     0.060     3.000         0
   79.437    16.394     0.060     3.000         0
   79.272    16.363     0.060     3.000         0
   79.077    16.351     0.060     3.000         0
   78.903    16.332     0.060     3.000         0
   78.734    16.313     0.060     3.000         0
   78.542    16.272     0.060     3.000         0
   78.366    16.252     0.060     3.000         0
   78.200    16.248     0.060     3.000         0
   77.997    16.231     0.060     3.000         0
   72.065    15.511     0.060     3.000         0
   71.897    15.502     0.060     3.000         0
   71.705    15.486     0.060     3.000         0
   71.528    15.462     0.060     3.000         0
   71.336    15.436     0.060     3.000         0
   71.167    15.409     0.060     3.000         0
   70.993    15.380     0.060     3.000         0
   70.824    15.367     0.060     3.000         0
   70.632    15.320     0.060     3.000         0
   70.456    15.300     0.060     3.000         0
   70.290    15.292     0.060     3.000         0
   70.087    15.253     0.060     3.000         0
   69.918    15.241     0.060     3.000         0
   69.727    15.195     0.060     3.000         0
   69.552    15.192     0.060     3.000         0
   69.384    15.160     0.060     3.000         0
   69.190    15.134     0.060     3.000         0
   69.015    15.082     0.060     3.000         0
   68.847    15.067     0.060     3.000         0
   68.655    15.026     0.060     3.000         0
   68.478    15.001     0.060     3.000         0
   68.286    14.943     0.060     3.000         0
   68.108    14.922     0.060     3.000         0
   67.917    14.889     0.060     3.000         0
   67.748    14.846     0.060     3.000         0
   67.574    14.828     0.060     3.000         0
   67.380    14.787     0.060     3.000         0
   67.214    14.770     0.060     3.000         0
   67.011    14.718     0.060     3.000         0
   66.842    14.701     0.060     3.000         0
   66.676    14.689     0.060     3.000         0
   66.476    14.643     0.060     3.000         0
   66.307    14.641     0.060     3.000         0
   66.133    14.599     0.060     3.000         0
   65.939    14.578     0.060     3.000         0
   65.773    14.552     0.060     3.000         0
   65.579    14.537     0.060     3.000         0
   65.401    14.514     0.060     3.000         0
   65.236    14.491     0.060     3.000         0
   65.032    14.452     0.060     3.000         0
   64.866    14.429     0.060     3.000         0
   64.701    14.412     0.060     3.000         0
   64.497    14.398     0.060     3.000         0
   64.332    14.365     0.060     3.000         0
   64.138    14.333     0.060     3.000         0
   63.960    14.327     0.060     3.000         0
   63.795    14.292     0.060     3.000         0
   63.600    14.290     0.060     3.000         0
   63.426    14.269     0.060     3.000         0
   63.257    14.239     0.060     3.000         0
   63.056    14.207     0.060     3.000         0
   62.889    14.188     0.060     3.000         0
   62.697    14.176     0.060     3.000         0
   62.520    14.163     0.060     3.000         0
   62.328    14.138     0.060     3.000         0
   62.159    14.096     0.060     3.000         0
   61.956    14.070     0.060     3.000         0
   61.790    14.049     0.060     3.000         0
   61.595    14.034     0.060     3.000         0
   61.421    14.016     0.060     3.000         0
   61.227    13.975     0.060     3.000         0
   61.061    13.974     0.060     3.000         0
   60.858    13.937     0.060     3.000         0
   60.666    13.902     0.060     3.000         0
   60.497    13.900     0.060     3.000         0
   60.302    13.854     0.060     3.000         0
   60.102    13.838     0.060     3.000         0
   59.936    13.810     0.060     3.000         0
   59.742    13.784     0.060     3.000         0
   59.539    13.756     0.060     3.000         0
   59.373    13.733     0.060     3.000         0
   59.178    13.701     0.060     3.000         0
   59.004    13.692     0.060     3.000         0
   58.809    13.670     0.060     3.000         0
   58.617    13.624     0.060     3.000         0
   58.440    13.600     0.060     3.000         0
   58.246    13.593     0.060     3.000         0
   58.054    13.567     0.060     3.000         0
   57.860    13.530     0.060     3.000         0
   57.685    13.517     0.060     3.000         0
   57.490    13.477     0.060     3.000         0
   57.298    13.447     0.060     3.000         0
   57.104    13.422     0.060     3.000         0
   56.903    13.406     0.060     3.000         0
   56.709    13.384     0.060     3.000         0
   56.541    13.356     0.060     3.000         0
   56.349    13.314     0.060     3.000         0
   56.145    13.278     0.060     3.000         0
   55.953    13.231     0.060     3.000         0
   55.759    13.197     0.060     3.000         0
   55.567    13.166     0.060     3.000         0
   55.389    13.147     0.060     3.000         0
   55.198    13.131     0.060     3.000         0
   55.004    13.085     0.060     3.000         0
   54.809    13.069     0.060     3.000         0
   54.608    13.057     0.060     3.000         0
   54.414    13.026     0.060     3.000         0
   54.222    12.995     0.060     3.000         0
   54.027    12.989     0.060     3.000         0
   53.826    12.957     0.060     3.000         0
   53.633    12.931     0.060     3.000         0
   53.438    12.930     0.060     3.000         0
   53.246    12.909     0.060     3.000         0
   53.051    12.868     0.060     3.000         0
   52.850    12.866     0.060     3.000         0
   52.656    12.845     0.060     3.000         0
   52.438    12.801     0.060     3.000         0
   52.243    12.785     0.060     3.000         0
   52.049    12.759     0.060     3.000         0
   51.848    12.747     0.060     3.000         0
   51.654    12.737     0.060     3.000         0
   51.459    12.716     0.060     3.000         0
   51.267    12.675     0.060     3.000         0
   51.049    12.662     0.060     3.000         0
   50.854    12.651     0.060     3.000         0
   50.652    12.615     0.060     3.000         0
   50.460    12.609     0.060     3.000         0
   50.265    12.568     0.060     3.000         0
   50.070    12.548     0.060     3.000         0
   49.869    12.536     0.060     3.000         0
   49.675    12.528     0.060     3.000         0
   49.483    12.509     0.060     3.000         0
   49.288    12.481     0.060     3.000         0
   49.094    12.455     0.060     3.000         0
   48.894    12.443     0.060     3.000         0
   48.699    12.422     0.060     3.000         0
   48.507    12.416     0.060     3.000         0
   48.286    12.378     0.060     3.000         0
   48.094    12.355     0.060     3.000         0
   47.890    12.329     0.060     3.000         0
   47.670    12.312     0.060     3.000         0
   47.479    12.285     0.060     3.000         0
   47.284    12.257     0.060     3.000         0
   47.063    12.241     0.060     3.000         0
   46.871    12.196     0.060     3.000         0
   46.676    12.160     0.060     3.000         0
   46.458    12.141     0.060     3.000         0
   46.255    12.094     0.060     3.000         0
   46.063    12.076     0.060     3.000         0
   45.843    12.024     0.060     3.000         0
   45.648    11.996     0.060     3.000         0
   45.456    11.979     0.060     3.000         0
   45.235    11.949     0.060     3.000         0
   45.034    11.951     0.060     3.000         0
   44.840    11.923     0.060     3.000         0
   44.620    11.891     0.060     3.000         0
   44.428    11.858     0.060     3.000         0
   44.233    11.834     0.060     3.000         0
   44.012    11.810     0.060     3.000         0
   43.820    11.781     0.060     3.000         0
   43.616    11.750     0.060     3.000         0
   43.395    11.706     0.060     3.000         0
   43.204    11.694     0.060     3.000         0
   43.010    11.656     0.060     3.000         0
   42.792    11.634     0.060     3.000         0
   42.597    11.611     0.060     3.000         0
   42.376    11.578     0.060     3.000         0
   42.175    11.548     0.060     3.000         0
   41.957    11.525     0.060     3.000         0
   41.762    11.506     0.060     3.000         0
   41.569    11.492     0.060     3.000         0
   41.377    11.468     0.060     3.000         0
   41.156    11.445     0.060     3.000         0
   40.961    11.435     0.060     3.000         0
   40.760    11.420     0.060     3.000         0
   40.539    11.382     0.060     3.000         0
   40.347    11.378     0.060     3.000         0
   40.152    11.358     0.060     3.000         0
   39.934    11.361     0.060     3.000         0
   39.741    11.345     0.060     3.000         0
   39.537    11.363     0.060     3.000         0
   39.319    11.355     0.060     3.000         0
   39.124    11.344     0.060     3.000         0
   38.932    11.332     0.060     3.000         0
   38.711    11.321     0.060     3.000         0
   38.517    11.299     0.060     3.000         0
   38.517    11.289     0.060     3.000         0
   38.104    11.265     0.060     3.000         0
   37.901    11.239     0.060     3.000         0
   37.709    11.209     0.060     3.000         0
   37.488    11.200     0.060     3.000         0
   37.293    11.179     0.060     3.000         0
   37.101    11.153     0.060     3.000         0
   36.899    11.152     0.060     3.000         0
   36.681    11.133     0.060     3.000         0
   36.486    11.122     0.060     3.000         0
   36.294    11.092     0.060     3.000         0
   36.073    11.083     0.060     3.000         0
   35.878    11.063     0.060     3.000         0
   35.686    11.044     0.060     3.000         0
   35.466    10.999     0.060     3.000         0
   35.265    10.973     0.060     3.000         0
   35.071    10.939     0.060     3.000         0
   34.850    10.883     0.060     3.000         0
   34.658    10.850     0.060     3.000         0
   34.437    10.799     0.060     3.000         0
   34.245    10.774     0.060     3.000         0
   34.041    10.742     0.060     3.000         0
   33.821    10.706     0.060     3.000         0
   33.629    10.656     0.060     3.000         0
   33.434    10.631     0.060     3.000         0
   33.213    10.590     0.060     3.000         0
   33.022    10.579     0.060     3.000         0
   32.801    10.534     0.060     3.000         0
   32.607    10.503     0.060     3.000         0
   32.406    10.475     0.060     3.000         0
   32.185    10.449     0.060     3.000         0
   31.993    10.419     0.060     3.000         0
   31.798    10.398     0.060     3.000         0
   31.580    10.367     0.060     3.000         0
   31.385    10.351     0.060     3.000         0
   31.185    10.318     0.060     3.000         0
   30.964    10.287     0.060     3.000         0
   30.770    10.251     0.060     3.000         0
   30.552    10.226     0.060     3.000         0
   30.357    10.201     0.060     3.000         0
   30.162    10.176     0.060     3.000         0
   29.944    10.127     0.060     3.000         0
   29.749    10.096     0.060     3.000         0
   29.548    10.075     0.060     3.000         0
   29.328    10.050     0.060     3.000         0
   29.134    10.013     0.060     3.000         0
   28.942     9.981     0.060     3.000         0
   28.721     9.969     0.060     3.000         0
   28.526     9.936     0.060     3.000         0
   28.308     9.905     0.060     3.000         0
   28.104     9.866     0.060     3.000         0
   27.884     9.838     0.060     3.000         0
   27.692     9.810     0.060     3.000         0
   27.497     9.782     0.060     3.000         0
   27.279     9.740     0.060     3.000         0
   27.084     9.697     0.060     3.000         0
   26.863     9.683     0.060     3.000         0
   26.671     9.646     0.060     3.000         0
   26.451     9.632     0.060     3.000         0
   26.251     9.585     0.060     3.000         0
   26.056     9.575     0.060     3.000         0
   25.838     9.540     0.060     3.000         0
   25.643     9.525     0.060     3.000         0
   25.448     9.507     0.060     3.000         0
   25.230     9.481     0.060     3.000         0
   25.026     9.462     0.060     3.000         0
   24.834     9.440     0.060     3.000         0
   24.614     9.424     0.060     3.000         0
   24.419     9.406     0.060     3.000         0
   24.201     9.380     0.060     3.000         0
   24.006     9.363     0.060     3.000         0
   23.815     9.341     0.060     3.000         0
   23.594     9.319     0.060     3.000         0
   23.391     9.308     0.060     3.000         0
   23.199     9.273     0.060     3.000         0
   22.978     9.264     0.060     3.000         0
   22.786     9.260     0.060     3.000         0
   22.591     9.285     0.060     3.000         0
   22.370     9.272     0.060     3.000         0
   22.169     9.288     0.060     3.000         0
   21.975     9.272     0.060     3.000         0
   21.755     9.244     0.060     3.000         0
   21.563     9.219     0.060     3.000         0
   21.368     9.184     0.060     3.000         0
   21.176     9.149     0.060     3.000         0
   20.955     9.130     0.060     3.000         0
   20.754     9.091     0.060     3.000         0
   20.559     9.083     0.060     3.000         0
   20.365     9.040     0.060     3.000         0
   20.173     9.007     0.060     3.000         0
   19.952     8.985     0.060     3.000         0
   19.752     8.947     0.060     3.000         0
   19.557     8.918     0.060     3.000         0
   19.362     8.890     0.060     3.000         0
   19.170     8.868     0.060     3.000         0
   18.975     8.840     0.060     3.000         0
   18.772     8.815     0.060     3.000         0
   18.581     8.793     0.060     3.000         0
   18.386     8.765     0.060     3.000         0
   18.194     8.737     0.060     3.000         0
   17.990     8.708     0.060     3.000         0
   17.798     8.675     0.060     3.000         0
   17.603     8.641     0.060     3.000         0
   17.411     8.622     0.060     3.000         0
   17.217     8.593     0.060     3.000         0
   17.017     8.578     0.060     3.000         0
   16.796     8.541     0.060     3.000         0
   16.601     8.517     0.060     3.000         0
   16.409     8.493     0.060     3.000         0
   16.214     8.469     0.060     3.000         0
   16.010     8.444     0.060     3.000         0
   15.819     8.420     0.060     3.000         0
   15.627     8.396     0.060     3.000         0
   15.433     8.372     0.060     3.000         0
   15.238     8.348     0.060     3.000         0
   15.037     8.334     0.060     3.000         0
   14.842     8.308     0.060     3.000         0
   14.650     8.298     0.060     3.000         0
   14.455     8.273     0.060     3.000         0
   14.253     8.261     0.060     3.000         0
   14.061     8.241     0.060     3.000         0
   13.866     8.221     0.060     3.000         0
   13.674     8.201     0.060     3.000         0
   13.479     8.180     0.060     3.000         0
   13.275     8.159     0.060     3.000         0
   13.110     8.142     0.060     3.000         0
   12.915     8.121     0.060     3.000         0
   12.740     8.093     0.060     3.000         0
    0.000    -1.000     0.000         0
   -0.675     3.315     0.060     1.000         0
   -0.866     3.346     0.060     1.000         0
   -1.238     3.393     0.060     1.000         0
   -1.430     3.426     0.060     1.000         0
   -1.625     3.466     0.060     1.000         0
   -1.799     3.505     0.060     1.000         0
   -1.994     3.544     0.060     1.000         0
   -2.160     3.583     0.060     1.000         0
   -2.338     3.624     0.060     1.000         0
   -2.529     3.674     0.060     1.000         0
   -2.697     3.728     0.060     1.000         0
   -2.898     3.788     0.060     1.000         0
   -3.067     3.852     0.060     1.000         0
   -3.258     3.919     0.060     1.000         0
   -3.436     3.956     0.060     1.000         0
   -3.602     4.019     0.060     1.000         0
   -3.797     4.089     0.060     1.000         0
   -3.971     4.160     0.060     1.000         0
   -4.165     4.240     0.060     1.000         0
   -4.331     4.317     0.060     1.000         0
   -4.508     4.390     0.060     1.000         0
   -4.700     4.472     0.060     1.000         0
   -4.878     4.534     0.060     1.000         0
   -5.073     4.618     0.060     1.000         0
   -5.239     4.701     0.060     1.000         0
   -5.434     4.832     0.060     1.000         0
   -5.608     4.920     0.060     1.000         0
   -5.802     5.011     0.060     1.000         0
   -5.994     5.100     0.060     1.000         0
   -6.171     5.179     0.060     1.000         0
   -6.363     5.243     0.060     1.000         0
   -6.558     5.339     0.060     1.000         0
   -6.733     5.494     0.060     1.000         0
   -6.928     5.646     0.060     1.000         0
   -7.120     5.738     0.060     1.000         0
   -7.296     5.822     0.060     1.000         0
   -7.491     5.940     0.060     1.000         0
   -7.657     6.054     0.060     1.000         0
   -7.852     6.172     0.060     1.000         0
   -8.053     6.284     0.060     1.000         0
   -8.222     6.371     0.060     1.000         0
   -8.413     6.497     0.060     1.000         0
   -8.617     6.611     0.060     1.000         0
   -8.811     6.723     0.060     1.000         0
   -9.003     6.829     0.060     1.000         0
   -9.224     6.943     0.060     1.000         0
   -9.224     6.949     0.060     2.000         0
   -9.416     6.991     0.060     2.000         0
   -9.611     7.059     0.060     2.000         0
   -9.812     7.124     0.060     2.000         0
  -10.007     7.178     0.060     2.000         0
  -10.199     7.240     0.060     2.000         0
  -10.393     7.312     0.060     2.000         0
  -10.597     7.384     0.060     2.000         0
  -10.788     7.465     0.060     2.000         0
  -11.010     7.533     0.060     2.000         0
  -11.205     7.576     0.060     2.000         0
  -11.397     7.649     0.060     2.000         0
  -11.592     7.692     0.060     2.000         0
  -11.792     7.763     0.060     3.000         0
  -11.960     7.800     0.060     3.000         0
  -12.152     7.815     0.060     3.000         0
  -12.356     7.853     0.060     3.000         0
  -12.548     7.889     0.060     3.000         0
  -12.743     7.925     0.060     3.000         0
  -12.935     7.961     0.060     3.000         0
  -13.130     7.997     0.060     3.000         0
  -13.332     8.035     0.060     3.000         0
  -13.524     8.076     0.060     3.000         0
  -13.719     8.112     0.060     3.000         0
  -13.911     8.147     0.060     3.000         0
  -14.115     8.185     0.060     3.000         0
  -14.310     8.227     0.060     3.000         0
  -14.502     8.267     0.060     3.000         0
  -14.697     8.304     0.060     3.000         0
  -14.889     8.344     0.060     3.000         0
  -15.091     8.382     0.060     3.000         0
  -15.283     8.418     0.060     3.000         0
  -15.452     8.449     0.060     3.000         0
  -15.656     8.482     0.060     3.000         0
  -15.848     8.523     0.060     3.000         0
  -16.043     8.559     0.060     3.000         0
  -16.261     8.594     0.060     3.000         0
  -16.455     8.626     0.060     3.000         0
  -16.647     8.671     0.060     3.000         0
  -16.851     8.704     0.060     3.000         0
  -17.046     8.735     0.060     3.000         0
  -17.212     8.766     0.060     3.000         0
  -17.433     8.807     0.060     3.000         0
  -17.633     8.845     0.060     3.000         0
  -17.828     8.881     0.060     3.000         0
  -18.020     8.906     0.060     3.000         0
  -18.214     8.936     0.060     3.000         0
  -18.406     8.956     0.060     3.000         0
  -18.610     8.987     0.060     3.000         0
  -18.805     9.003     0.060     3.000         0
  -18.997     9.028     0.060     3.000         0
  -19.192     9.048     0.060     3.000         0
  -19.395     9.074     0.060     3.000         0
  -19.587     9.099     0.060     3.000         0
  -19.782     9.130     0.060     3.000         0
  -19.974     9.155     0.060     3.000         0
  -20.169     9.190     0.060     3.000         0
  -20.369     9.216     0.060     3.000         0
  -20.564     9.246     0.060     3.000         0
  -20.756     9.271     0.060     3.000         0
  -20.951     9.292     0.060     3.000         0
  -21.154     9.318     0.060     3.000         0
  -21.346     9.343     0.060     3.000         0
  -21.541     9.373     0.060     3.000         0
  -21.733     9.398     0.060     3.000         0
  -21.928     9.419     0.060     3.000         0
  -22.129     9.445     0.060     3.000         0
  -22.324     9.471     0.060     3.000         0
  -22.518     9.493     0.060     3.000         0
  -22.710     9.514     0.060     3.000         0
  -22.913     9.541     0.060     3.000         0
  -23.105     9.568     0.060     3.000         0
  -23.300     9.594     0.060     3.000         0
  -23.496     9.621     0.060     3.000         0
  -23.687     9.647     0.060     3.000         0
  -23.891     9.675     0.060     3.000         0
  -24.083     9.701     0.060     3.000         0
  -24.277     9.727     0.060     3.000         0
  -24.469     9.753     0.060     3.000         0
  -24.673     9.781     0.060     3.000         0
  -24.865     9.827     0.060     3.000         0
  -25.060     9.839     0.060     3.000         0
  -26.232     9.913     0.060     3.000         0
  -26.432     9.958     0.060     3.000         0
  -26.627     9.991     0.060     3.000         0
  -26.819    10.025     0.060     3.000         0
  -27.014    10.073     0.060     3.000         0
  -27.206    10.107     0.060     3.000         0
  -27.409    10.152     0.060     3.000         0
  -27.604    10.191     0.060     3.000         0
  -27.796    10.224     0.060     3.000         0
  -27.991    10.259     0.060     3.000         0
  -28.192    10.295     0.060     3.000         0
  -28.387    10.330     0.060     3.000         0
  -28.579    10.369     0.060     3.000         0
  -28.773    10.403     0.060     3.000         0
  -28.968    10.438     0.060     3.000         0
  -29.169    10.469     0.060     3.000         0
  -29.364    10.504     0.060     3.000         0
  -29.556    10.535     0.060     3.000         0
  -29.751    10.546     0.060     3.000         0
  -29.951    10.578     0.060     3.000         0
  -30.146    10.609     0.060     3.000         0
  -30.340    10.644     0.060     3.000         0
  -30.532    10.659     0.060     3.000         0
  -30.727    10.674     0.060     3.000         0
  -30.928    10.689     0.060     3.000         0
  -31.123    10.709     0.060     3.000         0
  -31.315    10.724     0.060     3.000         0
  -31.510    10.744     0.060     3.000         0
  -31.713    10.765     0.060     3.000         0
  -31.905    10.785     0.060     3.000         0
  -32.100    10.805     0.060     3.000         0
  -32.292    10.825     0.060     3.000         0
  -32.487    10.865     0.060     3.000         0
  -32.691    10.886     0.060     3.000         0
  -32.883    10.905     0.060     3.000         0
  -33.104    10.918     0.060     3.000         0
  -33.296    10.950     0.060     3.000         0
  -33.490    10.968     0.060     3.000         0
  -33.691    10.981     0.060     3.000         0
  -33.886    10.998     0.060     3.000         0
  -34.078    11.020     0.060     3.000         0
  -34.273    11.043     0.060     3.000         0
  -34.468    11.065     0.060     3.000         0
  -34.669    11.089     0.060     3.000         0
  -34.863    11.111     0.060     3.000         0
  -35.058    11.134     0.060     3.000         0
  -35.250    11.176     0.060     3.000         0
  -35.453    11.189     0.060     3.000         0
  -35.645    11.206     0.060     3.000         0
  -35.840    11.229     0.060     3.000         0
  -36.032    11.251     0.060     3.000         0
  -36.227    11.268     0.060     3.000         0
  -36.430    11.292     0.060     3.000         0
  -36.622    11.324     0.060     3.000         0
  -36.817    11.338     0.060     3.000         0
  -37.009    11.361     0.060     3.000         0
  -37.213    11.391     0.060     3.000         0
  -37.382    11.411     0.060     3.000         0
  -37.574    11.435     0.060     3.000         0
  -37.768    11.458     0.060     3.000         0
  -37.969    11.488     0.060     3.000         0
  -38.164    11.512     0.060     3.000         0
  -38.356    11.545     0.060     3.000         0
  -38.551    11.580     0.060     3.000         0
  -38.755    11.610     0.060     3.000         0
  -38.947    11.639     0.060     3.000         0
  -39.142    11.673     0.060     3.000         0
  -39.334    11.707     0.060     3.000         0
  -39.528    11.741     0.060     3.000         0
  -39.728    11.786     0.060     3.000         0
  -39.923    11.811     0.060     3.000         0
  -40.145    11.840     0.060     3.000         0
  -40.337    11.870     0.060     3.000         0
  -40.532    11.910     0.060     3.000         0
  -40.732    11.931     0.060     3.000         0
  -40.926    11.967     0.060     3.000         0
  -41.122    11.992     0.060     3.000         0
  -41.314    12.030     0.060     3.000         0
  -41.509    12.065     0.060     3.000         0
  -41.709    12.100     0.060     3.000         0
  -41.904    12.139     0.060     3.000         0
  -42.100    12.184     0.060     3.000         0
  -42.291    12.198     0.060     3.000         0
  -42.494    12.217     0.060     3.000         0
  -42.686    12.216     0.060     3.000         0
  -42.881    12.234     0.060     3.000         0
  -43.076    12.246     0.060     3.000         0
  -43.295    12.262     0.060     3.000         0
  -43.490    12.279     0.060     3.000         0
  -43.690    12.309     0.060     3.000         0
  -43.884    12.338     0.060     3.000         0
  -44.076    12.367     0.060     3.000         0
  -44.272    12.391     0.060     3.000         0
  -44.475    12.417     0.060     3.000         0
  -44.667    12.436     0.060     3.000         0
  -44.862    12.462     0.060     3.000         0
  -45.054    12.468     0.060     3.000         0
  -45.276    12.483     0.060     3.000         0
  -45.470    12.500     0.060     3.000         0
  -45.670    12.527     0.060     3.000         0
  -45.866    12.549     0.060     3.000         0
  -46.058    12.575     0.060     3.000         0
  -46.253    12.626     0.060     3.000         0
  -46.453    12.649     0.060     3.000         0
  -46.648    12.670     0.060     3.000         0
  -46.869    12.700     0.060     3.000         0
  -47.061    12.730     0.060     3.000         0
  -47.256    12.751     0.060     3.000         0
  -47.448    12.756     0.060     3.000         0
  -47.669    12.790     0.060     3.000         0
  -47.870    12.824     0.060     3.000         0
  -48.065    12.856     0.060     3.000         0
  -48.286    12.879     0.060     3.000         0
  -48.478    12.921     0.060     3.000         0
  -48.672    12.948     0.060     3.000         0
  -48.893    12.975     0.060     3.000         0
  -49.094    12.997     0.060     3.000         0
  -49.289    13.027     0.060     3.000         0
  -49.507    13.041     0.060     3.000         0
  -49.703    13.057     0.060     3.000         0
  -49.923    13.092     0.060     3.000         0
  -50.115    13.110     0.060     3.000         0
  -50.336    13.149     0.060     3.000         0
  -50.528    13.198     0.060     3.000         0
  -50.732    13.228     0.060     3.000         0
  -50.950    13.252     0.060     3.000         0
  -51.145    13.286     0.060     3.000         0
  -51.340    13.300     0.060     3.000         0
  -51.558    13.333     0.060     3.000         0
  -51.753    13.352     0.060     3.000         0
  -51.953    13.378     0.060     3.000         0
  -52.148    13.398     0.060     3.000         0
  -52.343    13.443     0.060     3.000         0
  -52.562    13.462     0.060     3.000         0
  -52.757    13.474     0.060     3.000         0
  -52.951    13.471     0.060     3.000         0
  -52.951    13.461     0.060     3.000         0
    0.000     0.000     0.000        -1
