    0.000     1.000     0.000         0
    9.226     6.931     0.060     1.000         0
    9.031     6.857     0.060     1.000         0
    8.836     6.748     0.060     1.000         0
    8.644     6.651     0.060     1.000         0
    8.449     6.531     0.060     1.000         0
    8.247     6.419     0.060     1.000         0
    8.055     6.297     0.060     1.000         0
    7.860     6.154     0.060     1.000         0
    7.668     6.049     0.060     1.000         0
    7.464     5.937     0.060     1.000         0
    7.272     5.839     0.060     1.000         0
    7.077     5.760     0.060     1.000         0
    6.886     5.601     0.060     1.000         0
    6.692     5.456     0.060     1.000         0
    6.491     5.350     0.060     1.000         0
    6.270     5.244     0.060     1.000         0
    6.075     5.171     0.060     1.000         0
    5.883     5.079     0.060     1.000         0
    5.688     4.976     0.060     1.000         0
    5.485     4.881     0.060     1.000         0
    5.293     4.785     0.060     1.000         0
    5.101     4.690     0.060     1.000         0
    4.907     4.599     0.060     1.000         0
    4.712     4.513     0.060     1.000         0
    4.511     4.423     0.060     1.000         0
    4.316     4.332     0.060     1.000         0
    4.125     4.248     0.060     1.000         0
    3.930     4.172     0.060     1.000         0
    3.727     4.098     0.060     1.000         0
    3.535     4.018     0.060     1.000         0
    3.340     3.953     0.060     1.000         0
    3.148     3.878     0.060     1.000         0
    2.953     3.818     0.060     1.000         0
    2.750     3.750     0.060     1.000         0
    2.584     3.694     0.060     1.000         0
    2.389     3.644     0.060     1.000         0
    2.215     3.589     0.060     1.000         0
    2.021     3.549     0.060     1.000         0
    1.855     3.501     0.060     1.000         0
    1.651     3.453     0.060     1.000         0
    1.486     3.418     0.060     1.000         0
    1.291     3.388     0.060     1.000         0
    1.090     3.363     0.060     1.000         0
    0.921     3.333     0.060     1.000         0
    0.730     3.314     0.060     1.000         0
    0.553     3.289     0.060     1.000         0
    0.363     3.272     0.060     1.000         0
    0.168     3.257     0.060     1.000         0
    0.014     3.263     0.060     1.000         0
    0.204     3.258     0.060     1.000         0
   11.229     7.671     0.060     2.000         0
   11.037     7.590     0.060     2.000         0
   10.842     7.518     0.060     2.000         0
   10.650     7.446     0.060     2.000         0
   10.429     7.365     0.060     2.000         0
   10.228     7.310     0.060     2.000         0
   10.033     7.238     0.060     2.000         0
    9.840     7.146     0.060     2.000         0
    9.648     7.075     0.060     2.000         0
    9.427     7.003     0.060     2.000         0
   80.541    16.491     0.060     3.000         0
   80.337    16.464     0.060     3.000         0
   80.145    16.428     0.060     3.000         0
   79.952    16.403     0.060     3.000         0
   79.760    16.387     0.060     3.000         0
   79.557    16.348     0.060     3.000         0
   79.365    16.324     0.060     3.000         0
   79.170    16.291     0.060     3.000         0
   78.975    16.272     0.060     3.000         0
   78.784    16.244     0.060     3.000         0
   78.580    16.237     0.060     3.000         0
   71.822    15.312     0.060     3.000         0
   71.630    15.311     0.060     3.000         0
   71.427    15.269     0.060     3.000         0
   71.232    15.257     0.060     3.000         0
   71.040    15.220     0.060     3.000         0
   70.820    15.189     0.060     3.000         0
   70.629    15.163     0.060     3.000         0
   70.434    15.145     0.060     3.000         0
   70.230    15.117     0.060     3.000         0
   70.039    15.108     0.060     3.000         0
   69.844    15.084     0.060     3.000         0
   69.649    15.071     0.060     3.000         0
   69.475    15.044     0.060     3.000         0
   69.283    15.028     0.060     3.000         0
   69.115    15.000     0.060     3.000         0
   68.912    14.977     0.060     3.000         0
   68.746    14.949     0.060     3.000         0
   68.552    14.918     0.060     3.000         0
   68.377    14.894     0.060     3.000         0
   68.209    14.885     0.060     3.000         0
   68.017    14.854     0.060     3.000         0
   67.840    14.879     0.060     3.000         0
   67.675    14.883     0.060     3.000         0
   67.471    14.871     0.060     3.000         0
   67.306    14.861     0.060     3.000         0
   67.137    14.856     0.060     3.000         0
   66.936    14.859     0.060     3.000         0
   66.742    14.844     0.060     3.000         0
   66.576    14.812     0.060     3.000         0
   66.373    14.811     0.060     3.000         0
   66.205    14.784     0.060     3.000         0
   66.013    14.772     0.060     3.000         0
   65.836    14.737     0.060     3.000         0
   65.670    14.714     0.060     3.000         0
   65.475    14.692     0.060     3.000         0
   65.301    14.678     0.060     3.000         0
   65.133    14.674     0.060     3.000         0
   64.941    14.653     0.060     3.000         0
   64.764    14.623     0.060     3.000         0
   64.599    14.587     0.060     3.000         0
   64.395    14.560     0.060     3.000         0
   64.230    14.529     0.060     3.000         0
   64.061    14.512     0.060     3.000         0
   63.860    14.484     0.060     3.000         0
   63.692    14.465     0.060     3.000         0
   63.515    14.441     0.060     3.000         0
   63.323    14.419     0.060     3.000         0
   63.157    14.395     0.060     3.000         0
   62.981    14.350     0.060     3.000         0
   62.789    14.333     0.060     3.000         0
   62.620    14.311     0.060     3.000         0
   62.446    14.292     0.060     3.000         0
   62.251    14.266     0.060     3.000         0
   62.083    14.249     0.060     3.000         0
   61.908    14.225     0.060     3.000         0
   61.714    14.199     0.060     3.000         0
   61.540    14.166     0.060     3.000         0
   61.371    14.143     0.060     3.000         0
   61.180    14.112     0.060     3.000         0
   61.002    14.098     0.060     3.000         0
   60.810    14.071     0.060     3.000         0
   60.642    14.048     0.060     3.000         0
   60.467    14.019     0.060     3.000         0
   60.299    13.988     0.060     3.000         0
   60.107    13.954     0.060     3.000         0
   59.931    13.927     0.060     3.000         0
   59.765    13.901     0.060     3.000         0
   59.561    13.889     0.060     3.000         0
   59.393    13.853     0.060     3.000         0
   59.201    13.825     0.060     3.000         0
   59.027    13.799     0.060     3.000         0
   58.858    13.774     0.060     3.000         0
   58.664    13.745     0.060     3.000         0
   58.490    13.722     0.060     3.000         0
   58.321    13.681     0.060     3.000         0
   58.129    13.649     0.060     3.000         0
   57.952    13.611     0.060     3.000         0
   57.760    13.575     0.060     3.000         0
   57.583    13.535     0.060     3.000         0
   57.391    13.492     0.060     3.000         0
   57.222    13.440     0.060     3.000         0
   57.048    13.396     0.060     3.000         0
   56.854    13.361     0.060     3.000         0
   56.689    13.331     0.060     3.000         0
   56.485    13.309     0.060     3.000         0
   56.317    13.281     0.060     3.000         0
   56.151    13.262     0.060     3.000         0
   55.950    13.260     0.060     3.000         0
   55.782    13.232     0.060     3.000         0
   55.607    13.216     0.060     3.000         0
   55.413    13.178     0.060     3.000         0
   55.248    13.149     0.060     3.000         0
   55.053    13.121     0.060     3.000         0
   54.876    13.101     0.060     3.000         0
   54.710    13.064     0.060     3.000         0
   54.507    13.051     0.060     3.000         0
   54.341    13.005     0.060     3.000         0
   54.175    12.978     0.060     3.000         0
   53.972    12.966     0.060     3.000         0
   53.806    12.929     0.060     3.000         0
   53.612    12.890     0.060     3.000         0
   53.435    12.884     0.060     3.000         0
   53.269    12.859     0.060     3.000         0
   53.074    12.830     0.060     3.000         0
   52.900    12.800     0.060     3.000         0
   52.731    12.770     0.060     3.000         0
   52.531    12.748     0.060     3.000         0
   52.363    12.721     0.060     3.000         0
   52.171    12.690     0.060     3.000         0
   51.994    12.662     0.060     3.000         0
   51.802    12.621     0.060     3.000         0
   51.634    12.622     0.060     3.000         0
   51.430    12.610     0.060     3.000         0
   51.264    12.580     0.060     3.000         0
   51.070    12.579     0.060     3.000         0
   50.895    12.552     0.060     3.000         0
   50.701    12.523     0.060     3.000         0
   50.536    12.513     0.060     3.000         0
   50.332    12.497     0.060     3.000         0
   50.140    12.464     0.060     3.000         0
   49.972    12.438     0.060     3.000         0
   49.777    12.409     0.060     3.000         0
   49.576    12.384     0.060     3.000         0
   49.411    12.363     0.060     3.000         0
   49.217    12.349     0.060     3.000         0
   49.013    12.312     0.060     3.000         0
   48.848    12.296     0.060     3.000         0
   48.653    12.249     0.060     3.000         0
   48.478    12.222     0.060     3.000         0
   48.284    12.201     0.060     3.000         0
   48.092    12.164     0.060     3.000         0
   47.914    12.139     0.060     3.000         0
   47.721    12.127     0.060     3.000         0
   47.529    12.106     0.060     3.000         0
   47.334    12.069     0.060     3.000         0
   47.160    12.056     0.060     3.000         0
   46.965    12.030     0.060     3.000         0
   46.773    11.985     0.060     3.000         0
   46.578    11.959     0.060     3.000         0
   46.378    11.943     0.060     3.000         0
   46.184    11.908     0.060     3.000         0
   46.015    11.887     0.060     3.000         0
   45.823    11.883     0.060     3.000         0
   45.620    11.838     0.060     3.000         0
   45.428    11.824     0.060     3.000         0
   45.233    11.789     0.060     3.000         0
   45.041    11.765     0.060     3.000         0
   44.864    11.738     0.060     3.000         0
   44.672    11.713     0.060     3.000         0
   44.478    11.669     0.060     3.000         0
   44.283    11.659     0.060     3.000         0
   44.083    11.608     0.060     3.000         0
   43.888    11.588     0.060     3.000         0
   43.696    11.549     0.060     3.000         0
   43.501    11.529     0.060     3.000         0
   43.301    11.498     0.060     3.000         0
   43.107    11.477     0.060     3.000         0
   42.912    11.461     0.060     3.000         0
   42.720    11.445     0.060     3.000         0
   42.525    11.417     0.060     3.000         0
   42.325    11.419     0.060     3.000         0
   42.130    11.401     0.060     3.000         0
   41.912    11.370     0.060     3.000         0
   41.717    11.347     0.060     3.000         0
   41.523    11.324     0.060     3.000         0
   41.323    11.306     0.060     3.000         0
   41.128    11.288     0.060     3.000         0
   40.933    11.280     0.060     3.000         0
   40.741    11.272     0.060     3.000         0
   40.523    11.242     0.060     3.000         0
   40.329    11.249     0.060     3.000         0
   40.126    11.225     0.060     3.000         0
   39.934    11.184     0.060     3.000         0
   39.739    11.153     0.060     3.000         0
   39.544    11.122     0.060     3.000         0
   39.344    11.100     0.060     3.000         0
   39.149    11.069     0.060     3.000         0
   38.957    11.062     0.060     3.000         0
   38.762    11.085     0.060     3.000         0
   38.569    11.078     0.060     3.000         0
   38.368    11.065     0.060     3.000         0
   38.173    11.043     0.060     3.000         0
   37.981    11.021     0.060     3.000         0
   37.760    10.986     0.060     3.000         0
   37.568    10.964     0.060     3.000         0
   37.365    10.923     0.060     3.000         0
   37.145    10.888     0.060     3.000         0
   36.953    10.864     0.060     3.000         0
   36.758    10.829     0.060     3.000         0
   36.537    10.779     0.060     3.000         0
   36.345    10.749     0.060     3.000         0
   36.150    10.718     0.060     3.000         0
   35.932    10.683     0.060     3.000         0
   35.729    10.651     0.060     3.000         0
   35.537    10.616     0.060     3.000         0
   35.317    10.588     0.060     3.000         0
   35.122    10.583     0.060     3.000         0
   34.930    10.558     0.060     3.000         0
   34.709    10.529     0.060     3.000         0
   34.509    10.503     0.060     3.000         0
   34.314    10.468     0.060     3.000         0
   34.094    10.447     0.060     3.000         0
   33.902    10.399     0.060     3.000         0
   33.707    10.372     0.060     3.000         0
   33.486    10.350     0.060     3.000         0
   33.294    10.318     0.060     3.000         0
   33.091    10.289     0.060     3.000         0
   32.870    10.257     0.060     3.000         0
   32.678    10.215     0.060     3.000         0
   32.484    10.184     0.060     3.000         0
   32.266    10.160     0.060     3.000         0
   32.071    10.129     0.060     3.000         0
   31.850    10.104     0.060     3.000         0
   31.650    10.077     0.060     3.000         0
   31.432    10.053     0.060     3.000         0
   31.237    10.032     0.060     3.000         0
   31.043    10.016     0.060     3.000         0
   30.851     9.990     0.060     3.000         0
   30.630     9.975     0.060     3.000         0
   30.435     9.960     0.060     3.000         0
   30.235     9.951     0.060     3.000         0
   30.014     9.950     0.060     3.000         0
   29.822     9.929     0.060     3.000         0
   29.627     9.922     0.060     3.000         0
   29.409     9.909     0.060     3.000         0
   29.215     9.903     0.060     3.000         0
   29.011     9.891     0.060     3.000         0
   28.793     9.869     0.060     3.000         0
   28.598     9.868     0.060     3.000         0
   28.407     9.852     0.060     3.000         0
   28.186     9.844     0.060     3.000         0
   27.992     9.824     0.060     3.000         0
   27.992     9.814     0.060     3.000         0
   27.579     9.783     0.060     3.000         0
   27.375     9.763     0.060     3.000         0
   27.183     9.734     0.060     3.000         0
   26.962     9.682     0.060     3.000         0
   26.767     9.653     0.060     3.000         0
   26.576     9.635     0.060     3.000         0
   26.373     9.600     0.060     3.000         0
   26.155     9.592     0.060     3.000         0
   25.960     9.568     0.060     3.000         0
   25.768     9.534     0.060     3.000         0
   25.547     9.519     0.060     3.000         0
   25.352     9.497     0.060     3.000         0
   25.160     9.466     0.060     3.000         0
   24.940     9.444     0.060     3.000         0
   24.740     9.414     0.060     3.000         0
   24.545     9.386     0.060     3.000         0
   24.324     9.354     0.060     3.000         0
   24.132     9.321     0.060     3.000         0
   23.911     9.284     0.060     3.000         0
   23.719     9.254     0.060     3.000         0
   23.516     9.222     0.060     3.000         0
   23.296     9.193     0.060     3.000         0
   23.104     9.163     0.060     3.000         0
   22.909     9.123     0.060     3.000         0
   22.688     9.093     0.060     3.000         0
   22.496     9.063     0.060     3.000         0
   22.275     9.043     0.060     3.000         0
   22.081     9.017     0.060     3.000         0
   21.880     8.985     0.060     3.000         0
   21.659     8.957     0.060     3.000         0
   21.467     8.924     0.060     3.000         0
   21.273     8.870     0.060     3.000         0
   21.055     8.832     0.060     3.000         0
   20.860     8.808     0.060     3.000         0
   20.659     8.767     0.060     3.000         0
   20.438     8.748     0.060     3.000         0
   20.244     8.702     0.060     3.000         0
   20.026     8.673     0.060     3.000         0
   19.831     8.643     0.060     3.000         0
   19.636     8.618     0.060     3.000         0
   19.418     8.593     0.060     3.000         0
   19.223     8.575     0.060     3.000         0
   19.023     8.557     0.060     3.000         0
   18.803     8.532     0.060     3.000         0
   18.608     8.499     0.060     3.000         0
   18.416     8.477     0.060     3.000         0
   18.195     8.441     0.060     3.000         0
   18.000     8.408     0.060     3.000         0
   17.782     8.362     0.060     3.000         0
   17.578     8.336     0.060     3.000         0
   17.358     8.297     0.060     3.000         0
   17.166     8.263     0.060     3.000         0
   16.972     8.209     0.060     3.000         0
   16.753     8.171     0.060     3.000         0
   16.559     8.137     0.060     3.000         0
   16.338     8.108     0.060     3.000         0
   16.146     8.099     0.060     3.000         0
   15.926     8.073     0.060     3.000         0
   15.725     8.049     0.060     3.000         0
   15.530     8.030     0.060     3.000         0
   15.312     8.010     0.060     3.000         0
   15.117     7.987     0.060     3.000         0
   14.922     7.964     0.060     3.000         0
   14.704     7.938     0.060     3.000         0
   14.501     7.914     0.060     3.000         0
   14.309     7.888     0.060     3.000         0
   14.089     7.869     0.060     3.000         0
   13.894     7.872     0.060     3.000         0
   13.676     7.843     0.060     3.000         0
   13.481     7.841     0.060     3.000         0
   13.289     7.814     0.060     3.000         0
   13.068     7.801     0.060     3.000         0
   12.865     7.794     0.060     3.000         0
   12.673     7.789     0.060     3.000         0
   12.452     7.779     0.060     3.000         0
   12.260     7.779     0.060     3.000         0
   12.065     7.754     0.060     3.000         0
   11.844     7.736     0.060     3.000         0
   11.644     7.741     0.060     3.000         0
   11.449     7.715     0.060     3.000         0
    0.000    -1.000     0.000         0
   -0.371     3.298     0.060     1.000         0
   -0.564     3.311     0.060     1.000         0
   -0.767     3.335     0.060     1.000         0
   -0.933     3.355     0.060     1.000         0
   -1.127     3.368     0.060     1.000         0
   -1.302     3.399     0.060     1.000         0
   -1.496     3.431     0.060     1.000         0
   -1.691     3.472     0.060     1.000         0
   -1.866     3.519     0.060     1.000         0
   -2.060     3.560     0.060     1.000         0
   -2.226     3.613     0.060     1.000         0
   -2.429     3.656     0.060     1.000         0
   -2.624     3.722     0.060     1.000         0
   -2.789     3.770     0.060     1.000         0
   -2.984     3.807     0.060     1.000         0
   -3.185     3.865     0.060     1.000         0
   -3.380     3.931     0.060     1.000         0
   -3.546     4.005     0.060     1.000         0
   -3.749     4.104     0.060     1.000         0
   -3.941     4.189     0.060     1.000         0
   -4.109     4.253     0.060     1.000         0
   -4.304     4.342     0.060     1.000         0
   -4.505     4.414     0.060     1.000         0
   -4.673     4.491     0.060     1.000         0
   -4.865     4.578     0.060     1.000         0
   -5.069     4.661     0.060     1.000         0
   -5.261     4.748     0.060     1.000         0
   -5.455     4.843     0.060     1.000         0
   -5.647     4.951     0.060     1.000         0
   -5.842     5.046     0.060     1.000         0
   -6.045     5.139     0.060     1.000         0
   -6.211     5.239     0.060     1.000         0
   -6.406     5.334     0.060     1.000         0
   -6.607     5.437     0.060     1.000         0
   -6.802     5.536     0.060     1.000         0
   -6.994     5.648     0.060     1.000         0
   -7.188     5.746     0.060     1.000         0
   -7.383     5.850     0.060     1.000         0
   -7.557     5.949     0.060     1.000         0
   -7.752     6.046     0.060     1.000         0
   -7.926     6.145     0.060     1.000         0
   -8.121     6.304     0.060     1.000         0
   -8.313     6.440     0.060     1.000         0
   -8.507     6.540     0.060     1.000         0
   -8.702     6.641     0.060     1.000         0
   -8.903     6.727     0.060     1.000         0
   -9.098     6.829     0.060     1.000         0
   -9.290     6.945     0.060     1.000         0
   -9.685     7.070     0.060     2.000         0
   -9.685     7.080     0.060     2.000         0
   -9.685     7.065     0.060     2.000         0
   -9.685     7.080     0.060     2.000         0
   -9.685     7.080     0.060     2.000         0
   -9.685     7.075     0.060     2.000         0
   -9.685     7.080     0.060     2.000         0
  -11.023     7.569     0.060     2.000         0
  -11.200     7.624     0.060     2.000         0
  -11.392     7.695     0.060     2.000         0
  -11.586     7.751     0.060     2.000         0
  -11.763     7.791     0.060     2.000         0
  -11.955     7.871     0.060     2.000         0
  -12.150     7.933     0.060     2.000         0
  -12.325     7.977     0.060     2.000         0
  -12.520     8.015     0.060     2.000         0
  -12.686     8.076     0.060     2.000         0
  -12.863     8.119     0.060     2.000         0
  -13.055     8.156     0.060     2.000         0
  -13.423     8.224     0.060     3.000         0
  -13.592     8.243     0.060     3.000         0
  -13.784     8.252     0.060     3.000         0
  -13.962     8.261     0.060     3.000         0
  -14.128     8.269     0.060     3.000         0
  -14.322     8.268     0.060     3.000         0
  -14.497     8.297     0.060     3.000         0
  -14.691     8.318     0.060     3.000         0
  -14.857     8.336     0.060     3.000         0
  -15.034     8.355     0.060     3.000         0
  -15.226     8.366     0.060     3.000         0
  -15.404     8.390     0.060     3.000         0
  -15.599     8.391     0.060     3.000         0
  -15.764     8.414     0.060     3.000         0
  -15.959     8.414     0.060     3.000         0
  -16.134     8.438     0.060     3.000         0
  -16.328     8.447     0.060     3.000         0
  -16.520     8.465     0.060     3.000         0
  -16.697     8.503     0.060     3.000         0
  -16.889     8.521     0.060     3.000         0
  -17.084     8.530     0.060     3.000         0
  -17.259     8.549     0.060     3.000         0
  -17.454     8.561     0.060     3.000         0
  -17.646     8.576     0.060     3.000         0
  -17.822     8.591     0.060     3.000         0
  -18.017     8.597     0.060     3.000         0
  -18.183     8.621     0.060     3.000         0
  -18.378     8.640     0.060     3.000         0
  -18.579     8.661     0.060     3.000         0
  -18.747     8.682     0.060     3.000         0
  -18.939     8.726     0.060     3.000         0
  -19.143     8.752     0.060     3.000         0
  -19.337     8.767     0.060     3.000         0
  -19.529     8.801     0.060     3.000         0
  -19.750     8.809     0.060     3.000         0
  -19.942     8.833     0.060     3.000         0
  -20.137     8.858     0.060     3.000         0
  -20.338     8.894     0.060     3.000         0
  -20.533     8.916     0.060     3.000         0
  -20.725     8.958     0.060     3.000         0
  -20.919     9.000     0.060     3.000         0
  -21.122     9.024     0.060     3.000         0
  -21.314     9.047     0.060     3.000         0
  -21.535     9.095     0.060     3.000         0
  -21.730     9.123     0.060     3.000         0
  -21.922     9.152     0.060     3.000         0
  -22.117     9.170     0.060     3.000         0
  -22.318     9.193     0.060     3.000         0
  -22.486     9.232     0.060     3.000         0
  -22.678     9.258     0.060     3.000         0
  -22.881     9.286     0.060     3.000         0
  -23.073     9.303     0.060     3.000         0
  -23.268     9.349     0.060     3.000         0
  -23.460     9.374     0.060     3.000         0
  -23.655     9.420     0.060     3.000         0
  -23.858     9.447     0.060     3.000         0
  -24.050     9.484     0.060     3.000         0
  -24.245     9.531     0.060     3.000         0
  -24.437     9.548     0.060     3.000         0
  -24.641     9.598     0.060     3.000         0
  -24.836     9.622     0.060     3.000         0
  -25.028     9.656     0.060     3.000         0
  -25.223     9.711     0.060     3.000         0
  -25.415     9.725     0.060     3.000         0
  -25.617     9.761     0.060     3.000         0
  -25.809     9.805     0.060     3.000         0
  -25.978     9.821     0.060     3.000         0
  -26.182     9.853     0.060     3.000         0
  -26.374     9.887     0.060     3.000         0
  -26.569     9.927     0.060     3.000         0
  -26.787     9.955     0.060     3.000         0
  -26.981     9.985     0.060     3.000         0
  -27.173    10.025     0.060     3.000         0
  -27.377    10.057     0.060     3.000         0
  -27.572    10.087     0.060     3.000         0
  -27.737    10.103     0.060     3.000         0
  -27.959    10.137     0.060     3.000         0
  -28.159    10.163     0.060     3.000         0
  -28.354    10.197     0.060     3.000         0
  -28.546    10.217     0.060     3.000         0
  -28.740    10.246     0.060     3.000         0
  -28.932    10.295     0.060     3.000         0
  -29.136    10.321     0.060     3.000         0
  -29.331    10.346     0.060     3.000         0
  -29.523    10.375     0.060     3.000         0
  -29.718    10.395     0.060     3.000         0
  -29.921    10.426     0.060     3.000         0
  -30.113    10.475     0.060     3.000         0
  -30.308    10.505     0.060     3.000         0
  -30.500    10.514     0.060     3.000         0
  -30.695    10.554     0.060     3.000         0
  -30.895    10.590     0.060     3.000         0
  -31.090    10.616     0.060     3.000         0
  -31.282    10.622     0.060     3.000         0
  -31.477    10.647     0.060     3.000         0
  -31.680    10.694     0.060     3.000         0
  -31.872    10.720     0.060     3.000         0
  -32.067    10.736     0.060     3.000         0
  -32.259    10.766     0.060     3.000         0
  -32.454    10.782     0.060     3.000         0
  -32.655    10.809     0.060     3.000         0
  -32.850    10.835     0.060     3.000         0
  -33.044    10.861     0.060     3.000         0
  -33.236    10.886     0.060     3.000         0
  -33.439    10.918     0.060     3.000         0
  -33.631    10.939     0.060     3.000         0
  -33.826    10.971     0.060     3.000         0
  -34.021    11.003     0.060     3.000         0
  -34.213    11.034     0.060     3.000         0
  -34.417    11.087     0.060     3.000         0
  -34.609    11.098     0.060     3.000         0
  -34.803    11.145     0.060     3.000         0
  -34.995    11.171     0.060     3.000         0
  -35.199    11.206     0.060     3.000         0
  -35.391    11.224     0.060     3.000         0
  -35.586    11.238     0.060     3.000         0
  -35.781    11.257     0.060     3.000         0
  -35.973    11.285     0.060     3.000         0
  -36.175    11.315     0.060     3.000         0
  -36.367    11.348     0.060     3.000         0
  -36.562    11.351     0.060     3.000         0
  -36.758    11.394     0.060     3.000         0
  -36.958    11.418     0.060     3.000         0
  -37.153    11.431     0.060     3.000         0
  -37.345    11.447     0.060     3.000         0
  -37.540    11.493     0.060     3.000         0
  -37.732    11.518     0.060     3.000         0
  -37.935    11.525     0.060     3.000         0
  -38.130    11.561     0.060     3.000         0
  -38.322    11.589     0.060     3.000         0
  -38.517    11.628     0.060     3.000         0
  -38.718    11.657     0.060     3.000         0
  -38.913    11.701     0.060     3.000         0
  -39.105    11.739     0.060     3.000         0
  -39.299    11.762     0.060     3.000         0
  -39.494    11.795     0.060     3.000         0
  -39.694    11.828     0.060     3.000         0
  -39.889    11.856     0.060     3.000         0
  -40.081    11.873     0.060     3.000         0
  -40.276    11.901     0.060     3.000         0
  -40.477    11.919     0.060     3.000         0
  -40.672    11.932     0.060     3.000         0
  -40.866    11.955     0.060     3.000         0
  -41.058    11.963     0.060     3.000         0
  -41.253    11.998     0.060     3.000         0
  -41.454    12.003     0.060     3.000         0
  -41.649    12.042     0.060     3.000         0
  -41.841    12.072     0.060     3.000         0
  -42.036    12.086     0.060     3.000         0
  -42.239    12.111     0.060     3.000         0
  -42.431    12.115     0.060     3.000         0
  -42.626    12.120     0.060     3.000         0
  -42.818    12.144     0.060     3.000         0
  -43.013    12.153     0.060     3.000         0
  -43.217    12.174     0.060     3.000         0
  -43.409    12.213     0.060     3.000         0
  -43.630    12.230     0.060     3.000         0
  -43.822    12.245     0.060     3.000         0
  -44.016    12.265     0.060     3.000         0
  -44.217    12.282     0.060     3.000         0
  -44.412    12.302     0.060     3.000         0
  -44.604    12.317     0.060     3.000         0
  -44.799    12.348     0.060     3.000         0
  -44.994    12.372     0.060     3.000         0
  -45.194    12.387     0.060     3.000         0
  -45.388    12.382     0.060     3.000         0
  -45.583    12.406     0.060     3.000         0
  -45.775    12.420     0.060     3.000         0
  -45.979    12.446     0.060     3.000         0
  -46.171    12.486     0.060     3.000         0
  -46.366    12.515     0.060     3.000         0
  -46.558    12.535     0.060     3.000         0
  -46.753    12.555     0.060     3.000         0
  -46.956    12.587     0.060     3.000         0
  -47.148    12.612     0.060     3.000         0
  -47.343    12.628     0.060     3.000         0
  -47.535    12.658     0.060     3.000         0
  -47.739    12.685     0.060     3.000         0
  -47.908    12.731     0.060     3.000         0
  -48.100    12.751     0.060     3.000         0
  -48.294    12.791     0.060     3.000         0
  -48.494    12.822     0.060     3.000         0
  -48.690    12.863     0.060     3.000         0
  -48.882    12.903     0.060     3.000         0
  -49.077    12.935     0.060     3.000         0
  -49.280    12.964     0.060     3.000         0
  -49.472    12.991     0.060     3.000         0
  -49.667    13.024     0.060     3.000         0
  -49.859    13.066     0.060     3.000         0
  -50.053    13.101     0.060     3.000         0
  -50.254    13.138     0.060     3.000         0
  -50.449    13.169     0.060     3.000         0
  -50.671    13.194     0.060     3.000         0
  -50.863    13.237     0.060     3.000         0
  -51.058    13.251     0.060     3.000         0
  -51.258    13.305     0.060     3.000         0
  -51.452    13.329     0.060     3.000         0
  -51.647    13.357     0.060     3.000         0
  -51.839    13.390     0.060     3.000         0
  -52.034    13.429     0.060     3.000         0
  -52.235    13.440     0.060     3.000         0
  -52.430    13.455     0.060     3.000         0
  -52.625    13.471     0.060     3.000         0
  -52.817    13.481     0.060     3.000         0
  -53.020    13.507     0.060     3.000         0
  -53.212    13.515     0.060     3.000         0
  -53.407    13.534     0.060     3.000         0
  -53.602    13.553     0.060     3.000         0
  -53.820    13.579     0.060     3.000         0
  -54.016    13.593     0.060     3.000         0
  -54.216    13.632     0.060     3.000         0
  -54.410    13.631     0.060     3.000         0
  -54.602    13.654     0.060     3.000         0
  -54.797    13.683     0.060     3.000         0
  -55.001    13.703     0.060     3.000         0
  -55.193    13.726     0.060     3.000         0
  -55.388    13.735     0.060     3.000         0
  -55.580    13.748     0.060     3.000         0
  -55.802    13.784     0.060     3.000         0
  -55.996    13.787     0.060     3.000         0
  -56.196    13.821     0.060     3.000         0
  -56.391    13.820     0.060     3.000         0
  -56.583    13.858     0.060     3.000         0
  -56.778    13.876     0.060     3.000         0
  -56.979    13.895     0.060     3.000         0
  -57.174    13.903     0.060     3.000         0
  -57.395    13.943     0.060     3.000         0
  -57.586    13.950     0.060     3.000         0
  -57.782    13.976     0.060     3.000         0
  -57.974    14.022     0.060     3.000         0
  -58.195    14.033     0.060     3.000         0
  -58.396    14.060     0.060     3.000         0
  -58.591    14.102     0.060     3.000         0
  -58.812    14.117     0.060     3.000         0
  -59.004    14.163     0.060     3.000         0
  -59.198    14.190     0.060     3.000         0
  -59.419    14.220     0.060     3.000         0
  -59.620    14.247     0.060     3.000         0
  -59.815    14.274     0.060     3.000         0
  -60.033    14.294     0.060     3.000         0
  -60.228    14.307     0.060     3.000         0
  -60.449    14.334     0.060     3.000         0
  -60.641    14.367     0.060     3.000         0
  -60.862    14.404     0.060     3.000         0
  -61.054    14.427     0.060     3.000         0
  -61.258    14.432     0.060     3.000         0
  -61.476    14.479     0.060     3.000         0
  -61.671    14.482     0.060     3.000         0
  -61.866    14.506     0.060     3.000         0
  -62.084    14.537     0.060     3.000         0
  -62.278    14.576     0.060     3.000         0
  -62.479    14.590     0.060     3.000         0
    0.000     0.000     0.000        -1
