    0.000     1.000     0.000         0
    8.896     6.695     0.060     1.000         0
    8.701     6.600     0.060     1.000         0
    8.500     6.492     0.060     1.000         0
    8.280     6.373     0.060     1.000         0
    8.086     6.260     0.060     1.000         0
    7.894     6.147     0.060     1.000         0
    7.673     6.028     0.060     1.000         0
    7.478     5.918     0.060     1.000         0
    7.260     5.801     0.060     1.000         0
    7.056     5.689     0.060     1.000         0
    6.836     5.573     0.060     1.000         0
    6.644     5.462     0.060     1.000         0
    6.449     5.354     0.060     1.000         0
    6.231     5.245     0.060     1.000         0
    6.036     5.142     0.060     1.000         0
    5.815     5.034     0.060     1.000         0
    5.623     4.934     0.060     1.000         0
    5.403     4.831     0.060     1.000         0
    5.203     4.732     0.060     1.000         0
    5.008     4.636     0.060     1.000         0
    4.790     4.539     0.060     1.000         0
    4.595     4.453     0.060     1.000         0
    4.400     4.363     0.060     1.000         0
    4.182     4.294     0.060     1.000         0
    3.978     4.201     0.060     1.000         0
    3.786     4.128     0.060     1.000         0
    3.566     4.030     0.060     1.000         0
    3.372     3.956     0.060     1.000         0
    3.153     3.883     0.060     1.000         0
    2.959     3.828     0.060     1.000         0
    2.767     3.768     0.060     1.000         0
    2.546     3.702     0.060     1.000         0
    2.343     3.647     0.060     1.000         0
    2.151     3.585     0.060     1.000         0
    1.930     3.546     0.060     1.000         0
    1.738     3.503     0.060     1.000         0
    1.543     3.459     0.060     1.000         0
    1.322     3.409     0.060     1.000         0
    1.122     3.367     0.060     1.000         0
    0.927     3.337     0.060     1.000         0
    0.707     3.318     0.060     1.000         0
    0.515     3.312     0.060     1.000         0
    0.321     3.293     0.060     1.000         0
    0.128     3.285     0.060     1.000         0
   11.137     7.217     0.060     2.000         0
   10.945     7.173     0.060     2.000         0
   10.750     7.128     0.060     2.000         0
   10.532     7.078     0.060     2.000         0
   10.337     7.033     0.060     2.000         0
   10.137     7.007     0.060     2.000         0
    9.916     6.956     0.060     2.000         0
    9.722     6.912     0.060     2.000         0
    9.504     6.861     0.060     2.000         0
    9.309     6.812     0.060     2.000         0
    9.114     6.752     0.060     2.000         0
    8.896     6.712     0.060     2.000         0
  115.309    19.932     0.060     3.000         0
  115.116    19.921     0.060     3.000         0
  114.895    19.877     0.060     3.000         0
  114.703    19.857     0.060     3.000         0
  114.500    19.835     0.060     3.000         0
  114.308    19.825     0.060     3.000         0
  114.088    19.808     0.060     3.000         0
  113.893    19.784     0.060     3.000         0
  113.701    19.750     0.060     3.000         0
  113.481    19.738     0.060     3.000         0
  113.290    19.719     0.060     3.000         0
  113.086    19.674     0.060     3.000         0
  112.895    19.657     0.060     3.000         0
  112.674    19.623     0.060     3.000         0
  112.479    19.590     0.060     3.000         0
  112.288    19.558     0.060     3.000         0
  112.085    19.513     0.060     3.000         0
  111.867    19.484     0.060     3.000         0
  111.673    19.458     0.060     3.000         0
  111.478    19.436     0.060     3.000         0
  103.942    18.726     0.060     3.000         0
  103.742    18.722     0.060     3.000         0
  103.521    18.696     0.060     3.000         0
  103.326    18.680     0.060     3.000         0
  103.108    18.656     0.060     3.000         0
  102.915    18.631     0.060     3.000         0
  102.723    18.605     0.060     3.000         0
  102.502    18.581     0.060     3.000         0
  102.308    18.570     0.060     3.000         0
  102.107    18.538     0.060     3.000         0
  101.887    18.519     0.060     3.000         0
  101.695    18.497     0.060     3.000         0
  101.500    18.485     0.060     3.000         0
  101.280    18.460     0.060     3.000         0
  101.089    18.438     0.060     3.000         0
  100.885    18.415     0.060     3.000         0
  100.693    18.373     0.060     3.000         0
  100.499    18.361     0.060     3.000         0
  100.281    18.338     0.060     3.000         0
  100.086    18.347     0.060     3.000         0
   99.892    18.315     0.060     3.000         0
   99.692    18.314     0.060     3.000         0
   99.497    18.286     0.060     3.000         0
   99.303    18.254     0.060     3.000         0
   99.085    18.228     0.060     3.000         0
   98.890    18.196     0.060     3.000         0
   98.690    18.163     0.060     3.000         0
   98.495    18.156     0.060     3.000         0
   98.303    18.119     0.060     3.000         0
   98.109    18.097     0.060     3.000         0
   97.889    18.057     0.060     3.000         0
   97.697    18.026     0.060     3.000         0
   97.494    18.009     0.060     3.000         0
   97.302    17.992     0.060     3.000         0
   97.107    17.956     0.060     3.000         0
   96.889    17.919     0.060     3.000         0
   96.696    17.886     0.060     3.000         0
   96.492    17.871     0.060     3.000         0
   96.301    17.843     0.060     3.000         0
   96.106    17.804     0.060     3.000         0
   95.888    17.782     0.060     3.000         0
   95.693    17.759     0.060     3.000         0
   95.499    17.715     0.060     3.000         0
   95.298    17.691     0.060     3.000         0
   95.105    17.681     0.060     3.000         0
   94.884    17.644     0.060     3.000         0
   94.692    17.640     0.060     3.000         0
   94.497    17.615     0.060     3.000         0
   94.297    17.595     0.060     3.000         0
   94.102    17.560     0.060     3.000         0
   93.911    17.541     0.060     3.000         0
   93.717    17.532     0.060     3.000         0
   93.525    17.512     0.060     3.000         0
   93.348    17.482     0.060     3.000         0
   93.153    17.469     0.060     3.000         0
   92.961    17.457     0.060     3.000         0
   92.758    17.424     0.060     3.000         0
   92.566    17.412     0.060     3.000         0
   92.372    17.369     0.060     3.000         0
   92.178    17.367     0.060     3.000         0
   91.986    17.345     0.060     3.000         0
   91.783    17.317     0.060     3.000         0
   91.591    17.299     0.060     3.000         0
   91.397    17.267     0.060     3.000         0
   91.205    17.241     0.060     3.000         0
   91.001    17.244     0.060     3.000         0
   90.808    17.207     0.060     3.000         0
   90.616    17.196     0.060     3.000         0
   90.421    17.189     0.060     3.000         0
   90.203    17.166     0.060     3.000         0
   90.009    17.159     0.060     3.000         0
   89.805    17.127     0.060     3.000         0
   89.614    17.116     0.060     3.000         0
   89.419    17.089     0.060     3.000         0
   89.227    17.073     0.060     3.000         0
   89.025    17.055     0.060     3.000         0
   88.830    17.053     0.060     3.000         0
   88.638    17.037     0.060     3.000         0
   88.444    17.025     0.060     3.000         0
   88.252    17.008     0.060     3.000         0
   88.049    16.991     0.060     3.000         0
   87.881    16.976     0.060     3.000         0
   87.707    16.951     0.060     3.000         0
   87.515    16.936     0.060     3.000         0
   87.346    16.913     0.060     3.000         0
   87.172    16.870     0.060     3.000         0
   86.977    16.854     0.060     3.000         0
   86.812    16.832     0.060     3.000         0
   86.635    16.792     0.060     3.000         0
   86.466    16.764     0.060     3.000         0
   86.292    16.735     0.060     3.000         0
   86.100    16.713     0.060     3.000         0
   85.932    16.695     0.060     3.000         0
   85.758    16.666     0.060     3.000         0
   85.590    16.628     0.060     3.000         0
   85.395    16.595     0.060     3.000         0
   85.221    16.566     0.060     3.000         0
   85.052    16.548     0.060     3.000         0
   84.878    16.499     0.060     3.000         0
   84.684    16.467     0.060     3.000         0
   84.518    16.439     0.060     3.000         0
   84.341    16.410     0.060     3.000         0
   84.175    16.392     0.060     3.000         0
   83.972    16.367     0.060     3.000         0
   83.806    16.329     0.060     3.000         0
   83.638    16.310     0.060     3.000         0
   83.437    16.265     0.060     3.000         0
   83.269    16.246     0.060     3.000         0
   83.095    16.211     0.060     3.000         0
   82.927    16.188     0.060     3.000         0
   82.761    16.149     0.060     3.000         0
   82.558    16.129     0.060     3.000         0
   82.392    16.104     0.060     3.000         0
   82.215    16.057     0.060     3.000         0
   82.021    16.028     0.060     3.000         0
   81.855    16.004     0.060     3.000         0
   81.681    15.988     0.060     3.000         0
   81.487    15.959     0.060     3.000         0
   81.318    15.924     0.060     3.000         0
   81.144    15.908     0.060     3.000         0
   80.949    15.870     0.060     3.000         0
   80.784    15.846     0.060     3.000         0
   80.580    15.816     0.060     3.000         0
   80.415    15.802     0.060     3.000         0
   80.220    15.799     0.060     3.000         0
   80.046    15.773     0.060     3.000         0
   79.852    15.755     0.060     3.000         0
   79.686    15.760     0.060     3.000         0
   79.483    15.741     0.060     3.000         0
   79.317    15.733     0.060     3.000         0
   79.123    15.703     0.060     3.000         0
   78.945    15.689     0.060     3.000         0
   78.754    15.684     0.060     3.000         0
   78.586    15.684     0.060     3.000         0
   78.385    15.656     0.060     3.000         0
   78.217    15.651     0.060     3.000         0
   78.025    15.649     0.060     3.000         0
   77.848    15.618     0.060     3.000         0
   77.656    15.616     0.060     3.000         0
   77.488    15.608     0.060     3.000         0
   77.313    15.600     0.060     3.000         0
   77.119    15.566     0.060     3.000         0
   76.944    15.567     0.060     3.000         0
   76.750    15.548     0.060     3.000         0
   76.585    15.541     0.060     3.000         0
   76.390    15.521     0.060     3.000         0
   76.190    15.516     0.060     3.000         0
   76.021    15.503     0.060     3.000         0
   75.826    15.489     0.060     3.000         0
   75.652    15.466     0.060     3.000         0
   75.458    15.451     0.060     3.000         0
   75.267    15.442     0.060     3.000         0
   75.072    15.432     0.060     3.000         0
   74.868    15.417     0.060     3.000         0
   74.703    15.399     0.060     3.000         0
   74.508    15.380     0.060     3.000         0
   74.308    15.365     0.060     3.000         0
   74.113    15.364     0.060     3.000         0
   73.921    15.333     0.060     3.000         0
   73.727    15.322     0.060     3.000         0
   73.536    15.331     0.060     3.000         0
   73.358    15.321     0.060     3.000         0
   73.164    15.311     0.060     3.000         0
   72.972    15.290     0.060     3.000         0
   72.768    15.270     0.060     3.000         0
   72.577    15.262     0.060     3.000         0
   72.383    15.223     0.060     3.000         0
   72.191    15.224     0.060     3.000         0
   71.996    15.185     0.060     3.000         0
   71.793    15.181     0.060     3.000         0
   71.601    15.162     0.060     3.000         0
   71.407    15.139     0.060     3.000         0
   71.215    15.135     0.060     3.000         0
   71.011    15.101     0.060     3.000         0
   70.818    15.087     0.060     3.000         0
   70.626    15.074     0.060     3.000         0
   70.405    15.058     0.060     3.000         0
   70.213    15.055     0.060     3.000         0
   70.018    15.040     0.060     3.000         0
   69.815    15.015     0.060     3.000         0
   69.623    14.986     0.060     3.000         0
   69.429    14.967     0.060     3.000         0
   69.238    14.928     0.060     3.000         0
   69.034    14.907     0.060     3.000         0
   68.842    14.880     0.060     3.000         0
   68.648    14.848     0.060     3.000         0
   68.453    14.810     0.060     3.000         0
   68.261    14.783     0.060     3.000         0
   68.058    14.745     0.060     3.000         0
   67.866    14.714     0.060     3.000         0
   67.672    14.684     0.060     3.000         0
   67.478    14.648     0.060     3.000         0
   67.277    14.606     0.060     3.000         0
   67.082    14.566     0.060     3.000         0
   66.891    14.537     0.060     3.000         0
   66.696    14.509     0.060     3.000         0
   66.502    14.470     0.060     3.000         0
   66.284    14.427     0.060     3.000         0
   66.081    14.409     0.060     3.000         0
   65.889    14.367     0.060     3.000         0
   65.694    14.345     0.060     3.000         0
   65.499    14.308     0.060     3.000         0
   65.299    14.290     0.060     3.000         0
   65.104    14.277     0.060     3.000         0
   64.912    14.235     0.060     3.000         0
   64.721    14.233     0.060     3.000         0
   64.527    14.200     0.060     3.000         0
   64.323    14.172     0.060     3.000         0
   64.132    14.137     0.060     3.000         0
   63.934    14.100     0.060     3.000         0
   63.716    14.055     0.060     3.000         0
   63.524    14.025     0.060     3.000         0
   63.322    13.977     0.060     3.000         0
   63.101    13.954     0.060     3.000         0
   62.909    13.930     0.060     3.000         0
   62.714    13.901     0.060     3.000         0
   62.522    13.877     0.060     3.000         0
   62.328    13.868     0.060     3.000         0
   62.124    13.849     0.060     3.000         0
   61.906    13.823     0.060     3.000         0
   61.713    13.809     0.060     3.000         0
   61.521    13.781     0.060     3.000         0
   61.300    13.766     0.060     3.000         0
   61.108    13.740     0.060     3.000         0
   60.905    13.717     0.060     3.000         0
   60.710    13.685     0.060     3.000         0
   60.518    13.669     0.060     3.000         0
   60.298    13.634     0.060     3.000         0
   60.106    13.617     0.060     3.000         0
   59.912    13.600     0.060     3.000         0
   59.708    13.578     0.060     3.000         0
   59.516    13.544     0.060     3.000         0
   59.322    13.530     0.060     3.000         0
   59.127    13.516     0.060     3.000         0
   58.953    13.495     0.060     3.000         0
   58.761    13.462     0.060     3.000         0
   58.593    13.441     0.060     3.000         0
   58.390    13.412     0.060     3.000         0
   58.224    13.384     0.060     3.000         0
   58.029    13.356     0.060     3.000         0
   57.855    13.331     0.060     3.000         0
   57.686    13.302     0.060     3.000         0
   57.494    13.285     0.060     3.000         0
   57.318    13.272     0.060     3.000         0
   57.152    13.260     0.060     3.000         0
   56.949    13.238     0.060     3.000         0
   56.783    13.201     0.060     3.000         0
   56.615    13.193     0.060     3.000         0
   56.414    13.174     0.060     3.000         0
   56.219    13.126     0.060     3.000         0
   56.054    13.122     0.060     3.000         0
   55.850    13.082     0.060     3.000         0
   55.683    13.063     0.060     3.000         0
   55.491    13.056     0.060     3.000         0
   55.314    13.026     0.060     3.000         0
   55.148    13.032     0.060     3.000         0
   54.953    13.015     0.060     3.000         0
   54.779    13.000     0.060     3.000         0
   54.610    12.965     0.060     3.000         0
   54.418    12.954     0.060     3.000         0
   54.242    12.949     0.060     3.000         0
   54.076    12.919     0.060     3.000         0
   53.873    12.912     0.060     3.000         0
   53.707    12.911     0.060     3.000         0
   53.539    12.899     0.060     3.000         0
   53.338    12.886     0.060     3.000         0
   53.170    12.874     0.060     3.000         0
   52.992    12.853     0.060     3.000         0
   52.800    12.835     0.060     3.000         0
   52.635    12.812     0.060     3.000         0
   52.458    12.787     0.060     3.000         0
   52.267    12.740     0.060     3.000         0
   52.098    12.716     0.060     3.000         0
   51.924    12.702     0.060     3.000         0
   51.729    12.680     0.060     3.000         0
   51.560    12.652     0.060     3.000         0
   51.386    12.634     0.060     3.000         0
   51.192    12.607     0.060     3.000         0
   51.018    12.589     0.060     3.000         0
   50.849    12.556     0.060     3.000         0
   50.657    12.533     0.060     3.000         0
   50.480    12.502     0.060     3.000         0
   50.288    12.469     0.060     3.000         0
   50.120    12.440     0.060     3.000         0
   49.945    12.410     0.060     3.000         0
   49.777    12.371     0.060     3.000         0
   49.585    12.357     0.060     3.000         0
   49.408    12.335     0.060     3.000         0
   49.243    12.314     0.060     3.000         0
   49.039    12.288     0.060     3.000         0
   48.871    12.267     0.060     3.000         0
   48.679    12.243     0.060     3.000         0
   48.504    12.220     0.060     3.000         0
   48.336    12.194     0.060     3.000         0
   48.142    12.165     0.060     3.000         0
   47.968    12.144     0.060     3.000         0
   47.799    12.114     0.060     3.000         0
   47.607    12.081     0.060     3.000         0
   47.430    12.050     0.060     3.000         0
   47.238    12.016     0.060     3.000         0
   47.061    11.985     0.060     3.000         0
   46.869    11.951     0.060     3.000         0
   46.700    11.901     0.060     3.000         0
   46.526    11.871     0.060     3.000         0
   46.332    11.847     0.060     3.000         0
   46.166    11.831     0.060     3.000         0
   45.963    11.780     0.060     3.000         0
   45.794    11.754     0.060     3.000         0
   45.629    11.749     0.060     3.000         0
   45.428    11.718     0.060     3.000         0
   45.259    11.672     0.060     3.000         0
   45.085    11.655     0.060     3.000         0
   44.891    11.622     0.060     3.000         0
   44.726    11.603     0.060     3.000         0
   44.531    11.600     0.060     3.000         0
   44.353    11.575     0.060     3.000         0
   44.188    11.540     0.060     3.000         0
   43.984    11.536     0.060     3.000         0
   43.653    11.488     0.060     3.000         0
   43.449    11.460     0.060     3.000         0
   43.284    11.432     0.060     3.000         0
   43.090    11.416     0.060     3.000         0
   42.913    11.391     0.060     3.000         0
   42.747    11.369     0.060     3.000         0
   42.552    11.337     0.060     3.000         0
   42.378    11.307     0.060     3.000         0
   42.209    11.288     0.060     3.000         0
   42.009    11.265     0.060     3.000         0
   41.841    11.246     0.060     3.000         0
   41.649    11.225     0.060     3.000         0
   41.472    11.205     0.060     3.000         0
   41.280    11.183     0.060     3.000         0
   41.111    11.184     0.060     3.000         0
   40.908    11.151     0.060     3.000         0
   40.742    11.116     0.060     3.000         0
   40.547    11.086     0.060     3.000         0
   40.373    11.065     0.060     3.000         0
   40.179    11.036     0.060     3.000         0
   40.013    11.021     0.060     3.000         0
   39.810    10.996     0.060     3.000         0
   39.618    10.967     0.060     3.000         0
   39.449    10.922     0.060     3.000         0
   39.255    10.903     0.060     3.000         0
   39.054    10.867     0.060     3.000         0
   38.888    10.846     0.060     3.000         0
   38.695    10.821     0.060     3.000         0
   38.491    10.795     0.060     3.000         0
   38.325    10.774     0.060     3.000         0
   38.131    10.764     0.060     3.000         0
   37.956    10.742     0.060     3.000         0
   37.761    10.712     0.060     3.000         0
   37.570    10.687     0.060     3.000         0
   37.392    10.660     0.060     3.000         0
   37.198    10.635     0.060     3.000         0
   37.006    10.590     0.060     3.000         0
   36.812    10.560     0.060     3.000         0
   36.637    10.543     0.060     3.000         0
   36.442    10.502     0.060     3.000         0
   36.251    10.472     0.060     3.000         0
   36.056    10.441     0.060     3.000         0
   35.855    10.414     0.060     3.000         0
   35.661    10.383     0.060     3.000         0
   35.493    10.372     0.060     3.000         0
   35.301    10.331     0.060     3.000         0
   35.097    10.313     0.060     3.000         0
   34.906    10.282     0.060     3.000         0
   34.711    10.240     0.060     3.000         0
   34.519    10.213     0.060     3.000         0
   34.342    10.189     0.060     3.000         0
   34.150    10.162     0.060     3.000         0
   33.956    10.155     0.060     3.000         0
   33.761    10.118     0.060     3.000         0
   33.561    10.081     0.060     3.000         0
   33.366    10.055     0.060     3.000         0
   33.174    10.029     0.060     3.000         0
   32.979    10.003     0.060     3.000         0
   32.778     9.981     0.060     3.000         0
   32.585     9.960     0.060     3.000         0
   32.390     9.934     0.060     3.000         0
   32.198     9.916     0.060     3.000         0
   32.003     9.883     0.060     3.000         0
   31.803     9.860     0.060     3.000         0
   31.608     9.832     0.060     3.000         0
   31.390     9.806     0.060     3.000         0
   31.195     9.783     0.060     3.000         0
   31.001     9.770     0.060     3.000         0
   30.801     9.757     0.060     3.000         0
   30.606     9.724     0.060     3.000         0
   30.411     9.696     0.060     3.000         0
   30.219     9.669     0.060     3.000         0
   30.001     9.644     0.060     3.000         0
   29.806     9.622     0.060     3.000         0
   29.604     9.618     0.060     3.000         0
   29.412     9.576     0.060     3.000         0
   29.217     9.564     0.060     3.000         0
   29.022     9.528     0.060     3.000         0
   28.822     9.522     0.060     3.000         0
   28.627     9.486     0.060     3.000         0
   28.435     9.461     0.060     3.000         0
   28.240     9.451     0.060     3.000         0
   28.046     9.432     0.060     3.000         0
   27.846     9.417     0.060     3.000         0
   27.651     9.401     0.060     3.000         0
   27.459     9.376     0.060     3.000         0
   27.238     9.347     0.060     3.000         0
   27.046     9.311     0.060     3.000         0
   26.843     9.285     0.060     3.000         0
   26.623     9.226     0.060     3.000         0
   26.431     9.192     0.060     3.000         0
   26.236     9.167     0.060     3.000         0
   26.015     9.133     0.060     3.000         0
   25.823     9.093     0.060     3.000         0
   25.628     9.059     0.060     3.000         0
   25.410     9.015     0.060     3.000         0
   25.207     8.988     0.060     3.000         0
   25.015     8.968     0.060     3.000         0
   24.795     8.934     0.060     3.000         0
   24.600     8.898     0.060     3.000         0
   24.408     8.879     0.060     3.000         0
   24.187     8.842     0.060     3.000         0
   23.987     8.812     0.060     3.000         0
   23.792     8.803     0.060     3.000         0
   23.572     8.771     0.060     3.000         0
   23.380     8.736     0.060     3.000         0
   23.185     8.712     0.060     3.000         0
   22.964     8.704     0.060     3.000         0
   22.772     8.680     0.060     3.000         0
   22.569     8.654     0.060     3.000         0
   22.348     8.616     0.060     3.000         0
   22.156     8.578     0.060     3.000         0
   21.962     8.555     0.060     3.000         0
   21.744     8.528     0.060     3.000         0
   21.549     8.500     0.060     3.000         0
   21.328     8.468     0.060     3.000         0
   21.127     8.435     0.060     3.000         0
   20.909     8.419     0.060     3.000         0
   20.714     8.382     0.060     3.000         0
   20.521     8.358     0.060     3.000         0
   20.329     8.349     0.060     3.000         0
   20.108     8.348     0.060     3.000         0
   19.913     8.324     0.060     3.000         0
   19.712     8.314     0.060     3.000         0
   19.491     8.293     0.060     3.000         0
   19.299     8.282     0.060     3.000         0
   19.105     8.250     0.060     3.000         0
   18.887     8.236     0.060     3.000         0
   18.693     8.215     0.060     3.000         0
   18.489     8.202     0.060     3.000         0
   18.271     8.188     0.060     3.000         0
   18.076     8.182     0.060     3.000         0
   17.884     8.185     0.060     3.000         0
   17.663     8.162     0.060     3.000         0
   17.469     8.157     0.060     3.000         0
   17.469     8.142     0.060     3.000         0
   17.057     8.109     0.060     3.000         0
   16.853     8.103     0.060     3.000         0
   16.661     8.075     0.060     3.000         0
   16.440     8.074     0.060     3.000         0
   16.245     8.045     0.060     3.000         0
   16.053     8.027     0.060     3.000         0
   15.851     7.997     0.060     3.000         0
   15.633     7.965     0.060     3.000         0
   15.438     7.960     0.060     3.000         0
   15.246     7.917     0.060     3.000         0
   15.025     7.899     0.060     3.000         0
   14.830     7.870     0.060     3.000         0
   14.638     7.841     0.060     3.000         0
   14.418     7.807     0.060     3.000         0
   14.218     7.772     0.060     3.000         0
   14.023     7.748     0.060     3.000         0
   13.802     7.714     0.060     3.000         0
   13.610     7.672     0.060     3.000         0
   13.389     7.646     0.060     3.000         0
   13.197     7.609     0.060     3.000         0
   12.993     7.580     0.060     3.000         0
   12.773     7.543     0.060     3.000         0
   12.581     7.513     0.060     3.000         0
   12.387     7.482     0.060     3.000         0
   12.166     7.441     0.060     3.000         0
   11.974     7.406     0.060     3.000         0
   11.753     7.360     0.060     3.000         0
   11.559     7.319     0.060     3.000         0
    0.000    -1.000     0.000         0
   -0.095     3.281     0.060     1.000         0
   -0.293     3.297     0.060     1.000         0
   -0.488     3.290     0.060     1.000         0
   -0.682     3.323     0.060     1.000         0
   -0.874     3.350     0.060     1.000         0
   -1.095     3.387     0.060     1.000         0
   -1.295     3.429     0.060     1.000         0
   -1.490     3.457     0.060     1.000         0
   -1.685     3.494     0.060     1.000         0
   -1.877     3.528     0.060     1.000         0
   -2.072     3.572     0.060     1.000         0
   -2.275     3.623     0.060     1.000         0
   -2.467     3.672     0.060     1.000         0
   -2.662     3.727     0.060     1.000         0
   -2.853     3.775     0.060     1.000         0
   -3.057     3.836     0.060     1.000         0
   -3.249     3.910     0.060     1.000         0
   -3.444     4.016     0.060     1.000         0
   -3.636     4.090     0.060     1.000         0
   -3.830     4.165     0.060     1.000         0
   -4.030     4.247     0.060     1.000         0
   -4.251     4.323     0.060     1.000         0
   -4.446     4.403     0.060     1.000         0
   -4.638     4.484     0.060     1.000         0
   -4.833     4.546     0.060     1.000         0
   -5.037     4.685     0.060     1.000         0
   -5.229     4.778     0.060     1.000         0
   -5.420     4.866     0.060     1.000         0
   -5.614     4.966     0.060     1.000         0
   -5.809     5.066     0.060     1.000         0
   -6.010     5.149     0.060     1.000         0
   -6.205     5.243     0.060     1.000         0
   -6.397     5.337     0.060     1.000         0
   -6.592     5.432     0.060     1.000         0
   -6.794     5.540     0.060     1.000         0
   -6.986     5.647     0.060     1.000         0
   -7.181     5.786     0.060     1.000         0
   -7.373     5.903     0.060     1.000         0
   -7.568     6.022     0.060     1.000         0
   -7.772     6.126     0.060     1.000         0
   -7.937     6.226     0.060     1.000         0
   -8.132     6.345     0.060     1.000         0
   -8.307     6.452     0.060     1.000         0
   -8.501     6.590     0.060     1.000         0
   -8.666     6.680     0.060     1.000         0
   -8.870     6.776     0.060     1.000         0
   -9.036     6.842     0.060     1.000         0
   -9.231     6.941     0.060     1.000         0
   -9.431     7.032     0.060     2.000         0
   -9.600     7.090     0.060     2.000         0
   -9.792     7.150     0.060     2.000         0
   -9.969     7.211     0.060     2.000         0
  -10.160     7.272     0.060     2.000         0
  -10.355     7.339     0.060     2.000         0
  -10.533     7.405     0.060     2.000         0
  -10.725     7.466     0.060     2.000         0
  -10.894     7.529     0.060     2.000         0
  -11.085     7.594     0.060     2.000         0
  -11.289     7.659     0.060     2.000         0
  -11.455     7.726     0.060     2.000         0
  -11.649     7.788     0.060     3.000         0
  -11.823     7.823     0.060     3.000         0
  -12.018     7.850     0.060     3.000         0
  -12.213     7.878     0.060     3.000         0
  -12.388     7.903     0.060     3.000         0
  -12.583     7.911     0.060     3.000         0
  -12.748     7.934     0.060     3.000         0
  -12.951     7.978     0.060     3.000         0
  -13.146     8.006     0.060     3.000         0
  -13.312     8.034     0.060     3.000         0
  -13.507     8.062     0.060     3.000         0
  -13.707     8.090     0.060     3.000         0
  -13.902     8.108     0.060     3.000         0
  -14.068     8.146     0.060     3.000         0
  -14.272     8.181     0.060     3.000         0
  -14.463     8.208     0.060     3.000         0
  -14.631     8.242     0.060     3.000         0
  -14.826     8.275     0.060     3.000         0
  -15.027     8.309     0.060     3.000         0
  -15.196     8.327     0.060     3.000         0
  -15.388     8.359     0.060     3.000         0
  -15.591     8.372     0.060     3.000         0
  -15.783     8.389     0.060     3.000         0
  -15.977     8.406     0.060     3.000         0
  -16.169     8.428     0.060     3.000         0
  -16.364     8.450     0.060     3.000         0
  -16.568     8.479     0.060     3.000         0
  -16.733     8.492     0.060     3.000         0
  -16.928     8.525     0.060     3.000         0
  -17.129     8.548     0.060     3.000         0
  -17.324     8.589     0.060     3.000         0
  -17.516     8.614     0.060     3.000         0
  -17.710     8.645     0.060     3.000         0
  -17.905     8.676     0.060     3.000         0
  -18.079     8.708     0.060     3.000         0
  -18.274     8.734     0.060     3.000         0
  -18.449     8.757     0.060     3.000         0
  -18.644     8.795     0.060     3.000         0
  -18.836     8.817     0.060     3.000         0
  -19.029     8.845     0.060     3.000         0
  -19.224     8.873     0.060     3.000         0
  -19.425     8.901     0.060     3.000         0
  -19.620     8.929     0.060     3.000         0
  -19.812     8.962     0.060     3.000         0
  -20.007     8.979     0.060     3.000         0
  -20.208     8.997     0.060     3.000         0
  -20.208     9.012     0.060     3.000         0
  -20.208     9.017     0.060     3.000         0
  -20.208     8.997     0.060     3.000         0
  -20.208     8.997     0.060     3.000         0
  -20.208     8.997     0.060     3.000         0
  -20.208     8.997     0.060     3.000         0
  -21.545     9.193     0.060     3.000         0
  -21.722     9.226     0.060     3.000         0
  -21.914     9.256     0.060     3.000         0
  -22.108     9.282     0.060     3.000         0
  -22.286     9.300     0.060     3.000         0
  -22.478     9.330     0.060     3.000         0
  -22.673     9.360     0.060     3.000         0
  -22.847     9.408     0.060     3.000         0
  -23.042     9.418     0.060     3.000         0
  -23.208     9.454     0.060     3.000         0
  -23.385     9.492     0.060     3.000         0
  -23.577     9.521     0.060     3.000         0
  -23.745     9.532     0.060     3.000         0
  -23.946     9.558     0.060     3.000         0
  -24.114     9.604     0.060     3.000         0
  -24.306     9.633     0.060     3.000         0
  -24.484     9.661     0.060     3.000         0
  -24.650     9.686     0.060     3.000         0
  -24.845     9.706     0.060     3.000         0
  -25.019     9.738     0.060     3.000         0
  -25.213     9.742     0.060     3.000         0
  -25.379     9.773     0.060     3.000         0
  -25.556     9.791     0.060     3.000         0
  -25.748     9.799     0.060     3.000         0
  -25.926     9.787     0.060     3.000         0
  -26.121     9.815     0.060     3.000         0
  -26.287     9.808     0.060     3.000         0
  -26.482     9.831     0.060     3.000         0
  -26.656     9.839     0.060     3.000         0
  -26.850     9.837     0.060     3.000         0
  -36.896    11.358     0.060     3.000         0
  -37.091    11.379     0.060     3.000         0
  -37.309    11.423     0.060     3.000         0
  -37.503    11.448     0.060     3.000         0
  -37.695    11.474     0.060     3.000         0
  -37.899    11.501     0.060     3.000         0
  -38.094    11.527     0.060     3.000         0
  -38.259    11.548     0.060     3.000         0
  -38.481    11.568     0.060     3.000         0
  -38.681    11.601     0.060     3.000         0
  -38.876    11.623     0.060     3.000         0
  -39.068    11.645     0.060     3.000         0
  -39.262    11.662     0.060     3.000         0
  -39.454    11.684     0.060     3.000         0
  -39.658    11.698     0.060     3.000         0
  -39.853    11.725     0.060     3.000         0
  -40.045    11.749     0.060     3.000         0
  -40.240    11.782     0.060     3.000         0
  -40.443    11.812     0.060     3.000         0
  -40.635    11.831     0.060     3.000         0
  -40.830    11.875     0.060     3.000         0
  -41.022    11.898     0.060     3.000         0
  -41.217    11.931     0.060     3.000         0
  -41.417    11.954     0.060     3.000         0
  -41.612    11.976     0.060     3.000         0
  -41.804    11.998     0.060     3.000         0
  -41.999    12.021     0.060     3.000         0
  -42.202    12.034     0.060     3.000         0
  -42.394    12.064     0.060     3.000         0
  -42.589    12.084     0.060     3.000         0
  -42.781    12.104     0.060     3.000         0
  -42.976    12.124     0.060     3.000         0
  -43.177    12.130     0.060     3.000         0
  -43.372    12.145     0.060     3.000         0
  -43.566    12.170     0.060     3.000         0
  -43.758    12.195     0.060     3.000         0
  -43.961    12.214     0.060     3.000         0
  -44.153    12.262     0.060     3.000         0
  -44.348    12.289     0.060     3.000         0
  -44.543    12.297     0.060     3.000         0
  -44.735    12.325     0.060     3.000         0
  -44.939    12.374     0.060     3.000         0
  -45.131    12.391     0.060     3.000         0
  -45.325    12.423     0.060     3.000         0
  -45.517    12.444     0.060     3.000         0
  -45.721    12.461     0.060     3.000         0
  -45.913    12.488     0.060     3.000         0
  -46.108    12.509     0.060     3.000         0
  -46.303    12.521     0.060     3.000         0
  -46.495    12.542     0.060     3.000         0
  -46.698    12.579     0.060     3.000         0
  -46.889    12.614     0.060     3.000         0
  -47.085    12.645     0.060     3.000         0
  -47.280    12.660     0.060     3.000         0
  -47.480    12.687     0.060     3.000         0
  -47.675    12.728     0.060     3.000         0
  -47.867    12.766     0.060     3.000         0
  -48.062    12.804     0.060     3.000         0
  -48.254    12.837     0.060     3.000         0
  -48.457    12.872     0.060     3.000         0
  -48.652    12.896     0.060     3.000         0
  -48.844    12.939     0.060     3.000         0
  -49.039    12.972     0.060     3.000         0
  -49.240    13.006     0.060     3.000         0
  -49.435    13.040     0.060     3.000         0
  -49.627    13.067     0.060     3.000         0
  -49.821    13.100     0.060     3.000         0
  -50.016    13.129     0.060     3.000         0
  -50.216    13.164     0.060     3.000         0
  -50.412    13.198     0.060     3.000         0
  -50.603    13.222     0.060     3.000         0
  -50.799    13.256     0.060     3.000         0
  -50.999    13.276     0.060     3.000         0
  -51.194    13.298     0.060     3.000         0
  -51.388    13.299     0.060     3.000         0
  -51.580    13.320     0.060     3.000         0
  -51.775    13.332     0.060     3.000         0
  -51.976    13.339     0.060     3.000         0
  -52.171    13.345     0.060     3.000         0
  -52.363    13.368     0.060     3.000         0
  -52.558    13.380     0.060     3.000         0
  -52.761    13.373     0.060     3.000         0
  -52.953    13.385     0.060     3.000         0
  -53.148    13.398     0.060     3.000         0
  -53.340    13.420     0.060     3.000         0
  -53.535    13.435     0.060     3.000         0
  -53.739    13.451     0.060     3.000         0
  -53.931    13.471     0.060     3.000         0
  -54.152    13.514     0.060     3.000         0
  -54.344    13.534     0.060     3.000         0
  -54.538    13.554     0.060     3.000         0
  -54.739    13.565     0.060     3.000         0
  -54.934    13.592     0.060     3.000         0
  -55.126    13.609     0.060     3.000         0
  -55.321    13.636     0.060     3.000         0
  -55.516    13.648     0.060     3.000         0
  -55.716    13.671     0.060     3.000         0
  -55.910    13.693     0.060     3.000         0
  -56.106    13.720     0.060     3.000         0
  -56.297    13.737     0.060     3.000         0
  -56.501    13.760     0.060     3.000         0
  -56.693    13.787     0.060     3.000         0
  -56.888    13.811     0.060     3.000         0
  -57.080    13.835     0.060     3.000         0
  -57.275    13.855     0.060     3.000         0
  -57.478    13.875     0.060     3.000         0
  -57.670    13.884     0.060     3.000         0
  -57.865    13.922     0.060     3.000         0
  -58.057    13.949     0.060     3.000         0
  -58.261    13.973     0.060     3.000         0
  -58.430    13.997     0.060     3.000         0
  -58.622    14.019     0.060     3.000         0
  -58.816    14.056     0.060     3.000         0
  -59.016    14.069     0.060     3.000         0
  -59.212    14.092     0.060     3.000         0
  -59.404    14.129     0.060     3.000         0
  -59.599    14.163     0.060     3.000         0
  -59.802    14.208     0.060     3.000         0
  -59.994    14.227     0.060     3.000         0
  -60.190    14.266     0.060     3.000         0
  -60.381    14.299     0.060     3.000         0
  -60.576    14.338     0.060     3.000         0
  -60.776    14.368     0.060     3.000         0
  -60.971    14.401     0.060     3.000         0
  -61.193    14.442     0.060     3.000         0
  -61.385    14.479     0.060     3.000         0
  -61.580    14.510     0.060     3.000         0
  -61.780    14.533     0.060     3.000         0
  -61.974    14.564     0.060     3.000         0
  -62.169    14.596     0.060     3.000         0
  -62.361    14.623     0.060     3.000         0
  -62.557    14.652     0.060     3.000         0
  -62.757    14.690     0.060     3.000         0
  -62.952    14.719     0.060     3.000         0
  -63.147    14.737     0.060     3.000         0
  -63.339    14.752     0.060     3.000         0
  -63.542    14.769     0.060     3.000         0
  -63.734    14.795     0.060     3.000         0
  -63.929    14.830     0.060     3.000         0
  -64.124    14.851     0.060     3.000         0
  -64.342    14.865     0.060     3.000         0
  -64.538    14.891     0.060     3.000         0
  -64.738    14.907     0.060     3.000         0
  -64.932    14.923     0.060     3.000         0
  -65.124    14.919     0.060     3.000         0
  -65.319    14.945     0.060     3.000         0
  -65.523    14.971     0.060     3.000         0
  -65.715    14.995     0.060     3.000         0
  -65.910    15.005     0.060     3.000         0
  -66.102    15.035     0.060     3.000         0
  -66.324    15.047     0.060     3.000         0
  -66.518    15.082     0.060     3.000         0
  -66.718    15.103     0.060     3.000         0
  -66.913    15.113     0.060     3.000         0
  -67.105    15.148     0.060     3.000         0
  -67.300    15.183     0.060     3.000         0
  -67.501    15.199     0.060     3.000         0
  -67.696    15.217     0.060     3.000         0
  -67.917    15.248     0.060     3.000         0
  -68.108    15.294     0.060     3.000         0
  -68.304    15.312     0.060     3.000         0
  -68.496    15.333     0.060     3.000         0
  -68.717    15.369     0.060     3.000         0
  -68.918    15.393     0.060     3.000         0
  -69.113    15.445     0.060     3.000         0
  -69.334    15.472     0.060     3.000         0
  -69.526    15.494     0.060     3.000         0
  -69.720    15.536     0.060     3.000         0
  -69.941    15.588     0.060     3.000         0
  -70.142    15.625     0.060     3.000         0
  -70.337    15.661     0.060     3.000         0
  -70.555    15.692     0.060     3.000         0
  -70.750    15.706     0.060     3.000         0
  -70.971    15.732     0.060     3.000         0
  -71.163    15.741     0.060     3.000         0
  -71.384    15.762     0.060     3.000         0
  -71.576    15.791     0.060     3.000         0
  -71.780    15.812     0.060     3.000         0
  -71.998    15.830     0.060     3.000         0
  -72.193    15.855     0.060     3.000         0
  -72.388    15.885     0.060     3.000         0
  -72.606    15.908     0.060     3.000         0
  -72.800    15.918     0.060     3.000         0
  -73.001    15.946     0.060     3.000         0
  -73.196    15.964     0.060     3.000         0
  -73.391    15.981     0.060     3.000         0
  -73.609    16.000     0.060     3.000         0
  -73.805    16.018     0.060     3.000         0
  -73.999    16.025     0.060     3.000         0
    0.000     0.000     0.000        -1
