    0.000     1.000     0.000         0
    8.425     6.546     0.060     1.000         0
    8.207     6.423     0.060     1.000         0
    8.013     6.318     0.060     1.000         0
    7.809     6.204     0.060     1.000         0
    7.591     6.063     0.060     1.000         0
    7.396     5.949     0.060     1.000         0
    7.205     5.837     0.060     1.000         0
    6.984     5.732     0.060     1.000         0
    6.790     5.626     0.060     1.000         0
    6.790     5.626     0.060     1.000         0
    6.377     5.416     0.060     1.000         0
    6.173     5.312     0.060     1.000         0
    5.982     5.207     0.060     1.000         0
    5.760     5.103     0.060     1.000         0
    5.565     5.009     0.060     1.000         0
    5.374     4.911     0.060     1.000         0
    5.171     4.805     0.060     1.000         0
    4.954     4.677     0.060     1.000         0
    4.758     4.575     0.060     1.000         0
    4.567     4.484     0.060     1.000         0
    4.346     4.397     0.060     1.000         0
    4.150     4.342     0.060     1.000         0
    3.959     4.273     0.060     1.000         0
    3.739     4.189     0.060     1.000         0
    3.539     4.117     0.060     1.000         0
    3.344     4.043     0.060     1.000         0
    3.122     3.962     0.060     1.000         0
    2.931     3.896     0.060     1.000         0
    2.710     3.824     0.060     1.000         0
    2.519     3.753     0.060     1.000         0
    2.315     3.700     0.060     1.000         0
    2.095     3.637     0.060     1.000         0
    1.904     3.587     0.060     1.000         0
    1.709     3.540     0.060     1.000         0
    1.487     3.497     0.060     1.000         0
    1.297     3.460     0.060     1.000         0
    1.076     3.426     0.060     1.000         0
    0.882     3.397     0.060     1.000         0
    0.686     3.375     0.060     1.000         0
    0.466     3.352     0.060     1.000         0
    0.286     3.336     0.060     1.000         0
    0.117     3.328     0.060     1.000         0
    0.186     3.327     0.060     1.000         0
    0.356     3.342     0.060     1.000         0
    0.555     3.360     0.060     1.000         0
    0.771     3.379     0.060     1.000         0
    0.963     3.403     0.060     1.000         0
    1.182     3.441     0.060     1.000         0
   60.921    13.961     0.060     3.000         0
   60.727    13.934     0.060     3.000         0
   60.535    13.914     0.060     3.000         0
   60.331    13.893     0.060     3.000         0
   60.138    13.874     0.060     3.000         0
   59.946    13.870     0.060     3.000         0
   59.725    13.840     0.060     3.000         0
   59.533    13.811     0.060     3.000         0
   59.338    13.806     0.060     3.000         0
   59.135    13.776     0.060     3.000         0
   58.943    13.752     0.060     3.000         0
   58.749    13.703     0.060     3.000         0
   58.558    13.671     0.060     3.000         0
   58.354    13.645     0.060     3.000         0
   58.162    13.613     0.060     3.000         0
   57.968    13.587     0.060     3.000         0
   57.773    13.561     0.060     3.000         0
   57.581    13.516     0.060     3.000         0
   57.378    13.492     0.060     3.000         0
   57.186    13.451     0.060     3.000         0
   56.992    13.418     0.060     3.000         0
   56.797    13.384     0.060     3.000         0
   56.597    13.357     0.060     3.000         0
   56.402    13.316     0.060     3.000         0
   56.210    13.298     0.060     3.000         0
   56.016    13.265     0.060     3.000         0
   55.822    13.223     0.060     3.000         0
   55.604    13.188     0.060     3.000         0
   55.401    13.152     0.060     3.000         0
   55.209    13.133     0.060     3.000         0
   55.014    13.094     0.060     3.000         0
   54.819    13.062     0.060     3.000         0
   54.619    13.046     0.060     3.000         0
   54.424    13.014     0.060     3.000         0
   54.232    12.991     0.060     3.000         0
   54.041    12.956     0.060     3.000         0
   53.847    12.936     0.060     3.000         0
   53.643    12.907     0.060     3.000         0
   53.452    12.864     0.060     3.000         0
   53.254    12.844     0.060     3.000         0
   53.036    12.808     0.060     3.000         0
   52.844    12.792     0.060     3.000         0
   52.642    12.758     0.060     3.000         0
   52.421    12.713     0.060     3.000         0
   52.229    12.693     0.060     3.000         0
   52.034    12.661     0.060     3.000         0
   51.842    12.653     0.060     3.000         0
   51.648    12.613     0.060     3.000         0
   51.444    12.596     0.060     3.000         0
   51.226    12.580     0.060     3.000         0
   51.032    12.560     0.060     3.000         0
   50.841    12.527     0.060     3.000         0
   50.620    12.507     0.060     3.000         0
   50.428    12.485     0.060     3.000         0
   50.225    12.486     0.060     3.000         0
   50.030    12.456     0.060     3.000         0
   49.838    12.450     0.060     3.000         0
   49.618    12.418     0.060     3.000         0
   49.426    12.401     0.060     3.000         0
   49.232    12.392     0.060     3.000         0
   49.028    12.354     0.060     3.000         0
   48.836    12.341     0.060     3.000         0
   48.641    12.305     0.060     3.000         0
   48.447    12.277     0.060     3.000         0
   48.272    12.267     0.060     3.000         0
   48.081    12.227     0.060     3.000         0
   47.913    12.207     0.060     3.000         0
   47.709    12.178     0.060     3.000         0
   47.544    12.140     0.060     3.000         0
   47.349    12.120     0.060     3.000         0
   47.175    12.080     0.060     3.000         0
   47.006    12.061     0.060     3.000         0
   46.814    12.025     0.060     3.000         0
   46.638    12.003     0.060     3.000         0
   46.472    11.991     0.060     3.000         0
   46.269    11.962     0.060     3.000         0
   46.103    11.930     0.060     3.000         0
   45.935    11.901     0.060     3.000         0
   45.734    11.876     0.060     3.000         0
   45.539    11.867     0.060     3.000         0
   45.374    11.847     0.060     3.000         0
   45.170    11.813     0.060     3.000         0
   45.003    11.802     0.060     3.000         0
   44.811    11.781     0.060     3.000         0
   44.633    11.757     0.060     3.000         0
   44.468    11.730     0.060     3.000         0
   44.273    11.712     0.060     3.000         0
   44.099    11.691     0.060     3.000         0
   43.930    11.686     0.060     3.000         0
   43.738    11.663     0.060     3.000         0
   43.562    11.666     0.060     3.000         0
   43.396    11.649     0.060     3.000         0
   43.193    11.630     0.060     3.000         0
   43.027    11.605     0.060     3.000         0
   42.859    11.587     0.060     3.000         0
   42.658    11.582     0.060     3.000         0
   42.489    11.565     0.060     3.000         0
   42.312    11.539     0.060     3.000         0
   42.120    11.519     0.060     3.000         0
   41.955    11.489     0.060     3.000         0
   41.778    11.465     0.060     3.000         0
   41.586    11.455     0.060     3.000         0
   41.418    11.416     0.060     3.000         0
   41.243    11.409     0.060     3.000         0
   41.049    11.375     0.060     3.000         0
   40.880    11.357     0.060     3.000         0
   40.706    11.338     0.060     3.000         0
   40.512    11.309     0.060     3.000         0
   40.338    11.274     0.060     3.000         0
   40.169    11.252     0.060     3.000         0
   39.977    11.235     0.060     3.000         0
   39.800    11.208     0.060     3.000         0
   39.608    11.183     0.060     3.000         0
   39.439    11.150     0.060     3.000         0
   39.265    11.120     0.060     3.000         0
   39.096    11.103     0.060     3.000         0
   38.905    11.069     0.060     3.000         0
   38.728    11.045     0.060     3.000         0
   38.563    11.027     0.060     3.000         0
   38.359    11.012     0.060     3.000         0
   38.190    10.981     0.060     3.000         0
   37.999    10.946     0.060     3.000         0
   37.824    10.926     0.060     3.000         0
   37.656    10.898     0.060     3.000         0
   37.462    10.871     0.060     3.000         0
   37.287    10.847     0.060     3.000         0
   37.119    10.832     0.060     3.000         0
   36.927    10.788     0.060     3.000         0
   36.750    10.762     0.060     3.000         0
   36.558    10.718     0.060     3.000         0
   36.380    10.685     0.060     3.000         0
   36.189    10.657     0.060     3.000         0
   36.020    10.606     0.060     3.000         0
   35.846    10.561     0.060     3.000         0
   35.652    10.519     0.060     3.000         0
   35.486    10.484     0.060     3.000         0
   35.283    10.434     0.060     3.000         0
   35.114    10.399     0.060     3.000         0
   34.948    10.372     0.060     3.000         0
   34.748    10.346     0.060     3.000         0
   34.579    10.317     0.060     3.000         0
   34.405    10.280     0.060     3.000         0
   34.211    10.239     0.060     3.000         0
   34.045    10.210     0.060     3.000         0
   33.851    10.177     0.060     3.000         0
   33.673    10.155     0.060     3.000         0
   33.508    10.118     0.060     3.000         0
   33.304    10.094     0.060     3.000         0
   33.138    10.053     0.060     3.000         0
   32.973    10.040     0.060     3.000         0
   32.769     9.992     0.060     3.000         0
   32.604     9.967     0.060     3.000         0
   32.410     9.940     0.060     3.000         0
   32.232     9.911     0.060     3.000         0
   32.067     9.892     0.060     3.000         0
   31.872     9.873     0.060     3.000         0
   31.698     9.833     0.060     3.000         0
   31.529     9.817     0.060     3.000         0
   31.328     9.802     0.060     3.000         0
   31.161     9.783     0.060     3.000         0
   30.969     9.746     0.060     3.000         0
   30.792     9.725     0.060     3.000         0
   30.600     9.720     0.060     3.000         0
   30.431     9.693     0.060     3.000         0
   30.228     9.684     0.060     3.000         0
   30.062     9.666     0.060     3.000         0
   29.867     9.654     0.060     3.000         0
   29.693     9.647     0.060     3.000         0
   29.499     9.628     0.060     3.000         0
   29.333     9.619     0.060     3.000         0
   29.130     9.598     0.060     3.000         0
   28.938     9.570     0.060     3.000         0
   28.769     9.559     0.060     3.000         0
   28.574     9.520     0.060     3.000         0
   28.374     9.502     0.060     3.000         0
   28.208     9.494     0.060     3.000         0
   28.014     9.472     0.060     3.000         0
   27.811     9.441     0.060     3.000         0
   27.645     9.423     0.060     3.000         0
   27.450     9.393     0.060     3.000         0
   27.276     9.357     0.060     3.000         0
   27.081     9.335     0.060     3.000         0
   26.889     9.297     0.060     3.000         0
   26.712     9.276     0.060     3.000         0
   26.518     9.241     0.060     3.000         0
   26.326     9.214     0.060     3.000         0
   26.131     9.183     0.060     3.000         0
   25.957     9.146     0.060     3.000         0
   25.762     9.116     0.060     3.000         0
   25.571     9.078     0.060     3.000         0
   25.376     9.055     0.060     3.000         0
   25.175     9.028     0.060     3.000         0
   24.981     8.994     0.060     3.000         0
   24.813     8.974     0.060     3.000         0
   24.621     8.948     0.060     3.000         0
   24.417     8.929     0.060     3.000         0
   24.225     8.906     0.060     3.000         0
   24.031     8.880     0.060     3.000         0
   23.839     8.850     0.060     3.000         0
   23.661     8.822     0.060     3.000         0
   23.470     8.796     0.060     3.000         0
   23.276     8.778     0.060     3.000         0
   23.081     8.744     0.060     3.000         0
   22.880     8.718     0.060     3.000         0
   22.686     8.709     0.060     3.000         0
   22.494     8.676     0.060     3.000         0
   22.299     8.658     0.060     3.000         0
   22.098     8.614     0.060     3.000         0
   21.905     8.587     0.060     3.000         0
   21.710     8.565     0.060     3.000         0
   21.518     8.538     0.060     3.000         0
   21.323     8.515     0.060     3.000         0
   21.123     8.488     0.060     3.000         0
   20.928     8.461     0.060     3.000         0
   20.710     8.435     0.060     3.000         0
   20.515     8.412     0.060     3.000         0
   20.321     8.397     0.060     3.000         0
   20.121     8.377     0.060     3.000         0
   19.926     8.357     0.060     3.000         0
   19.731     8.321     0.060     3.000         0
   19.539     8.294     0.060     3.000         0
   19.321     8.271     0.060     3.000         0
   19.126     8.251     0.060     3.000         0
   18.924     8.235     0.060     3.000         0
   18.732     8.221     0.060     3.000         0
   18.537     8.193     0.060     3.000         0
   18.342     8.174     0.060     3.000         0
   18.142     8.149     0.060     3.000         0
   17.947     8.120     0.060     3.000         0
   17.755     8.104     0.060     3.000         0
   17.560     8.075     0.060     3.000         0
   17.366     8.051     0.060     3.000         0
   17.166     8.034     0.060     3.000         0
   16.971     8.027     0.060     3.000         0
   16.779     8.035     0.060     3.000         0
   16.558     8.019     0.060     3.000         0
   16.366     8.014     0.060     3.000         0
   16.162     7.992     0.060     3.000         0
   15.942     7.967     0.060     3.000         0
   15.751     7.931     0.060     3.000         0
   15.556     7.894     0.060     3.000         0
   15.335     7.861     0.060     3.000         0
   15.143     7.832     0.060     3.000         0
   14.948     7.820     0.060     3.000         0
   14.730     7.787     0.060     3.000         0
   14.527     7.757     0.060     3.000         0
   14.335     7.729     0.060     3.000         0
   14.115     7.696     0.060     3.000         0
   13.920     7.667     0.060     3.000         0
   13.728     7.631     0.060     3.000         0
   13.507     7.602     0.060     3.000         0
   13.307     7.568     0.060     3.000         0
   13.112     7.539     0.060     3.000         0
   12.892     7.511     0.060     3.000         0
   12.700     7.487     0.060     3.000         0
   12.505     7.458     0.060     3.000         0
   12.284     7.425     0.060     3.000         0
   12.092     7.397     0.060     3.000         0
   11.888     7.367     0.060     3.000         0
   11.667     7.334     0.060     3.000         0
   11.476     7.302     0.060     3.000         0
   11.282     7.278     0.060     3.000         0
   11.064     7.245     0.060     3.000         0
   10.869     7.217     0.060     3.000         0
   10.648     7.184     0.060     3.000         0
   10.447     7.155     0.060     3.000         0
   10.230     7.123     0.060     3.000         0
   10.035     7.078     0.060     3.000         0
    9.841     7.049     0.060     3.000         0
    9.649     7.021     0.060     3.000         0
    9.428     6.992     0.060     3.000         0
    9.233     6.968     0.060     3.000         0
    0.000    -1.000     0.000         0
   -1.375     3.513     0.060     1.000         0
   -1.568     3.561     0.060     1.000         0
   -1.787     3.606     0.060     1.000         0
   -1.981     3.649     0.060     1.000         0
   -2.182     3.698     0.060     1.000         0
   -2.402     3.756     0.060     1.000         0
   -2.596     3.815     0.060     1.000         0
   -2.788     3.870     0.060     1.000         0
   -3.009     3.912     0.060     1.000         0
   -3.203     3.971     0.060     1.000         0
   -3.421     4.051     0.060     1.000         0
   -3.625     4.133     0.060     1.000         0
   -3.845     4.222     0.060     1.000         0
   -4.037     4.300     0.060     1.000         0
   -4.231     4.386     0.060     1.000         0
   -4.450     4.475     0.060     1.000         0
   -4.644     4.564     0.060     1.000         0
   -4.865     4.658     0.060     1.000         0
   -5.057     4.751     0.060     1.000         0
   -5.277     4.848     0.060     1.000         0
   -5.478     4.945     0.060     1.000         0
   -5.673     5.039     0.060     1.000         0
   -5.891     5.148     0.060     1.000         0
   -6.086     5.252     0.060     1.000         0
   -6.280     5.356     0.060     1.000         0
   -6.499     5.490     0.060     1.000         0
   -6.702     5.599     0.060     1.000         0
   -6.894     5.702     0.060     1.000         0
   -7.114     5.812     0.060     1.000         0
   -7.309     5.921     0.060     1.000         0
   -7.527     5.991     0.060     1.000         0
   -7.722     6.108     0.060     1.000         0
   -7.914     6.223     0.060     1.000         0
   -8.135     6.343     0.060     1.000         0
   -8.337     6.460     0.060     1.000         0
   -9.137     6.910     0.060     3.000         0
   -9.358     6.989     0.060     3.000         0
   -9.559     7.020     0.060     3.000         0
   -9.754     7.058     0.060     3.000         0
   -9.974     7.113     0.060     3.000         0
  -10.166     7.151     0.060     3.000         0
  -10.360     7.185     0.060     3.000         0
  -10.552     7.231     0.060     3.000         0
  -10.773     7.275     0.060     3.000         0
  -10.974     7.315     0.060     3.000         0
  -11.169     7.338     0.060     3.000         0
  -11.363     7.377     0.060     3.000         0
  -11.555     7.415     0.060     3.000         0
  -11.776     7.459     0.060     3.000         0
  -11.977     7.507     0.060     3.000         0
  -12.171     7.551     0.060     3.000         0
  -12.366     7.588     0.060     3.000         0
  -12.558     7.607     0.060     3.000         0
  -12.753     7.660     0.060     3.000         0
  -12.956     7.698     0.060     3.000         0
  -13.148     7.726     0.060     3.000         0
  -13.342     7.762     0.060     3.000         0
  -13.534     7.782     0.060     3.000         0
  -13.738     7.804     0.060     3.000         0
  -13.930     7.840     0.060     3.000         0
  -14.125     7.861     0.060     3.000         0
  -14.317     7.893     0.060     3.000         0
  -14.511     7.929     0.060     3.000         0
  -14.711     7.955     0.060     3.000         0
  -14.932     7.992     0.060     3.000         0
  -15.127     8.048     0.060     3.000         0
  -15.319     8.076     0.060     3.000         0
  -15.514     8.128     0.060     3.000         0
  -15.718     8.162     0.060     3.000         0
  -15.910     8.213     0.060     3.000         0
  -16.102     8.257     0.060     3.000         0
  -16.295     8.300     0.060     3.000         0
  -16.490     8.337     0.060     3.000         0
  -16.691     8.382     0.060     3.000         0
  -16.886     8.428     0.060     3.000         0
  -17.078     8.461     0.060     3.000         0
  -17.273     8.507     0.060     3.000         0
  -17.475     8.529     0.060     3.000         0
  -17.667     8.526     0.060     3.000         0
  -17.862     8.543     0.060     3.000         0
  -18.054     8.568     0.060     3.000         0
  -18.249     8.565     0.060     3.000         0
  -18.453     8.587     0.060     3.000         0
  -18.618     8.593     0.060     3.000         0
  -18.813     8.626     0.060     3.000         0
  -18.988     8.632     0.060     3.000         0
  -19.182     8.667     0.060     3.000         0
  -19.347     8.689     0.060     3.000         0
  -19.551     8.700     0.060     3.000         0
  -19.717     8.723     0.060     3.000         0
  -19.912     8.757     0.060     3.000         0
  -20.112     8.792     0.060     3.000         0
  -20.281     8.799     0.060     3.000         0
  -20.473     8.837     0.060     3.000         0
  -20.650     8.865     0.060     3.000         0
  -20.841     8.883     0.060     3.000         0
  -21.036     8.922     0.060     3.000         0
  -21.214     8.950     0.060     3.000         0
  -21.406     8.980     0.060     3.000         0
  -21.574     9.007     0.060     3.000         0
  -21.766     9.033     0.060     3.000         0
  -21.970     9.061     0.060     3.000         0
  -22.136     9.096     0.060     3.000         0
  -22.330     9.120     0.060     3.000         0
  -22.504     9.160     0.060     3.000         0
  -22.699     9.188     0.060     3.000         0
  -22.894     9.224     0.060     3.000         0
  -23.069     9.264     0.060     3.000         0
  -23.263     9.282     0.060     3.000         0
  -23.429     9.321     0.060     3.000         0
  -23.632     9.332     0.060     3.000         0
  -23.827     9.374     0.060     3.000         0
  -23.993     9.389     0.060     3.000         0
  -24.187     9.406     0.060     3.000         0
  -24.388     9.432     0.060     3.000         0
  -24.583     9.470     0.060     3.000         0
  -24.749     9.496     0.060     3.000         0
  -24.952     9.514     0.060     3.000         0
  -25.144     9.538     0.060     3.000         0
  -25.312     9.555     0.060     3.000         0
  -25.507     9.576     0.060     3.000         0
  -25.708     9.617     0.060     3.000         0
  -25.877     9.630     0.060     3.000         0
  -26.068     9.660     0.060     3.000         0
  -26.272     9.680     0.060     3.000         0
  -26.464     9.694     0.060     3.000         0
  -26.658     9.717     0.060     3.000         0
  -26.850     9.743     0.060     3.000         0
  -27.045     9.766     0.060     3.000         0
  -27.249     9.774     0.060     3.000         0
  -27.414     9.805     0.060     3.000         0
  -27.609     9.816     0.060     3.000         0
  -27.810     9.842     0.060     3.000         0
  -28.005     9.890     0.060     3.000         0
  -28.197     9.918     0.060     3.000         0
  -28.391     9.950     0.060     3.000         0
  -28.586     9.987     0.060     3.000         0
  -28.760    10.008     0.060     3.000         0
  -28.955    10.039     0.060     3.000         0
  -29.130    10.076     0.060     3.000         0
  -29.325    10.107     0.060     3.000         0
  -29.516    10.138     0.060     3.000         0
  -29.710    10.161     0.060     3.000         0
  -29.905    10.186     0.060     3.000         0
  -30.106    10.235     0.060     3.000         0
  -30.301    10.252     0.060     3.000         0
  -30.493    10.284     0.060     3.000         0
  -30.688    10.324     0.060     3.000         0
  -30.889    10.362     0.060     3.000         0
  -30.889    10.346     0.060     3.000         0
  -30.889    10.346     0.060     3.000         0
  -30.889    10.346     0.060     3.000         0
  -30.889    10.362     0.060     3.000         0
  -30.889    10.362     0.060     3.000         0
  -30.889    10.362     0.060     3.000         0
  -32.226    10.552     0.060     3.000         0
  -32.403    10.580     0.060     3.000         0
  -32.595    10.607     0.060     3.000         0
  -32.789    10.638     0.060     3.000         0
  -32.967    10.667     0.060     3.000         0
  -33.159    10.702     0.060     3.000         0
  -33.353    10.739     0.060     3.000         0
  -33.528    10.760     0.060     3.000         0
  -33.723    10.793     0.060     3.000         0
  -33.889    10.809     0.060     3.000         0
  -34.066    10.835     0.060     3.000         0
  -34.258    10.847     0.060     3.000         0
  -34.426    10.884     0.060     3.000         0
  -34.627    10.908     0.060     3.000         0
  -34.795    10.921     0.060     3.000         0
  -34.987    10.948     0.060     3.000         0
  -35.165    10.957     0.060     3.000         0
  -35.331    10.981     0.060     3.000         0
  -35.526    11.012     0.060     3.000         0
  -35.700    11.028     0.060     3.000         0
  -35.894    11.046     0.060     3.000         0
  -36.060    11.084     0.060     3.000         0
  -36.237    11.091     0.060     3.000         0
  -36.429    11.120     0.060     3.000         0
  -36.607    11.139     0.060     3.000         0
  -36.802    11.173     0.060     3.000         0
  -49.162    12.759     0.060     3.000         0
  -49.362    12.801     0.060     3.000         0
  -49.557    12.822     0.060     3.000         0
  -49.749    12.835     0.060     3.000         0
  -49.943    12.876     0.060     3.000         0
  -50.135    12.884     0.060     3.000         0
  -50.339    12.911     0.060     3.000         0
  -50.534    12.940     0.060     3.000         0
  -50.726    12.960     0.060     3.000         0
  -50.921    13.002     0.060     3.000         0
  -51.124    13.020     0.060     3.000         0
  -51.316    13.035     0.060     3.000         0
  -51.511    13.075     0.060     3.000         0
  -51.703    13.082     0.060     3.000         0
  -51.898    13.122     0.060     3.000         0
  -52.098    13.138     0.060     3.000         0
  -52.293    13.171     0.060     3.000         0
  -52.485    13.195     0.060     3.000         0
  -52.680    13.216     0.060     3.000         0
  -52.883    13.246     0.060     3.000         0
  -53.075    13.262     0.060     3.000         0
  -53.270    13.300     0.060     3.000         0
  -53.462    13.317     0.060     3.000         0
  -53.657    13.358     0.060     3.000         0
  -53.858    13.389     0.060     3.000         0
  -54.053    13.410     0.060     3.000         0
  -54.247    13.438     0.060     3.000         0
  -54.439    13.473     0.060     3.000         0
  -54.642    13.486     0.060     3.000         0
  -54.834    13.521     0.060     3.000         0
  -55.029    13.549     0.060     3.000         0
    0.000     0.000     0.000        -1
