    0.000     1.000     0.000         0
    7.862     6.140     0.060     1.000         0
    7.661     6.026     0.060     1.000         0
    7.466     5.925     0.060     1.000         0
    7.274     5.816     0.060     1.000         0
    7.079     5.714     0.060     1.000         0
    6.886     5.600     0.060     1.000         0
    6.685     5.503     0.060     1.000         0
    6.490     5.401     0.060     1.000         0
    6.298     5.297     0.060     1.000         0
    6.077     5.170     0.060     1.000         0
    5.886     5.070     0.060     1.000         0
    5.682     4.963     0.060     1.000         0
    5.462     4.856     0.060     1.000         0
    5.270     4.759     0.060     1.000         0
    5.075     4.668     0.060     1.000         0
    4.854     4.565     0.060     1.000         0
    4.663     4.476     0.060     1.000         0
    4.468     4.386     0.060     1.000         0
    4.250     4.284     0.060     1.000         0
    4.046     4.197     0.060     1.000         0
    3.854     4.121     0.060     1.000         0
    3.634     4.043     0.060     1.000         0
    3.439     3.978     0.060     1.000         0
    3.248     3.907     0.060     1.000         0
    3.027     3.833     0.060     1.000         0
    2.826     3.765     0.060     1.000         0
    2.631     3.704     0.060     1.000         0
    2.411     3.640     0.060     1.000         0
    2.220     3.568     0.060     1.000         0
    2.024     3.515     0.060     1.000         0
    1.803     3.464     0.060     1.000         0
    1.612     3.427     0.060     1.000         0
    1.408     3.388     0.060     1.000         0
    1.187     3.353     0.060     1.000         0
    0.995     3.322     0.060     1.000         0
    0.801     3.298     0.060     1.000         0
    0.584     3.280     0.060     1.000         0
    0.389     3.266     0.060     1.000         0
    0.167     3.250     0.060     1.000         0
    0.041     3.251     0.060     1.000         0
    0.254     3.255     0.060     1.000         0
   41.362    11.263     0.060     3.000         0
   41.167    11.233     0.060     3.000         0
   40.964    11.218     0.060     3.000         0
   40.746    11.173     0.060     3.000         0
   40.552    11.163     0.060     3.000         0
   40.360    11.137     0.060     3.000         0
   40.139    11.107     0.060     3.000         0
   39.948    11.074     0.060     3.000         0
   39.744    11.054     0.060     3.000         0
   39.549    11.019     0.060     3.000         0
   39.358    11.000     0.060     3.000         0
   39.138    10.954     0.060     3.000         0
   38.946    10.935     0.060     3.000         0
   38.751    10.908     0.060     3.000         0
   38.548    10.872     0.060     3.000         0
   38.356    10.862     0.060     3.000         0
   38.161    10.827     0.060     3.000         0
   37.966    10.792     0.060     3.000         0
   37.792    10.772     0.060     3.000         0
   37.600    10.750     0.060     3.000         0
   37.433    10.723     0.060     3.000         0
   37.229    10.700     0.060     3.000         0
   37.063    10.686     0.060     3.000         0
   36.869    10.676     0.060     3.000         0
   36.694    10.653     0.060     3.000         0
   36.526    10.622     0.060     3.000         0
   36.334    10.617     0.060     3.000         0
   36.158    10.590     0.060     3.000         0
   35.992    10.580     0.060     3.000         0
   35.789    10.559     0.060     3.000         0
   35.623    10.541     0.060     3.000         0
   35.454    10.507     0.060     3.000         0
   35.254    10.486     0.060     3.000         0
   33.258    10.116     0.060     3.000         0
   33.082    10.090     0.060     3.000         0
   32.916    10.067     0.060     3.000         0
   32.712    10.065     0.060     3.000         0
   32.547    10.050     0.060     3.000         0
   32.378    10.026     0.060     3.000         0
   32.178    10.019     0.060     3.000         0
   32.009     9.990     0.060     3.000         0
   31.832     9.984     0.060     3.000         0
   31.640     9.977     0.060     3.000         0
   31.474     9.956     0.060     3.000         0
   31.298     9.935     0.060     3.000         0
   31.106     9.912     0.060     3.000         0
   30.937     9.876     0.060     3.000         0
   30.763     9.847     0.060     3.000         0
   30.568     9.832     0.060     3.000         0
   30.400     9.804     0.060     3.000         0
   30.225     9.770     0.060     3.000         0
   30.032     9.757     0.060     3.000         0
   29.857     9.732     0.060     3.000         0
   29.689     9.703     0.060     3.000         0
   29.497     9.677     0.060     3.000         0
   29.319     9.638     0.060     3.000         0
   29.128     9.597     0.060     3.000         0
   28.959     9.581     0.060     3.000         0
   28.785     9.540     0.060     3.000         0
   28.616     9.528     0.060     3.000         0
   28.424     9.493     0.060     3.000         0
   28.248     9.464     0.060     3.000         0
   28.082     9.440     0.060     3.000         0
   27.879     9.420     0.060     3.000         0
   27.710     9.396     0.060     3.000         0
   27.518     9.375     0.060     3.000         0
   27.344     9.334     0.060     3.000         0
   27.175     9.325     0.060     3.000         0
   26.981     9.280     0.060     3.000         0
   26.807     9.262     0.060     3.000         0
   26.638     9.218     0.060     3.000         0
   26.447     9.178     0.060     3.000         0
   26.269     9.140     0.060     3.000         0
   26.077     9.099     0.060     3.000         0
   25.900     9.065     0.060     3.000         0
   25.708     9.021     0.060     3.000         0
   25.540     8.985     0.060     3.000         0
   25.365     8.948     0.060     3.000         0
   25.171     8.911     0.060     3.000         0
   25.006     8.872     0.060     3.000         0
   24.802     8.828     0.060     3.000         0
   24.634     8.793     0.060     3.000         0
   24.468     8.773     0.060     3.000         0
   24.268     8.723     0.060     3.000         0
   24.099     8.696     0.060     3.000         0
   23.924     8.676     0.060     3.000         0
   23.731     8.632     0.060     3.000         0
   23.565     8.598     0.060     3.000         0
   23.370     8.562     0.060     3.000         0
   23.193     8.526     0.060     3.000         0
   23.027     8.503     0.060     3.000         0
   22.824     8.466     0.060     3.000         0
   22.658     8.439     0.060     3.000         0
   22.492     8.412     0.060     3.000         0
   22.289     8.392     0.060     3.000         0
   22.123     8.377     0.060     3.000         0
   21.929     8.334     0.060     3.000         0
   21.752     8.325     0.060     3.000         0
   21.586     8.294     0.060     3.000         0
   21.392     8.268     0.060     3.000         0
   21.217     8.251     0.060     3.000         0
   21.049     8.252     0.060     3.000         0
   20.848     8.217     0.060     3.000         0
   20.680     8.217     0.060     3.000         0
   20.489     8.183     0.060     3.000         0
   20.311     8.178     0.060     3.000         0
   20.119     8.156     0.060     3.000         0
   19.951     8.134     0.060     3.000         0
   19.747     8.117     0.060     3.000         0
   19.582     8.116     0.060     3.000         0
   19.387     8.088     0.060     3.000         0
   19.212     8.081     0.060     3.000         0
   19.018     8.061     0.060     3.000         0
   18.853     8.059     0.060     3.000         0
   18.649     8.035     0.060     3.000         0
   18.458     8.014     0.060     3.000         0
   18.289     7.972     0.060     3.000         0
   18.094     7.947     0.060     3.000         0
   17.893     7.912     0.060     3.000         0
   17.728     7.891     0.060     3.000         0
   17.534     7.866     0.060     3.000         0
   17.330     7.837     0.060     3.000         0
   17.165     7.822     0.060     3.000         0
   16.970     7.794     0.060     3.000         0
   16.796     7.769     0.060     3.000         0
   16.601     7.738     0.060     3.000         0
   16.409     7.699     0.060     3.000         0
   16.232     7.678     0.060     3.000         0
   16.038     7.646     0.060     3.000         0
   15.846     7.627     0.060     3.000         0
   15.651     7.608     0.060     3.000         0
   15.477     7.583     0.060     3.000         0
   15.282     7.552     0.060     3.000         0
   15.090     7.529     0.060     3.000         0
   14.895     7.498     0.060     3.000         0
   14.695     7.458     0.060     3.000         0
   14.501     7.447     0.060     3.000         0
   14.332     7.416     0.060     3.000         0
   14.140     7.389     0.060     3.000         0
   13.937     7.364     0.060     3.000         0
   13.745     7.338     0.060     3.000         0
   13.550     7.310     0.060     3.000         0
   13.358     7.283     0.060     3.000         0
   13.181     7.255     0.060     3.000         0
   12.989     7.220     0.060     3.000         0
   12.795     7.197     0.060     3.000         0
   12.600     7.170     0.060     3.000         0
   12.400     7.138     0.060     3.000         0
   12.205     7.110     0.060     3.000         0
   12.013     7.084     0.060     3.000         0
   11.818     7.072     0.060     3.000         0
   11.618     7.044     0.060     3.000         0
   11.424     7.009     0.060     3.000         0
   11.229     6.993     0.060     3.000         0
   11.037     6.962     0.060     3.000         0
   10.843     6.934     0.060     3.000         0
   10.642     6.909     0.060     3.000         0
   10.447     6.881     0.060     3.000         0
   10.229     6.870     0.060     3.000         0
   10.034     6.846     0.060     3.000         0
    9.841     6.806     0.060     3.000         0
    9.640     6.797     0.060     3.000         0
    9.445     6.773     0.060     3.000         0
    9.250     6.749     0.060     3.000         0
    9.058     6.717     0.060     3.000         0
    0.000    -1.000     0.000         0
   -0.446     3.302     0.060     1.000         0
   -0.640     3.321     0.060     1.000         0
   -0.832     3.333     0.060     1.000         0
   -1.052     3.363     0.060     1.000         0
   -1.247     3.398     0.060     1.000         0
   -1.448     3.433     0.060     1.000         0
   -1.669     3.472     0.060     1.000         0
   -1.861     3.506     0.060     1.000         0
   -2.055     3.548     0.060     1.000         0
   -2.274     3.609     0.060     1.000         0
   -2.467     3.666     0.060     1.000         0
   -2.671     3.730     0.060     1.000         0
   -2.889     3.799     0.060     1.000         0
   -3.084     3.853     0.060     1.000         0
   -3.276     3.934     0.060     1.000         0
   -3.497     4.019     0.060     1.000         0
   -3.690     4.101     0.060     1.000         0
   -3.690     4.113     0.060     1.000         0
   -4.103     4.279     0.060     1.000         0
   -4.307     4.370     0.060     1.000         0
   -4.499     4.451     0.060     1.000         0
   -4.720     4.542     0.060     1.000         0
   -4.915     4.634     0.060     1.000         0
   -5.106     4.720     0.060     1.000         0
   -5.309     4.807     0.060     1.000         0
   -5.527     4.901     0.060     1.000         0
   -5.722     4.969     0.060     1.000         0
   -5.914     5.060     0.060     1.000         0
   -6.135     5.167     0.060     1.000         0
   -6.330     5.273     0.060     1.000         0
   -6.522     5.377     0.060     1.000         0
   -6.742     5.484     0.060     1.000         0
   -6.942     5.592     0.060     1.000         0
   -7.137     5.698     0.060     1.000         0
   -7.358     5.809     0.060     1.000         0
   -7.550     5.920     0.060     1.000         0
   -7.771     6.031     0.060     1.000         0
   -7.963     6.134     0.060     1.000         0
   -8.166     6.339     0.060     1.000         0
   -8.386     6.475     0.060     1.000         0
   -9.407     6.921     0.060     3.000         0
   -9.601     6.948     0.060     3.000         0
   -9.802     6.977     0.060     3.000         0
  -10.215     7.035     0.060     3.000         0
  -10.628     7.100     0.060     3.000         0
  -10.822     7.130     0.060     3.000         0
  -11.023     7.165     0.060     3.000         0
  -11.244     7.204     0.060     3.000         0
  -11.438     7.226     0.060     3.000         0
  -11.656     7.253     0.060     3.000         0
  -11.851     7.269     0.060     3.000         0
  -12.046     7.300     0.060     3.000         0
  -12.264     7.320     0.060     3.000         0
  -12.459     7.345     0.060     3.000         0
  -12.659     7.386     0.060     3.000         0
  -12.879     7.406     0.060     3.000         0
  -13.074     7.421     0.060     3.000         0
  -13.266     7.451     0.060     3.000         0
  -13.487     7.473     0.060     3.000         0
  -13.682     7.500     0.060     3.000         0
  -13.900     7.523     0.060     3.000         0
  -14.104     7.521     0.060     3.000         0
  -14.324     7.545     0.060     3.000         0
  -14.516     7.552     0.060     3.000         0
  -14.711     7.576     0.060     3.000         0
  -14.929     7.595     0.060     3.000         0
  -15.123     7.612     0.060     3.000         0
  -15.345     7.631     0.060     3.000         0
  -15.536     7.647     0.060     3.000         0
  -15.756     7.658     0.060     3.000         0
  -15.957     7.692     0.060     3.000         0
  -16.152     7.713     0.060     3.000         0
  -16.370     7.737     0.060     3.000         0
  -16.565     7.766     0.060     3.000         0
  -16.760     7.787     0.060     3.000         0
  -16.978     7.815     0.060     3.000         0
  -17.181     7.827     0.060     3.000         0
  -17.373     7.847     0.060     3.000         0
  -17.593     7.869     0.060     3.000         0
  -17.788     7.889     0.060     3.000         0
  -18.006     7.919     0.060     3.000         0
  -18.201     7.947     0.060     3.000         0
  -18.393     7.978     0.060     3.000         0
  -18.614     8.025     0.060     3.000         0
  -18.817     8.058     0.060     3.000         0
  -19.009     8.081     0.060     3.000         0
  -19.230     8.125     0.060     3.000         0
  -19.422     8.148     0.060     3.000         0
  -19.617     8.187     0.060     3.000         0
  -19.838     8.206     0.060     3.000         0
  -20.038     8.254     0.060     3.000         0
  -20.233     8.277     0.060     3.000         0
  -20.453     8.306     0.060     3.000         0
  -20.645     8.339     0.060     3.000         0
  -20.840     8.373     0.060     3.000         0
  -21.032     8.422     0.060     3.000         0
  -21.253     8.460     0.060     3.000         0
  -21.454     8.494     0.060     3.000         0
  -21.649     8.519     0.060     3.000         0
  -21.842     8.546     0.060     3.000         0
  -22.034     8.596     0.060     3.000         0
  -22.255     8.619     0.060     3.000         0
  -22.456     8.655     0.060     3.000         0
  -22.651     8.706     0.060     3.000         0
  -22.846     8.732     0.060     3.000         0
  -23.038     8.768     0.060     3.000         0
  -23.233     8.789     0.060     3.000         0
  -23.435     8.823     0.060     3.000         0
  -23.627     8.863     0.060     3.000         0
  -23.822     8.880     0.060     3.000         0
  -24.014     8.914     0.060     3.000         0
  -24.218     8.942     0.060     3.000         0
  -24.410     8.949     0.060     3.000         0
  -24.604     8.972     0.060     3.000         0
  -24.796     9.007     0.060     3.000         0
  -24.990     9.035     0.060     3.000         0
  -25.191     9.056     0.060     3.000         0
  -25.412     9.089     0.060     3.000         0
  -25.607     9.126     0.060     3.000         0
  -25.799     9.162     0.060     3.000         0
  -25.994     9.198     0.060     3.000         0
  -26.197     9.244     0.060     3.000         0
  -26.389     9.292     0.060     3.000         0
  -26.581     9.320     0.060     3.000         0
  -26.775     9.356     0.060     3.000         0
  -26.970     9.409     0.060     3.000         0
  -27.171     9.446     0.060     3.000         0
  -27.366     9.478     0.060     3.000         0
  -27.557     9.516     0.060     3.000         0
  -27.752     9.559     0.060     3.000         0
  -27.955     9.604     0.060     3.000         0
  -28.147     9.630     0.060     3.000         0
  -28.342     9.681     0.060     3.000         0
  -28.534     9.707     0.060     3.000         0
  -28.729     9.716     0.060     3.000         0
  -28.932     9.750     0.060     3.000         0
  -29.098     9.748     0.060     3.000         0
  -29.293     9.773     0.060     3.000         0
  -29.467     9.785     0.060     3.000         0
  -29.661     9.808     0.060     3.000         0
  -29.827     9.835     0.060     3.000         0
  -30.031     9.858     0.060     3.000         0
  -30.197     9.877     0.060     3.000         0
  -30.391     9.896     0.060     3.000         0
  -30.592     9.924     0.060     3.000         0
  -30.761     9.947     0.060     3.000         0
  -30.953     9.989     0.060     3.000         0
  -31.129    10.006     0.060     3.000         0
  -31.321    10.046     0.060     3.000         0
  -31.516    10.078     0.060     3.000         0
  -31.694    10.108     0.060     3.000         0
  -31.885    10.140     0.060     3.000         0
  -32.054    10.152     0.060     3.000         0
  -32.246    10.196     0.060     3.000         0
  -32.450    10.226     0.060     3.000         0
  -32.616    10.254     0.060     3.000         0
  -32.809    10.278     0.060     3.000         0
  -32.984    10.307     0.060     3.000         0
  -33.179    10.343     0.060     3.000         0
  -33.374    10.372     0.060     3.000         0
  -33.548    10.409     0.060     3.000         0
  -33.743    10.427     0.060     3.000         0
  -33.909    10.452     0.060     3.000         0
  -34.112    10.475     0.060     3.000         0
  -34.307    10.505     0.060     3.000         0
  -34.472    10.538     0.060     3.000         0
  -34.667    10.552     0.060     3.000         0
  -34.868    10.590     0.060     3.000         0
  -35.063    10.608     0.060     3.000         0
  -35.229    10.643     0.060     3.000         0
  -35.432    10.659     0.060     3.000         0
  -35.624    10.698     0.060     3.000         0
  -35.792    10.734     0.060     3.000         0
  -35.987    10.765     0.060     3.000         0
  -36.188    10.798     0.060     3.000         0
  -36.356    10.817     0.060     3.000         0
  -36.548    10.832     0.060     3.000         0
  -36.752    10.857     0.060     3.000         0
  -36.944    10.880     0.060     3.000         0
  -37.138    10.903     0.060     3.000         0
  -37.330    10.926     0.060     3.000         0
  -37.525    10.958     0.060     3.000         0
  -37.728    10.972     0.060     3.000         0
  -37.894    11.007     0.060     3.000         0
  -38.089    11.012     0.060     3.000         0
  -38.290    11.035     0.060     3.000         0
  -38.485    11.064     0.060     3.000         0
  -38.677    11.091     0.060     3.000         0
  -38.870    11.109     0.060     3.000         0
  -39.065    11.136     0.060     3.000         0
  -39.240    11.168     0.060     3.000         0
  -39.435    11.202     0.060     3.000         0
  -39.609    11.218     0.060     3.000         0
  -39.804    11.255     0.060     3.000         0
  -39.996    11.271     0.060     3.000         0
  -40.190    11.296     0.060     3.000         0
  -40.385    11.341     0.060     3.000         0
  -40.586    11.355     0.060     3.000         0
  -40.781    11.383     0.060     3.000         0
  -40.973    11.428     0.060     3.000         0
  -41.168    11.448     0.060     3.000         0
  -41.368    11.478     0.060     3.000         0
  -41.368    11.470     0.060     3.000         0
  -41.368    11.474     0.060     3.000         0
  -41.368    11.486     0.060     3.000         0
  -41.368    11.486     0.060     3.000         0
  -41.368    11.486     0.060     3.000         0
  -41.368    11.482     0.060     3.000         0
  -42.705    11.721     0.060     3.000         0
  -42.883    11.748     0.060     3.000         0
  -43.075    11.768     0.060     3.000         0
  -43.269    11.773     0.060     3.000         0
  -43.446    11.808     0.060     3.000         0
  -43.638    11.812     0.060     3.000         0
  -43.833    11.849     0.060     3.000         0
  -44.008    11.867     0.060     3.000         0
  -44.203    11.880     0.060     3.000         0
  -44.368    11.898     0.060     3.000         0
  -44.546    11.928     0.060     3.000         0
  -44.738    11.936     0.060     3.000         0
  -44.906    11.973     0.060     3.000         0
  -45.106    11.998     0.060     3.000         0
  -45.275    12.019     0.060     3.000         0
  -45.467    12.027     0.060     3.000         0
  -45.645    12.057     0.060     3.000         0
  -45.810    12.076     0.060     3.000         0
  -46.005    12.107     0.060     3.000         0
  -46.180    12.111     0.060     3.000         0
  -46.374    12.134     0.060     3.000         0
  -46.539    12.153     0.060     3.000         0
  -46.717    12.182     0.060     3.000         0
  -46.909    12.192     0.060     3.000         0
  -47.087    12.225     0.060     3.000         0
  -47.282    12.231     0.060     3.000         0
  -47.447    12.259     0.060     3.000         0
  -47.642    12.277     0.060     3.000         0
  -47.817    12.290     0.060     3.000         0
  -48.011    12.304     0.060     3.000         0
  -48.203    12.318     0.060     3.000         0
  -48.380    12.315     0.060     3.000         0
  -48.572    12.313     0.060     3.000         0
  -48.767    12.335     0.060     3.000         0
  -48.942    12.332     0.060     3.000         0
    0.000     0.000     0.000        -1
