    0.000     1.000     0.000         0
    8.585     6.554     0.060     1.000         0
    8.393     6.505     0.060     1.000         0
    8.216     6.409     0.060     1.000         0
    8.024     6.321     0.060     1.000         0
    7.855     6.213     0.060     1.000         0
    7.681     6.094     0.060     1.000         0
    7.512     5.962     0.060     1.000         0
    7.321     5.847     0.060     1.000         0
    7.144     5.710     0.060     1.000         0
    6.979     5.605     0.060     1.000         0
    6.775     5.504     0.060     1.000         0
    6.606     5.412     0.060     1.000         0
    6.415     5.318     0.060     1.000         0
    6.241     5.247     0.060     1.000         0
    6.072     5.164     0.060     1.000         0
    5.878     5.068     0.060     1.000         0
    5.704     4.974     0.060     1.000         0
    5.535     4.889     0.060     1.000         0
    5.343     4.802     0.060     1.000         0
    5.166     4.718     0.060     1.000         0
    4.974     4.626     0.060     1.000         0
    4.797     4.534     0.060     1.000         0
    4.605     4.451     0.060     1.000         0
    4.436     4.366     0.060     1.000         0
    4.262     4.288     0.060     1.000         0
    4.068     4.211     0.060     1.000         0
    3.903     4.137     0.060     1.000         0
    3.699     4.061     0.060     1.000         0
    3.530     3.990     0.060     1.000         0
    3.365     3.925     0.060     1.000         0
    3.165     3.853     0.060     1.000         0
    2.996     3.787     0.060     1.000         0
    2.822     3.724     0.060     1.000         0
    2.628     3.663     0.060     1.000         0
    2.463     3.599     0.060     1.000         0
    2.268     3.542     0.060     1.000         0
    2.090     3.500     0.060     1.000         0
    1.925     3.485     0.060     1.000         0
    1.721     3.447     0.060     1.000         0
    1.556     3.412     0.060     1.000         0
    1.392     3.377     0.060     1.000         0
    1.188     3.346     0.060     1.000         0
    1.024     3.308     0.060     1.000         0
    0.831     3.291     0.060     1.000         0
    0.652     3.271     0.060     1.000         0
    0.491     3.253     0.060     1.000         0
    0.297     3.240     0.060     1.000         0
    0.145     3.231     0.060     1.000         0
    0.090     3.227     0.060     1.000         0
    0.270     3.238     0.060     1.000         0
    0.431     3.248     0.060     1.000         0
    0.623     3.265     0.060     1.000         0
    0.796     3.284     0.060     1.000         0
    0.989     3.309     0.060     1.000         0
   20.450     8.473     0.060     2.000         0
   20.258     8.433     0.060     2.000         0
   20.064     8.417     0.060     2.000         0
   19.860     8.383     0.060     2.000         0
   19.642     8.334     0.060     2.000         0
   19.448     8.314     0.060     2.000         0
   19.257     8.274     0.060     2.000         0
   19.036     8.237     0.060     2.000         0
   18.844     8.194     0.060     2.000         0
   18.640     8.168     0.060     2.000         0
   18.446     8.135     0.060     2.000         0
   18.254     8.084     0.060     2.000         0
   18.034     8.051     0.060     2.000         0
   17.842     8.015     0.060     2.000         0
   17.647     7.979     0.060     2.000         0
   17.444     7.949     0.060     2.000         0
   17.252     7.914     0.060     2.000         0
   17.057     7.879     0.060     2.000         0
   16.863     7.843     0.060     2.000         0
   16.688     7.811     0.060     2.000         0
   16.497     7.760     0.060     2.000         0
   16.329     7.729     0.060     2.000         0
   16.125     7.692     0.060     2.000         0
   15.960     7.662     0.060     2.000         0
   15.765     7.626     0.060     2.000         0
   15.591     7.602     0.060     2.000         0
   15.422     7.573     0.060     2.000         0
   15.230     7.548     0.060     2.000         0
   15.054     7.525     0.060     2.000         0
   14.888     7.503     0.060     2.000         0
   14.685     7.485     0.060     2.000         0
   14.519     7.454     0.060     2.000         0
   14.351     7.447     0.060     2.000         0
   14.150     7.420     0.060     2.000         0
   13.955     7.393     0.060     2.000         0
   13.790     7.363     0.060     2.000         0
   13.586     7.335     0.060     2.000         0
   13.418     7.309     0.060     2.000         0
   13.227     7.288     0.060     2.000         0
   13.049     7.260     0.060     2.000         0
   12.884     7.234     0.060     2.000         0
   12.689     7.216     0.060     2.000         0
   12.515     7.201     0.060     2.000         0
   12.346     7.171     0.060     2.000         0
   12.154     7.134     0.060     2.000         0
   11.978     7.124     0.060     2.000         0
   11.812     7.091     0.060     2.000         0
   11.609     7.069     0.060     2.000         0
   11.443     7.036     0.060     2.000         0
   11.274     7.010     0.060     2.000         0
   11.074     6.984     0.060     2.000         0
   10.905     6.955     0.060     2.000         0
   10.728     6.922     0.060     2.000         0
   10.536     6.895     0.060     2.000         0
   10.371     6.876     0.060     2.000         0
   10.194     6.847     0.060     2.000         0
   10.003     6.799     0.060     2.000         0
    9.834     6.780     0.060     2.000         0
    9.660     6.758     0.060     2.000         0
    9.465     6.725     0.060     2.000         0
    9.296     6.697     0.060     2.000         0
    9.122     6.667     0.060     2.000         0
    8.928     6.618     0.060     2.000         0
    8.754     6.597     0.060     2.000         0
   33.757    10.324     0.060     3.000         0
   33.562    10.298     0.060     3.000         0
   33.388    10.281     0.060     3.000         0
   33.194    10.259     0.060     3.000         0
   33.003    10.244     0.060     3.000         0
   32.808    10.217     0.060     3.000         0
   32.604    10.201     0.060     3.000         0
   32.439    10.193     0.060     3.000         0
   32.244    10.156     0.060     3.000         0
   32.044    10.139     0.060     3.000         0
   31.849    10.127     0.060     3.000         0
   31.657    10.098     0.060     3.000         0
   31.463    10.082     0.060     3.000         0
   31.272    10.058     0.060     3.000         0
   31.094    10.024     0.060     3.000         0
   30.900    10.004     0.060     3.000         0
   30.708     9.987     0.060     3.000         0
   30.504     9.957     0.060     3.000         0
   30.313     9.932     0.060     3.000         0
   30.119     9.919     0.060     3.000         0
   29.927     9.890     0.060     3.000         0
   29.732     9.865     0.060     3.000         0
   29.529     9.846     0.060     3.000         0
   29.337     9.837     0.060     3.000         0
   29.142     9.812     0.060     3.000         0
   28.951     9.791     0.060     3.000         0
   28.747     9.749     0.060     3.000         0
   28.553     9.728     0.060     3.000         0
   28.362     9.715     0.060     3.000         0
   28.141     9.678     0.060     3.000         0
   27.949     9.658     0.060     3.000         0
   27.754     9.641     0.060     3.000         0
   27.551     9.596     0.060     3.000         0
   27.359     9.584     0.060     3.000         0
   27.165     9.547     0.060     3.000         0
   26.974     9.527     0.060     3.000         0
   26.770     9.503     0.060     3.000         0
   26.578     9.481     0.060     3.000         0
   26.384     9.451     0.060     3.000         0
   26.189     9.424     0.060     3.000         0
   25.997     9.386     0.060     3.000         0
   22.457     8.874     0.060     4.000         0
   22.263     8.837     0.060     4.000         0
   22.059     8.805     0.060     4.000         0
   21.868     8.792     0.060     4.000         0
   21.670     8.758     0.060     4.000         0
   21.452     8.728     0.060     4.000         0
   21.260     8.683     0.060     4.000         0
   21.058     8.652     0.060     4.000         0
   20.837     8.634     0.060     4.000         0
   20.645     8.597     0.060     4.000         0
   20.450     8.560     0.060     4.000         0
   20.258     8.532     0.060     4.000         0
   20.064     8.511     0.060     4.000         0
   19.860     8.485     0.060     4.000         0
   19.642     8.449     0.060     4.000         0
   19.448     8.416     0.060     4.000         0
   19.257     8.392     0.060     4.000         0
   19.036     8.359     0.060     4.000         0
   18.844     8.325     0.060     4.000         0
   18.640     8.305     0.060     4.000         0
   18.446     8.275     0.060     4.000         0
   18.254     8.229     0.060     4.000         0
   18.034     8.194     0.060     4.000         0
   17.842     8.168     0.060     4.000         0
   17.647     8.150     0.060     4.000         0
   17.444     8.110     0.060     4.000         0
   17.252     8.080     0.060     4.000         0
   17.057     8.056     0.060     4.000         0
   16.863     8.031     0.060     4.000         0
   16.688     8.029     0.060     4.000         0
   16.497     8.009     0.060     4.000         0
   16.329     7.984     0.060     4.000         0
   16.125     7.955     0.060     4.000         0
   15.960     7.954     0.060     4.000         0
   15.765     7.929     0.060     4.000         0
   15.591     7.907     0.060     4.000         0
   15.422     7.898     0.060     4.000         0
   15.230     7.878     0.060     4.000         0
   15.054     7.860     0.060     4.000         0
   14.888     7.835     0.060     4.000         0
   14.685     7.800     0.060     4.000         0
   14.519     7.791     0.060     4.000         0
   14.351     7.765     0.060     4.000         0
   14.150     7.746     0.060     4.000         0
   13.955     7.713     0.060     4.000         0
    0.000    -1.000     0.000         0
   -1.155     3.314     0.060     1.000         0
   -1.358     3.343     0.060     1.000         0
   -1.524     3.372     0.060     1.000         0
   -1.718     3.415     0.060     1.000         0
   -1.893     3.457     0.060     1.000         0
   -2.086     3.503     0.060     1.000         0
   -2.252     3.546     0.060     1.000         0
   -2.455     3.607     0.060     1.000         0
   -2.647     3.662     0.060     1.000         0
   -2.815     3.722     0.060     1.000         0
   -3.010     3.790     0.060     1.000         0
   -3.211     3.861     0.060     1.000         0
   -3.377     3.934     0.060     1.000         0
   -3.570     4.031     0.060     1.000         0
   -3.773     4.116     0.060     1.000         0
   -3.939     4.186     0.060     1.000         0
   -4.134     4.259     0.060     1.000         0
   -4.308     4.340     0.060     1.000         0
   -4.503     4.414     0.060     1.000         0
   -4.695     4.497     0.060     1.000         0
   -4.872     4.582     0.060     1.000         0
   -5.066     4.675     0.060     1.000         0
   -5.258     4.767     0.060     1.000         0
   -5.452     4.860     0.060     1.000         0
   -5.627     4.943     0.060     1.000         0
   -5.822     5.037     0.060     1.000         0
   -6.014     5.129     0.060     1.000         0
   -6.208     5.229     0.060     1.000         0
   -6.409     5.332     0.060     1.000         0
   -6.603     5.431     0.060     1.000         0
   -6.771     5.524     0.060     1.000         0
   -6.963     5.606     0.060     1.000         0
   -7.167     5.710     0.060     1.000         0
   -7.359     5.812     0.060     1.000         0
   -7.553     5.915     0.060     1.000         0
   -7.745     6.023     0.060     1.000         0
   -7.922     6.127     0.060     1.000         0
   -8.114     6.231     0.060     1.000         0
   -8.308     6.340     0.060     1.000         0
   -8.503     6.449     0.060     1.000         0
   -8.704     6.558     0.060     1.000         0
   -8.898     6.700     0.060     1.000         0
   -9.090     6.724     0.060     3.000         0
   -9.285     6.757     0.060     3.000         0
   -9.486     6.784     0.060     3.000         0
   -9.679     6.809     0.060     3.000         0
   -9.874     6.834     0.060     3.000         0
  -10.066     6.851     0.060     3.000         0
  -10.261     6.873     0.060     3.000         0
  -10.461     6.903     0.060     3.000         0
  -10.656     6.924     0.060     3.000         0
  -10.874     6.939     0.060     3.000         0
  -11.069     6.937     0.060     3.000         0
  -11.263     6.962     0.060     3.000         0
  -11.463     6.972     0.060     3.000         0
  -11.658     7.011     0.060     3.000         0
  -11.853     7.042     0.060     3.000         0
  -12.045     7.073     0.060     3.000         0
  -12.263     7.099     0.060     3.000         0
  -12.458     7.130     0.060     3.000         0
  -12.660     7.162     0.060     3.000         0
  -12.852     7.189     0.060     3.000         0
  -13.047     7.212     0.060     3.000         0
  -13.242     7.235     0.060     3.000         0
  -13.442     7.255     0.060     3.000         0
  -13.637     7.290     0.060     3.000         0
  -13.829     7.305     0.060     3.000         0
  -14.024     7.337     0.060     3.000         0
  -14.218     7.353     0.060     3.000         0
  -14.418     7.377     0.060     3.000         0
  -14.613     7.409     0.060     3.000         0
  -14.805     7.428     0.060     3.000         0
  -15.026     7.460     0.060     3.000         0
  -15.218     7.488     0.060     3.000         0
  -15.421     7.533     0.060     3.000         0
  -15.641     7.564     0.060     3.000         0
  -15.833     7.592     0.060     3.000         0
  -16.028     7.616     0.060     3.000         0
  -16.249     7.643     0.060     3.000         0
  -16.441     7.678     0.060     3.000         0
  -16.636     7.714     0.060     3.000         0
  -16.854     7.749     0.060     3.000         0
  -17.057     7.766     0.060     3.000         0
  -17.249     7.797     0.060     3.000         0
  -17.469     7.841     0.060     3.000         0
  -17.664     7.887     0.060     3.000         0
  -17.856     7.908     0.060     3.000         0
  -18.077     7.967     0.060     3.000         0
  -18.277     7.998     0.060     3.000         0
  -18.472     8.031     0.060     3.000         0
  -18.692     8.074     0.060     3.000         0
  -18.884     8.115     0.060     3.000         0
  -19.079     8.148     0.060     3.000         0
  -19.300     8.207     0.060     3.000         0
  -19.492     8.252     0.060     3.000         0
  -19.695     8.295     0.060     3.000         0
  -19.916     8.329     0.060     3.000         0
  -20.108     8.374     0.060     3.000         0
  -20.302     8.408     0.060     3.000         0
  -20.520     8.437     0.060     3.000         0
  -20.715     8.463     0.060     3.000         0
  -20.936     8.485     0.060     3.000         0
  -21.137     8.506     0.060     3.000         0
  -21.355     8.534     0.060     3.000         0
  -21.549     8.555     0.060     3.000         0
  -21.743     8.596     0.060     3.000         0
  -21.935     8.613     0.060     3.000         0
  -22.156     8.631     0.060     3.000         0
  -22.351     8.670     0.060     3.000         0
  -22.552     8.694     0.060     3.000         0
  -22.773     8.720     0.060     3.000         0
  -22.964     8.735     0.060     3.000         0
  -23.159     8.776     0.060     3.000         0
  -23.377     8.812     0.060     3.000         0
  -23.571     8.844     0.060     3.000         0
  -23.775     8.862     0.060     3.000         0
  -23.993     8.915     0.060     3.000         0
  -24.188     8.939     0.060     3.000         0
  -24.380     8.980     0.060     3.000         0
  -24.601     9.002     0.060     3.000         0
  -24.794     9.035     0.060     3.000         0
  -24.794     9.035     0.060     3.000         0
  -25.207     9.114     0.060     3.000         0
  -25.411     9.138     0.060     3.000         0
  -25.603     9.153     0.060     3.000         0
  -25.824     9.194     0.060     3.000         0
  -26.019     9.205     0.060     3.000         0
  -26.211     9.223     0.060     3.000         0
  -26.413     9.263     0.060     3.000         0
  -26.631     9.280     0.060     3.000         0
  -26.826     9.299     0.060     3.000         0
  -27.018     9.325     0.060     3.000         0
  -27.239     9.371     0.060     3.000         0
  -27.434     9.381     0.060     3.000         0
  -27.626     9.408     0.060     3.000         0
  -27.846     9.453     0.060     3.000         0
  -28.046     9.473     0.060     3.000         0
  -28.241     9.509     0.060     3.000         0
  -28.462     9.542     0.060     3.000         0
  -28.654     9.570     0.060     3.000         0
  -28.875     9.603     0.060     3.000         0
  -29.067     9.631     0.060     3.000         0
  -29.271     9.661     0.060     3.000         0
  -29.491     9.686     0.060     3.000         0
  -29.682     9.721     0.060     3.000         0
  -29.877     9.748     0.060     3.000         0
  -30.098     9.779     0.060     3.000         0
  -30.290     9.790     0.060     3.000         0
  -30.511     9.836     0.060     3.000         0
  -30.705     9.852     0.060     3.000         0
  -30.906     9.888     0.060     3.000         0
  -31.127     9.911     0.060     3.000         0
  -31.319     9.941     0.060     3.000         0
  -31.514     9.966     0.060     3.000         0
  -31.732     9.977     0.060     3.000         0
  -31.926    10.014     0.060     3.000         0
  -32.127    10.019     0.060     3.000         0
  -32.348    10.058     0.060     3.000         0
  -32.542    10.079     0.060     3.000         0
  -32.760    10.094     0.060     3.000         0
  -32.955    10.119     0.060     3.000         0
  -33.150    10.128     0.060     3.000         0
  -33.368    10.168     0.060     3.000         0
  -33.563    10.181     0.060     3.000         0
  -33.763    10.195     0.060     3.000         0
  -33.983    10.223     0.060     3.000         0
  -34.178    10.244     0.060     3.000         0
  -34.370    10.269     0.060     3.000         0
  -34.591    10.296     0.060     3.000         0
  -34.786    10.296     0.060     3.000         0
  -35.004    10.314     0.060     3.000         0
  -35.208    10.339     0.060     3.000         0
  -35.428    10.358     0.060     3.000         0
  -35.620    10.369     0.060     3.000         0
  -35.815    10.405     0.060     3.000         0
  -36.033    10.423     0.060     3.000         0
  -36.228    10.431     0.060     3.000         0
  -36.449    10.454     0.060     3.000         0
  -36.640    10.473     0.060     3.000         0
  -36.861    10.504     0.060     3.000         0
  -37.061    10.525     0.060     3.000         0
  -37.256    10.563     0.060     3.000         0
  -37.474    10.603     0.060     3.000         0
  -37.669    10.629     0.060     3.000         0
  -37.864    10.662     0.060     3.000         0
  -38.082    10.694     0.060     3.000         0
  -38.286    10.725     0.060     3.000         0
  -38.477    10.745     0.060     3.000         0
  -38.697    10.791     0.060     3.000         0
  -38.892    10.808     0.060     3.000         0
  -39.110    10.861     0.060     3.000         0
  -39.305    10.895     0.060     3.000         0
  -39.497    10.911     0.060     3.000         0
  -39.718    10.949     0.060     3.000         0
  -39.921    10.992     0.060     3.000         0
  -40.113    11.035     0.060     3.000         0
  -40.334    11.076     0.060     3.000         0
  -40.526    11.111     0.060     3.000         0
  -40.721    11.139     0.060     3.000         0
  -40.942    11.172     0.060     3.000         0
  -41.142    11.217     0.060     3.000         0
  -41.337    11.247     0.060     3.000         0
  -41.557    11.297     0.060     3.000         0
  -41.749    11.327     0.060     3.000         0
  -41.944    11.365     0.060     3.000         0
  -42.136    11.418     0.060     3.000         0
  -42.357    11.445     0.060     3.000         0
  -42.558    11.500     0.060     3.000         0
  -42.753    11.529     0.060     3.000         0
  -42.947    11.570     0.060     3.000         0
  -43.138    11.603     0.060     3.000         0
  -43.360    11.629     0.060     3.000         0
  -43.560    11.659     0.060     3.000         0
  -43.755    11.704     0.060     3.000         0
  -43.950    11.729     0.060     3.000         0
  -44.142    11.766     0.060     3.000         0
  -44.337    11.799     0.060     3.000         0
  -44.539    11.831     0.060     3.000         0
  -44.731    11.870     0.060     3.000         0
  -44.926    11.886     0.060     3.000         0
  -45.118    11.925     0.060     3.000         0
  -45.322    11.958     0.060     3.000         0
  -45.514    11.979     0.060     3.000         0
  -45.709    12.025     0.060     3.000         0
  -45.900    12.038     0.060     3.000         0
  -46.094    12.071     0.060     3.000         0
  -46.295    12.098     0.060     3.000         0
  -46.516    12.148     0.060     3.000         0
  -46.711    12.162     0.060     3.000         0
  -46.903    12.199     0.060     3.000         0
  -47.098    12.248     0.060     3.000         0
  -47.301    12.291     0.060     3.000         0
  -47.493    12.328     0.060     3.000         0
  -47.685    12.373     0.060     3.000         0
  -47.879    12.406     0.060     3.000         0
  -48.074    12.445     0.060     3.000         0
  -48.275    12.461     0.060     3.000         0
  -48.470    12.496     0.060     3.000         0
  -48.662    12.531     0.060     3.000         0
  -48.856    12.558     0.060     3.000         0
  -49.059    12.562     0.060     3.000         0
  -49.251    12.597     0.060     3.000         0
  -49.446    12.600     0.060     3.000         0
  -49.638    12.619     0.060     3.000         0
  -49.833    12.655     0.060     3.000         0
  -50.036    12.675     0.060     3.000         0
  -50.202    12.675     0.060     3.000         0
  -50.397    12.710     0.060     3.000         0
  -50.572    12.728     0.060     3.000         0
  -50.765    12.739     0.060     3.000         0
  -50.931    12.765     0.060     3.000         0
  -51.135    12.788     0.060     3.000         0
  -51.301    12.791     0.060     3.000         0
  -51.496    12.828     0.060     3.000         0
  -51.696    12.835     0.060     3.000         0
  -51.865    12.853     0.060     3.000         0
  -52.057    12.883     0.060     3.000         0
  -52.233    12.919     0.060     3.000         0
  -52.425    12.951     0.060     3.000         0
  -52.620    12.966     0.060     3.000         0
  -52.798    13.011     0.060     3.000         0
  -52.990    13.038     0.060     3.000         0
  -53.158    13.062     0.060     3.000         0
  -53.350    13.093     0.060     3.000         0
  -53.554    13.117     0.060     3.000         0
  -53.720    13.147     0.060     3.000         0
  -53.914    13.190     0.060     3.000         0
  -54.088    13.218     0.060     3.000         0
  -54.283    13.233     0.060     3.000         0
  -54.478    13.263     0.060     3.000         0
  -54.652    13.299     0.060     3.000         0
  -54.847    13.318     0.060     3.000         0
  -55.013    13.349     0.060     3.000         0
  -55.216    13.385     0.060     3.000         0
  -55.411    13.403     0.060     3.000         0
  -55.576    13.422     0.060     3.000         0
  -55.771    13.461     0.060     3.000         0
  -55.972    13.481     0.060     3.000         0
  -56.167    13.515     0.060     3.000         0
  -56.333    13.529     0.060     3.000         0
  -56.536    13.565     0.060     3.000         0
  -56.728    13.591     0.060     3.000         0
  -56.896    13.614     0.060     3.000         0
  -57.091    13.632     0.060     3.000         0
  -57.292    13.663     0.060     3.000         0
  -57.460    13.690     0.060     3.000         0
  -57.652    13.700     0.060     3.000         0
  -57.856    13.740     0.060     3.000         0
  -58.048    13.753     0.060     3.000         0
  -58.242    13.788     0.060     3.000         0
  -58.434    13.804     0.060     3.000         0
  -58.629    13.834     0.060     3.000         0
  -58.832    13.856     0.060     3.000         0
  -58.998    13.877     0.060     3.000         0
  -59.193    13.918     0.060     3.000         0
  -59.394    13.928     0.060     3.000         0
  -59.589    13.969     0.060     3.000         0
  -59.781    13.978     0.060     3.000         0
  -59.975    14.011     0.060     3.000         0
  -60.170    14.041     0.060     3.000         0
  -60.344    14.072     0.060     3.000         0
  -60.539    14.091     0.060     3.000         0
  -60.713    14.118     0.060     3.000         0
  -60.908    14.148     0.060     3.000         0
  -61.100    14.186     0.060     3.000         0
  -61.294    14.224     0.060     3.000         0
  -61.489    14.247     0.060     3.000         0
  -61.690    14.287     0.060     3.000         0
  -61.885    14.303     0.060     3.000         0
  -62.077    14.349     0.060     3.000         0
  -62.272    14.373     0.060     3.000         0
  -62.472    14.405     0.060     3.000         0
  -62.472    14.405     0.060     3.000         0
  -62.472    14.413     0.060     3.000         0
  -62.472    14.405     0.060     3.000         0
  -62.472    14.409     0.060     3.000         0
  -62.472    14.397     0.060     3.000         0
  -62.472    14.409     0.060     3.000         0
  -63.809    14.547     0.060     3.000         0
  -63.987    14.570     0.060     3.000         0
  -64.179    14.600     0.060     3.000         0
  -64.373    14.623     0.060     3.000         0
  -64.550    14.627     0.060     3.000         0
  -64.742    14.665     0.060     3.000         0
  -64.937    14.688     0.060     3.000         0
  -65.112    14.700     0.060     3.000         0
  -65.307    14.731     0.060     3.000         0
  -65.473    14.750     0.060     3.000         0
  -65.650    14.763     0.060     3.000         0
  -65.842    14.793     0.060     3.000         0
  -66.010    14.804     0.060     3.000         0
  -66.210    14.819     0.060     3.000         0
  -66.379    14.839     0.060     3.000         0
  -66.571    14.861     0.060     3.000         0
  -66.749    14.898     0.060     3.000         0
  -66.914    14.901     0.060     3.000         0
  -67.109    14.932     0.060     3.000         0
  -67.284    14.959     0.060     3.000         0
  -67.478    14.965     0.060     3.000         0
  -67.644    14.983     0.060     3.000         0
  -67.821    15.011     0.060     3.000         0
  -68.013    15.041     0.060     3.000         0
  -68.191    15.045     0.060     3.000         0
  -68.386    15.082     0.060     3.000         0
  -68.551    15.101     0.060     3.000         0
  -68.746    15.123     0.060     3.000         0
  -68.921    15.126     0.060     3.000         0
  -69.115    15.164     0.060     3.000         0
  -69.307    15.177     0.060     3.000         0
    0.000     0.000     0.000        -1
