    0.000     1.000     0.000         0
    8.269     6.407     0.060     1.000         0
    8.066     6.297     0.060     1.000         0
    7.871     6.180     0.060     1.000         0
    7.679     6.065     0.060     1.000         0
    7.459     5.917     0.060     1.000         0
    7.268     5.806     0.060     1.000         0
    7.073     5.693     0.060     1.000         0
    6.869     5.614     0.060     1.000         0
    6.677     5.525     0.060     1.000         0
    6.482     5.434     0.060     1.000         0
    6.288     5.335     0.060     1.000         0
    6.113     5.249     0.060     1.000         0
    5.922     5.145     0.060     1.000         0
    5.754     5.038     0.060     1.000         0
    5.550     4.940     0.060     1.000         0
    5.385     4.847     0.060     1.000         0
    5.190     4.757     0.060     1.000         0
    5.016     4.670     0.060     1.000         0
    4.847     4.569     0.060     1.000         0
    4.656     4.481     0.060     1.000         0
    4.479     4.393     0.060     1.000         0
    4.314     4.317     0.060     1.000         0
    4.110     4.245     0.060     1.000         0
    3.945     4.170     0.060     1.000         0
    3.776     4.096     0.060     1.000         0
    3.576     4.018     0.060     1.000         0
    3.381     3.942     0.060     1.000         0
    3.215     3.881     0.060     1.000         0
    3.012     3.815     0.060     1.000         0
    2.844     3.750     0.060     1.000         0
    2.652     3.687     0.060     1.000         0
    2.475     3.630     0.060     1.000         0
    2.310     3.584     0.060     1.000         0
    2.114     3.555     0.060     1.000         0
    1.941     3.515     0.060     1.000         0
    1.772     3.468     0.060     1.000         0
    1.580     3.423     0.060     1.000         0
    1.404     3.393     0.060     1.000         0
    1.239     3.363     0.060     1.000         0
    1.035     3.336     0.060     1.000         0
    0.871     3.312     0.060     1.000         0
    0.702     3.290     0.060     1.000         0
    0.505     3.278     0.060     1.000         0
    0.335     3.264     0.060     1.000         0
    0.158     3.249     0.060     1.000         0
    0.070     3.252     0.060     1.000         0
    0.217     3.257     0.060     1.000         0
    0.386     3.263     0.060     1.000         0
    0.578     3.274     0.060     1.000         0
   17.374     8.094     0.060     2.000         0
   17.179     8.030     0.060     2.000         0
   16.976     7.984     0.060     2.000         0
   16.784     7.945     0.060     2.000         0
   16.590     7.893     0.060     2.000         0
   16.399     7.837     0.060     2.000         0
   16.195     7.803     0.060     2.000         0
   16.004     7.755     0.060     2.000         0
   15.809     7.707     0.060     2.000         0
   15.614     7.650     0.060     2.000         0
   15.422     7.618     0.060     2.000         0
   15.219     7.591     0.060     2.000         0
   15.027     7.546     0.060     2.000         0
   14.833     7.517     0.060     2.000         0
   14.638     7.484     0.060     2.000         0
   14.438     7.449     0.060     2.000         0
   14.243     7.395     0.060     2.000         0
   14.052     7.366     0.060     2.000         0
   13.857     7.324     0.060     2.000         0
   13.663     7.295     0.060     2.000         0
   13.445     7.270     0.060     2.000         0
   13.242     7.235     0.060     2.000         0
   13.050     7.194     0.060     2.000         0
   12.855     7.164     0.060     2.000         0
   12.660     7.130     0.060     2.000         0
   12.460     7.092     0.060     2.000         0
   12.265     7.059     0.060     2.000         0
   12.073     7.025     0.060     2.000         0
   11.882     6.990     0.060     2.000         0
   11.688     6.954     0.060     2.000         0
   11.484     6.920     0.060     2.000         0
   11.293     6.889     0.060     2.000         0
   11.095     6.856     0.060     2.000         0
   10.877     6.832     0.060     2.000         0
   10.685     6.797     0.060     2.000         0
   10.483     6.764     0.060     2.000         0
   10.262     6.732     0.060     2.000         0
   10.070     6.701     0.060     2.000         0
    9.875     6.673     0.060     2.000         0
    9.683     6.654     0.060     2.000         0
    9.489     6.628     0.060     2.000         0
    9.285     6.576     0.060     2.000         0
    9.067     6.538     0.060     2.000         0
    8.873     6.516     0.060     2.000         0
    8.682     6.478     0.060     2.000         0
    8.461     6.439     0.060     2.000         0
   19.929     8.511     0.060     3.000         0
   19.738     8.488     0.060     3.000         0
   19.544     8.440     0.060     3.000         0
   19.352     8.417     0.060     3.000         0
   19.158     8.389     0.060     3.000         0
   18.954     8.364     0.060     3.000         0
   18.762     8.334     0.060     3.000         0
   18.568     8.299     0.060     3.000         0
   18.376     8.260     0.060     3.000         0
   18.172     8.232     0.060     3.000         0
   17.979     8.211     0.060     3.000         0
   17.787     8.189     0.060     3.000         0
   17.374     8.136     0.060     4.000         0
   17.179     8.110     0.060     4.000         0
   16.976     8.076     0.060     4.000         0
   16.784     8.037     0.060     4.000         0
   16.590     7.991     0.060     4.000         0
   16.399     7.945     0.060     4.000         0
   16.195     7.896     0.060     4.000         0
   16.004     7.842     0.060     4.000         0
   15.809     7.811     0.060     4.000         0
   15.614     7.757     0.060     4.000         0
   15.422     7.719     0.060     4.000         0
   15.219     7.695     0.060     4.000         0
   15.027     7.649     0.060     4.000         0
   14.833     7.624     0.060     4.000         0
   14.638     7.575     0.060     4.000         0
   14.438     7.541     0.060     4.000         0
   14.243     7.516     0.060     4.000         0
   14.052     7.494     0.060     4.000         0
   13.857     7.472     0.060     4.000         0
   13.663     7.446     0.060     4.000         0
   13.445     7.409     0.060     4.000         0
   13.242     7.369     0.060     4.000         0
   13.050     7.355     0.060     4.000         0
   12.855     7.313     0.060     4.000         0
   12.660     7.286     0.060     4.000         0
   12.460     7.248     0.060     4.000         0
   12.265     7.210     0.060     4.000         0
   12.073     7.176     0.060     4.000         0
   11.882     7.147     0.060     4.000         0
   11.688     7.117     0.060     4.000         0
   11.484     7.074     0.060     4.000         0
    0.000    -1.000     0.000         0
   -0.744     3.284     0.060     1.000         0
   -0.919     3.305     0.060     1.000         0
   -1.112     3.329     0.060     1.000         0
   -1.279     3.351     0.060     1.000         0
   -1.454     3.383     0.060     1.000         0
   -1.648     3.418     0.060     1.000         0
   -1.822     3.457     0.060     1.000         0
   -1.990     3.498     0.060     1.000         0
   -2.182     3.554     0.060     1.000         0
   -2.359     3.605     0.060     1.000         0
   -2.551     3.660     0.060     1.000         0
   -2.720     3.709     0.060     1.000         0
   -2.894     3.768     0.060     1.000         0
   -3.062     3.828     0.060     1.000         0
   -3.255     3.906     0.060     1.000         0
   -3.431     3.978     0.060     1.000         0
   -3.597     4.045     0.060     1.000         0
   -3.800     4.128     0.060     1.000         0
   -3.968     4.196     0.060     1.000         0
   -4.160     4.274     0.060     1.000         0
   -4.335     4.345     0.060     1.000         0
   -4.503     4.421     0.060     1.000         0
   -4.697     4.500     0.060     1.000         0
   -4.871     4.590     0.060     1.000         0
   -5.040     4.669     0.060     1.000         0
   -5.232     4.759     0.060     1.000         0
   -5.409     4.841     0.060     1.000         0
   -5.601     4.915     0.060     1.000         0
   -5.778     4.998     0.060     1.000         0
   -5.970     5.088     0.060     1.000         0
   -6.139     5.175     0.060     1.000         0
   -6.313     5.276     0.060     1.000         0
   -6.507     5.371     0.060     1.000         0
   -6.673     5.464     0.060     1.000         0
   -6.876     5.592     0.060     1.000         0
   -7.044     5.685     0.060     1.000         0
   -7.210     5.777     0.060     1.000         0
   -7.411     5.889     0.060     1.000         0
   -7.579     5.982     0.060     1.000         0
   -7.754     6.079     0.060     1.000         0
   -7.948     6.179     0.060     1.000         0
   -8.113     6.281     0.060     1.000         0
   -8.308     6.388     0.060     1.000         0
   -8.485     6.489     0.060     1.000         0
   -8.854     6.658     0.060     2.000         0
   -9.020     6.683     0.060     2.000         0
   -9.186     6.717     0.060     2.000         0
   -9.389     6.740     0.060     2.000         0
   -9.555     6.765     0.060     2.000         0
   -9.749     6.807     0.060     2.000         0
   -9.926     6.831     0.060     2.000         0
  -10.092     6.877     0.060     2.000         0
  -10.287     6.913     0.060     2.000         0
  -10.461     6.928     0.060     2.000         0
  -10.630     6.959     0.060     2.000         0
  -10.830     7.003     0.060     2.000         0
  -10.998     7.034     0.060     2.000         0
  -11.190     7.060     0.060     2.000         0
  -11.367     7.091     0.060     2.000         0
  -11.559     7.125     0.060     2.000         0
  -11.728     7.155     0.060     2.000         0
  -11.931     7.191     0.060     2.000         0
  -12.097     7.236     0.060     2.000         0
  -12.291     7.262     0.060     2.000         0
  -12.466     7.304     0.060     2.000         0
  -12.660     7.350     0.060     2.000         0
  -12.825     7.393     0.060     2.000         0
  -13.029     7.454     0.060     2.000         0
  -13.221     7.487     0.060     2.000         0
  -13.389     7.528     0.060     2.000         0
  -13.584     7.554     0.060     2.000         0
  -13.785     7.605     0.060     2.000         0
  -13.950     7.641     0.060     2.000         0
  -14.144     7.670     0.060     2.000         0
  -14.348     7.698     0.060     2.000         0
  -14.513     7.728     0.060     2.000         0
  -14.708     7.770     0.060     2.000         0
  -14.883     7.793     0.060     2.000         0
  -15.077     7.835     0.060     2.000         0
  -15.269     7.863     0.060     2.000         0
  -15.447     7.907     0.060     2.000         0
  -15.640     7.931     0.060     2.000         0
  -15.832     7.982     0.060     2.000         0
  -16.027     8.010     0.060     2.000         0
  -16.201     8.035     0.060     2.000         0
  -16.396     8.079     0.060     2.000         0
    0.000     0.000     0.000        -1
