    0.000     1.000     0.000         0
    8.440     6.459     0.060     1.000         0
    8.249     6.349     0.060     1.000         0
    8.054     6.244     0.060     1.000         0
    7.862     6.165     0.060     1.000         0
    7.659     6.065     0.060     1.000         0
    7.465     5.965     0.060     1.000         0
    7.273     5.858     0.060     1.000         0
    7.052     5.757     0.060     1.000         0
    6.861     5.650     0.060     1.000         0
    6.666     5.550     0.060     1.000         0
    6.462     5.444     0.060     1.000         0
    6.271     5.350     0.060     1.000         0
    6.077     5.250     0.060     1.000         0
    5.885     5.151     0.060     1.000         0
    5.682     5.050     0.060     1.000         0
    5.490     4.951     0.060     1.000         0
    5.295     4.855     0.060     1.000         0
    5.100     4.764     0.060     1.000         0
    4.909     4.670     0.060     1.000         0
    4.705     4.579     0.060     1.000         0
    4.513     4.492     0.060     1.000         0
    4.320     4.410     0.060     1.000         0
    4.125     4.318     0.060     1.000         0
    3.924     4.208     0.060     1.000         0
    3.730     4.117     0.060     1.000         0
    3.538     4.035     0.060     1.000         0
    3.343     3.961     0.060     1.000         0
    3.149     3.887     0.060     1.000         0
    2.932     3.810     0.060     1.000         0
    2.728     3.736     0.060     1.000         0
    2.537     3.672     0.060     1.000         0
    2.342     3.606     0.060     1.000         0
    2.147     3.560     0.060     1.000         0
    1.946     3.504     0.060     1.000         0
    1.751     3.458     0.060     1.000         0
    1.560     3.421     0.060     1.000         0
    1.369     3.383     0.060     1.000         0
    1.175     3.353     0.060     1.000         0
    0.971     3.321     0.060     1.000         0
    0.781     3.291     0.060     1.000         0
    0.581     3.267     0.060     1.000         0
    0.364     3.255     0.060     1.000         0
    0.179     3.245     0.060     1.000         0
    0.056     3.238     0.060     1.000         0
    0.254     3.245     0.060     1.000         0
    0.446     3.260     0.060     1.000         0
   23.625     8.664     0.060     2.000         0
   23.459     8.630     0.060     2.000         0
   23.282     8.602     0.060     2.000         0
   23.113     8.564     0.060     2.000         0
   22.939     8.533     0.060     2.000         0
   22.747     8.494     0.060     2.000         0
   22.580     8.460     0.060     2.000         0
   22.406     8.421     0.060     2.000         0
   22.237     8.383     0.060     2.000         0
   22.042     8.357     0.060     2.000         0
   21.868     8.328     0.060     2.000         0
   21.699     8.299     0.060     2.000         0
   21.525     8.253     0.060     2.000         0
   21.331     8.236     0.060     2.000         0
   21.166     8.208     0.060     2.000         0
   20.988     8.173     0.060     2.000         0
   20.823     8.133     0.060     2.000         0
   20.619     8.106     0.060     2.000         0
   20.454     8.086     0.060     2.000         0
   20.285     8.057     0.060     2.000         0
   20.085     8.023     0.060     2.000         0
   19.916     7.979     0.060     2.000         0
   19.742     7.957     0.060     2.000         0
   19.574     7.929     0.060     2.000         0
   19.409     7.893     0.060     2.000         0
   19.205     7.871     0.060     2.000         0
   19.040     7.832     0.060     2.000         0
   18.863     7.818     0.060     2.000         0
   18.668     7.774     0.060     2.000         0
   18.502     7.758     0.060     2.000         0
   18.328     7.721     0.060     2.000         0
   18.134     7.706     0.060     2.000         0
   17.966     7.670     0.060     2.000         0
   17.791     7.649     0.060     2.000         0
   17.597     7.634     0.060     2.000         0
   17.431     7.614     0.060     2.000         0
   17.228     7.582     0.060     2.000         0
   17.062     7.571     0.060     2.000         0
   16.867     7.547     0.060     2.000         0
   16.693     7.518     0.060     2.000         0
   16.499     7.506     0.060     2.000         0
   16.334     7.473     0.060     2.000         0
   16.130     7.448     0.060     2.000         0
   15.965     7.427     0.060     2.000         0
   15.770     7.403     0.060     2.000         0
   15.593     7.381     0.060     2.000         0
   15.401     7.358     0.060     2.000         0
   15.233     7.345     0.060     2.000         0
   15.033     7.328     0.060     2.000         0
   14.864     7.308     0.060     2.000         0
   14.673     7.284     0.060     2.000         0
   14.495     7.246     0.060     2.000         0
   14.304     7.239     0.060     2.000         0
   14.135     7.214     0.060     2.000         0
   13.961     7.189     0.060     2.000         0
   13.766     7.163     0.060     2.000         0
   13.592     7.140     0.060     2.000         0
   13.398     7.118     0.060     2.000         0
   13.232     7.088     0.060     2.000         0
   13.038     7.075     0.060     2.000         0
   12.837     7.044     0.060     2.000         0
   12.668     7.018     0.060     2.000         0
   12.474     6.996     0.060     2.000         0
   12.299     6.977     0.060     2.000         0
   12.106     6.943     0.060     2.000         0
   11.914     6.933     0.060     2.000         0
   11.719     6.915     0.060     2.000         0
   11.516     6.905     0.060     2.000         0
   11.350     6.912     0.060     2.000         0
   11.155     6.894     0.060     2.000         0
   10.955     6.876     0.060     2.000         0
   10.760     6.850     0.060     2.000         0
   10.569     6.825     0.060     2.000         0
   10.375     6.799     0.060     2.000         0
   10.183     6.766     0.060     2.000         0
   10.006     6.742     0.060     2.000         0
    9.811     6.700     0.060     2.000         0
    9.619     6.673     0.060     2.000         0
    9.416     6.645     0.060     2.000         0
    9.224     6.611     0.060     2.000         0
    9.030     6.561     0.060     2.000         0
    8.839     6.535     0.060     2.000         0
   45.104    11.264     0.060     3.000         0
   44.903    11.224     0.060     3.000         0
   44.682    11.197     0.060     3.000         0
   44.488    11.166     0.060     3.000         0
   44.296    11.147     0.060     3.000         0
   44.102    11.123     0.060     3.000         0
   43.885    11.096     0.060     3.000         0
   43.684    11.092     0.060     3.000         0
   40.589    10.617     0.060     3.000         0
   40.389    10.610     0.060     3.000         0
   40.168    10.584     0.060     3.000         0
   39.974    10.571     0.060     3.000         0
   39.756    10.539     0.060     3.000         0
   39.562    10.510     0.060     3.000         0
   39.370    10.492     0.060     3.000         0
   39.150    10.464     0.060     3.000         0
   38.955    10.443     0.060     3.000         0
   38.755    10.429     0.060     3.000         0
   38.534    10.410     0.060     3.000         0
   38.342    10.371     0.060     3.000         0
   38.147    10.348     0.060     3.000         0
   37.928    10.338     0.060     3.000         0
   37.736    10.307     0.060     3.000         0
   37.532    10.271     0.060     3.000         0
   37.341    10.245     0.060     3.000         0
   37.146    10.219     0.060     3.000         0
   36.928    10.189     0.060     3.000         0
   36.734    10.171     0.060     3.000         0
   36.540    10.145     0.060     3.000         0
   36.339    10.109     0.060     3.000         0
   36.145    10.099     0.060     3.000         0
   35.950    10.060     0.060     3.000         0
   35.732    10.027     0.060     3.000         0
   35.538    10.017     0.060     3.000         0
   35.337     9.981     0.060     3.000         0
   35.143     9.952     0.060     3.000         0
   34.951     9.935     0.060     3.000         0
   34.757     9.914     0.060     3.000         0
   34.536     9.886     0.060     3.000         0
   34.345     9.853     0.060     3.000         0
   34.141     9.837     0.060     3.000         0
   33.950     9.814     0.060     3.000         0
   33.755     9.790     0.060     3.000         0
   33.537     9.756     0.060     3.000         0
   33.343     9.741     0.060     3.000         0
   33.140     9.717     0.060     3.000         0
   32.948     9.686     0.060     3.000         0
   32.753     9.662     0.060     3.000         0
   32.536     9.644     0.060     3.000         0
   32.341     9.620     0.060     3.000         0
   32.146     9.588     0.060     3.000         0
   31.946     9.556     0.060     3.000         0
   31.752     9.549     0.060     3.000         0
   31.531     9.506     0.060     3.000         0
   31.340     9.482     0.060     3.000         0
   31.145     9.471     0.060     3.000         0
   30.945     9.438     0.060     3.000         0
   30.750     9.419     0.060     3.000         0
   30.558     9.388     0.060     3.000         0
   30.364     9.377     0.060     3.000         0
   30.173     9.342     0.060     3.000         0
   29.995     9.321     0.060     3.000         0
   29.801     9.314     0.060     3.000         0
   29.609     9.275     0.060     3.000         0
   29.406     9.258     0.060     3.000         0
   29.214     9.249     0.060     3.000         0
   29.019     9.215     0.060     3.000         0
   28.826     9.210     0.060     3.000         0
   28.634     9.189     0.060     3.000         0
   28.430     9.170     0.060     3.000         0
   28.239     9.154     0.060     3.000         0
   28.044     9.133     0.060     3.000         0
   27.852     9.100     0.060     3.000         0
   27.649     9.094     0.060     3.000         0
   27.455     9.069     0.060     3.000         0
   27.263     9.045     0.060     3.000         0
   27.069     9.019     0.060     3.000         0
   26.851     9.002     0.060     3.000         0
   26.656     8.984     0.060     3.000         0
   26.453     8.961     0.060     3.000         0
   26.261     8.924     0.060     3.000         0
   26.066     8.902     0.060     3.000         0
   25.875     8.888     0.060     3.000         0
   25.672     8.866     0.060     3.000         0
   25.477     8.869     0.060     3.000         0
   25.286     8.855     0.060     3.000         0
   25.091     8.826     0.060     3.000         0
   24.899     8.821     0.060     3.000         0
   24.696     8.811     0.060     3.000         0
   24.528     8.795     0.060     3.000         0
   24.354     8.780     0.060     3.000         0
   24.162     8.758     0.060     3.000         0
   23.994     8.736     0.060     3.000         0
   23.820     8.706     0.060     3.000         0
   24.162     8.813     0.060     4.000         0
   23.994     8.775     0.060     4.000         0
   23.820     8.760     0.060     4.000         0
   23.625     8.726     0.060     4.000         0
   23.459     8.680     0.060     4.000         0
   23.282     8.649     0.060     4.000         0
   23.113     8.619     0.060     4.000         0
   22.939     8.588     0.060     4.000         0
   22.747     8.554     0.060     4.000         0
   22.580     8.525     0.060     4.000         0
   22.406     8.494     0.060     4.000         0
   22.237     8.464     0.060     4.000         0
   22.042     8.429     0.060     4.000         0
   21.868     8.398     0.060     4.000         0
   21.699     8.368     0.060     4.000         0
   21.525     8.354     0.060     4.000         0
   21.331     8.303     0.060     4.000         0
   21.166     8.290     0.060     4.000         0
   20.988     8.258     0.060     4.000         0
   20.823     8.229     0.060     4.000         0
   20.619     8.181     0.060     4.000         0
   20.454     8.152     0.060     4.000         0
   20.285     8.126     0.060     4.000         0
   20.085     8.090     0.060     4.000         0
   19.916     8.056     0.060     4.000         0
   19.742     8.044     0.060     4.000         0
   19.574     8.002     0.060     4.000         0
   19.409     7.992     0.060     4.000         0
   19.205     7.944     0.060     4.000         0
   19.040     7.918     0.060     4.000         0
   18.863     7.890     0.060     4.000         0
   18.668     7.859     0.060     4.000         0
   18.502     7.837     0.060     4.000         0
   18.328     7.806     0.060     4.000         0
   18.134     7.775     0.060     4.000         0
   17.966     7.757     0.060     4.000         0
   17.791     7.732     0.060     4.000         0
   17.597     7.713     0.060     4.000         0
   17.431     7.708     0.060     4.000         0
   17.228     7.676     0.060     4.000         0
   17.062     7.660     0.060     4.000         0
   16.867     7.652     0.060     4.000         0
   16.693     7.627     0.060     4.000         0
   16.499     7.612     0.060     4.000         0
   16.334     7.585     0.060     4.000         0
   16.130     7.561     0.060     4.000         0
   15.965     7.542     0.060     4.000         0
   15.770     7.519     0.060     4.000         0
   15.593     7.498     0.060     4.000         0
   15.401     7.492     0.060     4.000         0
   15.233     7.472     0.060     4.000         0
   15.033     7.441     0.060     4.000         0
   14.864     7.436     0.060     4.000         0
   14.673     7.422     0.060     4.000         0
   14.495     7.408     0.060     4.000         0
   14.304     7.394     0.060     4.000         0
   14.135     7.373     0.060     4.000         0
   13.961     7.356     0.060     4.000         0
   13.766     7.337     0.060     4.000         0
   13.592     7.324     0.060     4.000         0
   13.398     7.318     0.060     4.000         0
   13.232     7.301     0.060     4.000         0
   13.038     7.295     0.060     4.000         0
   12.837     7.268     0.060     4.000         0
   12.668     7.255     0.060     4.000         0
   12.474     7.240     0.060     4.000         0
   12.299     7.243     0.060     4.000         0
   12.106     7.213     0.060     4.000         0
   11.914     7.198     0.060     4.000         0
   11.719     7.188     0.060     4.000         0
   11.516     7.173     0.060     4.000         0
   11.350     7.164     0.060     4.000         0
   11.155     7.150     0.060     4.000         0
    0.000    -1.000     0.000         0
   -0.639     3.279     0.060     1.000         0
   -0.831     3.300     0.060     1.000         0
   -1.025     3.326     0.060     1.000         0
   -1.228     3.362     0.060     1.000         0
   -1.446     3.400     0.060     1.000         0
   -1.640     3.434     0.060     1.000         0
   -1.832     3.476     0.060     1.000         0
   -2.053     3.531     0.060     1.000         0
   -2.245     3.587     0.060     1.000         0
   -2.448     3.645     0.060     1.000         0
   -2.642     3.701     0.060     1.000         0
   -2.834     3.761     0.060     1.000         0
   -3.054     3.828     0.060     1.000         0
   -3.246     3.899     0.060     1.000         0
   -3.441     3.979     0.060     1.000         0
   -3.644     4.062     0.060     1.000         0
   -3.836     4.141     0.060     1.000         0
   -4.031     4.221     0.060     1.000         0
   -4.225     4.300     0.060     1.000         0
   -4.400     4.372     0.060     1.000         0
   -4.592     4.455     0.060     1.000         0
   -4.759     4.527     0.060     1.000         0
   -4.963     4.615     0.060     1.000         0
   -5.128     4.705     0.060     1.000         0
   -5.323     4.792     0.060     1.000         0
   -5.497     4.882     0.060     1.000         0
   -5.666     4.961     0.060     1.000         0
   -5.858     5.052     0.060     1.000         0
   -6.034     5.118     0.060     1.000         0
   -6.200     5.204     0.060     1.000         0
   -6.403     5.328     0.060     1.000         0
   -6.569     5.422     0.060     1.000         0
   -6.737     5.502     0.060     1.000         0
   -6.938     5.632     0.060     1.000         0
   -7.133     5.743     0.060     1.000         0
   -7.298     5.836     0.060     1.000         0
   -7.502     5.948     0.060     1.000         0
   -7.669     6.047     0.060     1.000         0
   -7.861     6.148     0.060     1.000         0
   -8.039     6.186     0.060     2.000         0
   -8.204     6.226     0.060     2.000         0
   -8.399     6.264     0.060     2.000         0
   -8.573     6.299     0.060     2.000         0
   -8.742     6.332     0.060     2.000         0
   -8.934     6.370     0.060     2.000         0
   -9.110     6.401     0.060     2.000         0
   -9.276     6.437     0.060     2.000         0
   -9.479     6.473     0.060     2.000         0
   -9.645     6.502     0.060     2.000         0
   -9.814     6.531     0.060     2.000         0
  -10.014     6.567     0.060     2.000         0
  -10.183     6.600     0.060     2.000         0
  -10.360     6.635     0.060     2.000         0
  -10.552     6.681     0.060     2.000         0
  -10.718     6.718     0.060     2.000         0
  -10.894     6.767     0.060     2.000         0
  -11.086     6.810     0.060     2.000         0
  -11.254     6.849     0.060     2.000         0
  -11.429     6.888     0.060     2.000         0
  -11.623     6.929     0.060     2.000         0
  -11.792     6.971     0.060     2.000         0
  -11.966     7.003     0.060     2.000         0
  -12.160     7.042     0.060     2.000         0
  -12.335     7.085     0.060     2.000         0
  -12.503     7.126     0.060     2.000         0
  -12.695     7.173     0.060     2.000         0
  -12.872     7.217     0.060     2.000         0
  -13.064     7.264     0.060     2.000         0
  -13.233     7.313     0.060     2.000         0
  -13.407     7.346     0.060     2.000         0
  -13.576     7.386     0.060     2.000         0
  -13.768     7.432     0.060     2.000         0
  -13.944     7.473     0.060     2.000         0
  -14.110     7.512     0.060     2.000         0
  -14.313     7.560     0.060     2.000         0
  -14.482     7.608     0.060     2.000         0
  -14.848     7.692     0.060     3.000         0
  -15.017     7.732     0.060     3.000         0
  -15.210     7.771     0.060     3.000         0
  -15.385     7.799     0.060     3.000         0
  -15.553     7.825     0.060     3.000         0
  -15.745     7.848     0.060     3.000         0
  -15.922     7.871     0.060     3.000         0
  -16.114     7.888     0.060     3.000         0
  -16.292     7.904     0.060     3.000         0
  -16.483     7.913     0.060     3.000         0
  -16.652     7.925     0.060     3.000         0
  -16.826     7.946     0.060     3.000         0
  -17.020     7.970     0.060     3.000         0
  -17.186     7.998     0.060     3.000         0
  -17.389     8.022     0.060     3.000         0
  -17.558     8.057     0.060     3.000         0
  -17.724     8.076     0.060     3.000         0
  -17.924     8.116     0.060     3.000         0
  -18.093     8.128     0.060     3.000         0
  -18.267     8.141     0.060     3.000         0
  -18.461     8.168     0.060     3.000         0
  -18.627     8.200     0.060     3.000         0
  -18.822     8.229     0.060     3.000         0
  -18.999     8.247     0.060     3.000         0
  -19.165     8.260     0.060     3.000         0
  -19.368     8.302     0.060     3.000         0
  -19.534     8.316     0.060     3.000         0
  -19.699     8.337     0.060     3.000         0
  -19.903     8.377     0.060     3.000         0
  -20.069     8.410     0.060     3.000         0
  -20.262     8.436     0.060     3.000         0
  -20.440     8.455     0.060     3.000         0
  -20.605     8.465     0.060     3.000         0
  -20.800     8.502     0.060     3.000         0
  -20.975     8.512     0.060     3.000         0
  -21.143     8.524     0.060     3.000         0
  -21.344     8.547     0.060     3.000         0
  -21.511     8.582     0.060     3.000         0
  -21.703     8.597     0.060     3.000         0
  -21.881     8.629     0.060     3.000         0
  -22.072     8.639     0.060     3.000         0
  -22.241     8.662     0.060     3.000         0
  -22.445     8.706     0.060     3.000         0
  -22.610     8.721     0.060     3.000         0
  -22.805     8.735     0.060     3.000         0
  -22.979     8.754     0.060     3.000         0
  -23.173     8.783     0.060     3.000         0
  -12.872     7.366     0.060     4.000         0
  -13.064     7.412     0.060     4.000         0
  -13.233     7.441     0.060     4.000         0
  -13.407     7.467     0.060     4.000         0
  -13.576     7.500     0.060     4.000         0
  -13.768     7.534     0.060     4.000         0
  -13.944     7.576     0.060     4.000         0
  -14.110     7.609     0.060     4.000         0
  -14.313     7.659     0.060     4.000         0
  -14.482     7.685     0.060     4.000         0
  -14.674     7.725     0.060     4.000         0
  -14.848     7.761     0.060     4.000         0
  -15.017     7.800     0.060     4.000         0
  -15.210     7.835     0.060     4.000         0
  -15.385     7.879     0.060     4.000         0
  -15.553     7.922     0.060     4.000         0
  -15.745     7.966     0.060     4.000         0
  -15.922     8.003     0.060     4.000         0
  -16.114     8.051     0.060     4.000         0
  -16.292     8.079     0.060     4.000         0
  -16.483     8.127     0.060     4.000         0
  -16.652     8.172     0.060     4.000         0
  -16.826     8.217     0.060     4.000         0
  -17.020     8.247     0.060     4.000         0
  -17.186     8.303     0.060     4.000         0
  -17.389     8.340     0.060     4.000         0
  -17.558     8.392     0.060     4.000         0
  -17.724     8.424     0.060     4.000         0
    0.000     0.000     0.000        -1
