    0.000     1.000     0.000         0
    6.842     5.450     0.060     1.000         0
    6.676     5.337     0.060     1.000         0
    6.482     5.284     0.060     1.000         0
    6.307     5.179     0.060     1.000         0
    6.114     5.094     0.060     1.000         0
    5.948     5.003     0.060     1.000         0
    5.744     4.908     0.060     1.000         0
    5.579     4.817     0.060     1.000         0
    5.384     4.726     0.060     1.000         0
    5.207     4.629     0.060     1.000         0
    5.015     4.539     0.060     1.000         0
    4.848     4.452     0.060     1.000         0
    4.647     4.364     0.060     1.000         0
    4.479     4.286     0.060     1.000         0
    4.287     4.197     0.060     1.000         0
    4.110     4.090     0.060     1.000         0
    3.918     4.006     0.060     1.000         0
    3.749     3.945     0.060     1.000         0
    3.575     3.882     0.060     1.000         0
    3.380     3.806     0.060     1.000         0
    3.206     3.727     0.060     1.000         0
    3.012     3.661     0.060     1.000         0
    2.847     3.601     0.060     1.000         0
    2.652     3.557     0.060     1.000         0
    2.451     3.491     0.060     1.000         0
    2.283     3.447     0.060     1.000         0
    2.088     3.389     0.060     1.000         0
    1.914     3.333     0.060     1.000         0
    1.720     3.297     0.060     1.000         0
    1.528     3.262     0.060     1.000         0
    1.333     3.226     0.060     1.000         0
    1.130     3.188     0.060     1.000         0
    0.964     3.167     0.060     1.000         0
    0.770     3.143     0.060     1.000         0
    0.569     3.133     0.060     1.000         0
    0.375     3.132     0.060     1.000         0
    0.183     3.131     0.060     1.000         0
   16.067     7.331     0.060     2.000         0
   15.875     7.308     0.060     2.000         0
   15.681     7.276     0.060     2.000         0
   15.489     7.243     0.060     2.000         0
   15.287     7.209     0.060     2.000         0
   15.092     7.175     0.060     2.000         0
   14.900     7.143     0.060     2.000         0
   14.705     7.090     0.060     2.000         0
   14.514     7.057     0.060     2.000         0
   14.310     7.028     0.060     2.000         0
   14.143     7.009     0.060     2.000         0
   13.968     6.974     0.060     2.000         0
   13.777     6.942     0.060     2.000         0
   13.608     6.905     0.060     2.000         0
   13.434     6.868     0.060     2.000         0
   13.239     6.826     0.060     2.000         0
   13.074     6.790     0.060     2.000         0
   12.896     6.752     0.060     2.000         0
   12.728     6.716     0.060     2.000         0
   12.553     6.678     0.060     2.000         0
   12.362     6.637     0.060     2.000         0
   12.194     6.601     0.060     2.000         0
   12.020     6.564     0.060     2.000         0
   11.851     6.527     0.060     2.000         0
   11.657     6.486     0.060     2.000         0
   11.482     6.428     0.060     2.000         0
   11.314     6.412     0.060     2.000         0
   11.139     6.374     0.060     2.000         0
   10.946     6.333     0.060     2.000         0
   10.780     6.277     0.060     2.000         0
   10.603     6.239     0.060     2.000         0
   10.437     6.203     0.060     2.000         0
   10.234     6.159     0.060     2.000         0
   10.068     6.124     0.060     2.000         0
    9.900     6.088     0.060     2.000         0
    9.699     6.054     0.060     2.000         0
    9.531     6.016     0.060     2.000         0
    9.356     5.976     0.060     2.000         0
    9.189     5.963     0.060     2.000         0
    9.023     5.925     0.060     2.000         0
    8.820     5.880     0.060     2.000         0
    8.654     5.842     0.060     2.000         0
    8.477     5.817     0.060     2.000         0
    8.282     5.783     0.060     2.000         0
    8.117     5.750     0.060     2.000         0
    7.942     5.715     0.060     2.000         0
    7.749     5.677     0.060     2.000         0
    7.580     5.633     0.060     2.000         0
    7.406     5.604     0.060     2.000         0
    7.211     5.570     0.060     2.000         0
    7.045     5.527     0.060     2.000         0
   63.482    13.372     0.060     3.000         0
   63.264    13.345     0.060     3.000         0
   63.043    13.317     0.060     3.000         0
   62.841    13.292     0.060     3.000         0
   62.623    13.289     0.060     3.000         0
   62.402    13.266     0.060     3.000         0
   62.182    13.224     0.060     3.000         0
   61.964    13.201     0.060     3.000         0
   61.769    13.187     0.060     3.000         0
   61.549    13.169     0.060     3.000         0
   61.331    13.121     0.060     3.000         0
   61.111    13.108     0.060     3.000         0
   60.919    13.074     0.060     3.000         0
   60.699    13.035     0.060     3.000         0
   60.507    13.015     0.060     3.000         0
   60.286    12.980     0.060     3.000         0
   60.066    12.955     0.060     3.000         0
   59.865    12.919     0.060     3.000         0
   59.646    12.890     0.060     3.000         0
   59.451    12.880     0.060     3.000         0
   59.230    12.831     0.060     3.000         0
   59.012    12.822     0.060     3.000         0
   58.821    12.798     0.060     3.000         0
   58.600    12.769     0.060     3.000         0
   58.379    12.719     0.060     3.000         0
   58.188    12.690     0.060     3.000         0
   57.968    12.671     0.060     3.000         0
   57.747    12.629     0.060     3.000         0
   57.553    12.598     0.060     3.000         0
   57.335    12.587     0.060     3.000         0
   57.114    12.545     0.060     3.000         0
   56.914    12.509     0.060     3.000         0
   56.694    12.499     0.060     3.000         0
   56.502    12.464     0.060     3.000         0
   56.282    12.440     0.060     3.000         0
   56.087    12.394     0.060     3.000         0
   55.866    12.369     0.060     3.000         0
   55.649    12.331     0.060     3.000         0
   55.454    12.327     0.060     3.000         0
   55.236    12.278     0.060     3.000         0
   55.034    12.247     0.060     3.000         0
   54.813    12.233     0.060     3.000         0
   54.621    12.205     0.060     3.000         0
   54.401    12.164     0.060     3.000         0
   54.206    12.152     0.060     3.000         0
   53.988    12.112     0.060     3.000         0
   53.797    12.085     0.060     3.000         0
   53.603    12.043     0.060     3.000         0
   53.382    12.031     0.060     3.000         0
   53.182    11.992     0.060     3.000         0
   52.987    11.970     0.060     3.000         0
   52.770    11.928     0.060     3.000         0
   52.575    11.901     0.060     3.000         0
   52.354    11.869     0.060     3.000         0
   52.163    11.847     0.060     3.000         0
   51.943    11.795     0.060     3.000         0
   51.740    11.787     0.060     3.000         0
   51.522    11.745     0.060     3.000         0
   51.327    11.709     0.060     3.000         0
   51.109    11.674     0.060     3.000         0
   50.915    11.668     0.060     3.000         0
   50.697    11.628     0.060     3.000         0
   50.503    11.597     0.060     3.000         0
   50.309    11.567     0.060     3.000         0
   50.091    11.543     0.060     3.000         0
   49.888    11.486     0.060     3.000         0
   49.696    11.467     0.060     3.000         0
   49.501    11.439     0.060     3.000         0
   49.281    11.401     0.060     3.000         0
   49.087    11.348     0.060     3.000         0
   48.888    11.325     0.060     3.000         0
   48.695    11.289     0.060     3.000         0
   48.474    11.242     0.060     3.000         0
   48.280    11.231     0.060     3.000         0
   48.085    11.184     0.060     3.000         0
   47.867    11.157     0.060     3.000         0
   47.675    11.139     0.060     3.000         0
   47.473    11.094     0.060     3.000         0
   47.278    11.090     0.060     3.000         0
   47.087    11.057     0.060     3.000         0
   46.892    11.041     0.060     3.000         0
   46.692    11.000     0.060     3.000         0
   46.471    10.985     0.060     3.000         0
   46.276    10.968     0.060     3.000         0
   46.085    10.931     0.060     3.000         0
   45.891    10.924     0.060     3.000         0
   45.699    10.877     0.060     3.000         0
   45.496    10.863     0.060     3.000         0
   45.304    10.842     0.060     3.000         0
   45.110    10.810     0.060     3.000         0
   44.918    10.779     0.060     3.000         0
   44.715    10.750     0.060     3.000         0
   44.523    10.712     0.060     3.000         0
   44.330    10.674     0.060     3.000         0
   44.135    10.636     0.060     3.000         0
   43.943    10.588     0.060     3.000         0
   43.740    10.552     0.060     3.000         0
   43.548    10.523     0.060     3.000         0
   43.354    10.474     0.060     3.000         0
   43.136    10.471     0.060     3.000         0
   42.941    10.455     0.060     3.000         0
   42.739    10.439     0.060     3.000         0
   42.547    10.418     0.060     3.000         0
   42.352    10.411     0.060     3.000         0
   42.158    10.404     0.060     3.000         0
   41.966    10.377     0.060     3.000         0
   41.763    10.372     0.060     3.000         0
   41.571    10.359     0.060     3.000         0
   41.378    10.325     0.060     3.000         0
   41.157    10.314     0.060     3.000         0
   40.965    10.291     0.060     3.000         0
   40.762    10.282     0.060     3.000         0
   40.570    10.259     0.060     3.000         0
   40.349    10.253     0.060     3.000         0
   40.155    10.235     0.060     3.000         0
   39.963    10.195     0.060     3.000         0
   39.743    10.179     0.060     3.000         0
   39.551    10.124     0.060     3.000         0
   39.348    10.091     0.060     3.000         0
   39.156    10.071     0.060     3.000         0
   38.936    10.035     0.060     3.000         0
   38.741    10.009     0.060     3.000         0
   38.549     9.973     0.060     3.000         0
   38.347     9.940     0.060     3.000         0
   38.129     9.920     0.060     3.000         0
   37.935     9.893     0.060     3.000         0
   37.740     9.876     0.060     3.000         0
   37.522     9.850     0.060     3.000         0
   37.327     9.817     0.060     3.000         0
   37.136     9.797     0.060     3.000         0
   36.932     9.769     0.060     3.000         0
   36.713     9.749     0.060     3.000         0
   36.521     9.724     0.060     3.000         0
   36.326     9.709     0.060     3.000         0
   36.135     9.694     0.060     3.000         0
   35.931     9.663     0.060     3.000         0
   35.713     9.650     0.060     3.000         0
   35.519     9.655     0.060     3.000         0
   35.327     9.630     0.060     3.000         0
   35.133     9.631     0.060     3.000         0
   34.913     9.624     0.060     3.000         0
   34.718     9.623     0.060     3.000         0
   34.518     9.602     0.060     3.000         0
   34.297     9.594     0.060     3.000         0
   34.102     9.573     0.060     3.000         0
   33.910     9.551     0.060     3.000         0
   33.717     9.534     0.060     3.000         0
   33.499     9.507     0.060     3.000         0
   33.299     9.474     0.060     3.000         0
   33.104     9.465     0.060     3.000         0
   32.883     9.433     0.060     3.000         0
   32.665     9.431     0.060     3.000         0
   32.471     9.402     0.060     3.000         0
   32.277     9.387     0.060     3.000         0
   32.059     9.368     0.060     3.000         0
   31.864     9.358     0.060     3.000         0
   31.644     9.339     0.060     3.000         0
   31.443     9.313     0.060     3.000         0
   31.222     9.277     0.060     3.000         0
   31.031     9.252     0.060     3.000         0
   30.836     9.231     0.060     3.000         0
   30.618     9.206     0.060     3.000         0
   30.425     9.180     0.060     3.000         0
   30.204     9.175     0.060     3.000         0
   30.003     9.153     0.060     3.000         0
   29.783     9.118     0.060     3.000         0
   29.588     9.081     0.060     3.000         0
   29.370     9.054     0.060     3.000         0
   29.176     9.032     0.060     3.000         0
   28.985     9.005     0.060     3.000         0
   28.764     8.978     0.060     3.000         0
   28.569     8.956     0.060     3.000         0
   28.369     8.932     0.060     3.000         0
   28.148     8.901     0.060     3.000         0
   27.956     8.889     0.060     3.000         0
   27.762     8.866     0.060     3.000         0
   27.542     8.843     0.060     3.000         0
   27.350     8.819     0.060     3.000         0
   27.147     8.793     0.060     3.000         0
   26.955     8.764     0.060     3.000         0
   26.760     8.749     0.060     3.000         0
   26.543     8.731     0.060     3.000         0
   26.348     8.694     0.060     3.000         0
   26.154     8.672     0.060     3.000         0
   25.954     8.658     0.060     3.000         0
   25.759     8.631     0.060     3.000         0
   25.564     8.618     0.060     3.000         0
   25.347     8.572     0.060     3.000         0
   25.152     8.550     0.060     3.000         0
   24.951     8.531     0.060     3.000         0
   24.757     8.509     0.060     3.000         0
   24.565     8.470     0.060     3.000         0
   24.371     8.446     0.060     3.000         0
   24.151     8.418     0.060     3.000         0
   23.959     8.400     0.060     3.000         0
   23.755     8.387     0.060     3.000         0
   23.564     8.347     0.060     3.000         0
   23.369     8.341     0.060     3.000         0
   23.151     8.306     0.060     3.000         0
   22.958     8.293     0.060     3.000         0
   22.754     8.258     0.060     3.000         0
   22.562     8.235     0.060     3.000         0
   22.368     8.202     0.060     3.000         0
   22.150     8.184     0.060     3.000         0
   21.955     8.151     0.060     3.000         0
   21.761     8.109     0.060     3.000         0
   21.560     8.091     0.060     3.000         0
   21.366     8.059     0.060     3.000         0
   21.146     8.021     0.060     3.000         0
   20.954     7.975     0.060     3.000         0
   20.759     7.948     0.060     3.000         0
   20.559     7.919     0.060     3.000         0
   20.364     7.877     0.060     3.000         0
   20.172     7.855     0.060     3.000         0
   19.979     7.833     0.060     3.000         0
   19.787     7.806     0.060     3.000         0
   19.610     7.797     0.060     3.000         0
   19.415     7.769     0.060     3.000         0
   19.223     7.742     0.060     3.000         0
   19.020     7.698     0.060     3.000         0
   18.828     7.696     0.060     3.000         0
   18.634     7.654     0.060     3.000         0
   18.440     7.647     0.060     3.000         0
   19.223     8.005     0.060     4.000         0
   19.020     7.976     0.060     4.000         0
   18.828     7.930     0.060     4.000         0
   18.634     7.883     0.060     4.000         0
   18.440     7.845     0.060     4.000         0
   18.248     7.809     0.060     4.000         0
   18.045     7.785     0.060     4.000         0
   17.853     7.733     0.060     4.000         0
   17.658     7.696     0.060     4.000         0
   17.467     7.660     0.060     4.000         0
   17.263     7.641     0.060     4.000         0
   17.069     7.594     0.060     4.000         0
   16.878     7.557     0.060     4.000         0
   16.683     7.525     0.060     4.000         0
   16.465     7.478     0.060     4.000         0
   16.271     7.458     0.060     4.000         0
   16.067     7.436     0.060     4.000         0
   15.875     7.421     0.060     4.000         0
   15.681     7.426     0.060     4.000         0
   15.489     7.410     0.060     4.000         0
   15.287     7.384     0.060     4.000         0
    0.000    -1.000     0.000         0
   -0.010     3.071     0.060     1.000         0
   -0.202     3.098     0.060     1.000         0
   -0.379     3.105     0.060     1.000         0
   -0.574     3.120     0.060     1.000         0
   -0.766     3.135     0.060     1.000         0
   -0.969     3.165     0.060     1.000         0
   -1.161     3.198     0.060     1.000         0
   -1.355     3.236     0.060     1.000         0
   -1.546     3.266     0.060     1.000         0
   -1.741     3.307     0.060     1.000         0
   -1.945     3.345     0.060     1.000         0
   -2.136     3.394     0.060     1.000         0
   -2.331     3.453     0.060     1.000         0
   -2.523     3.487     0.060     1.000         0
   -2.726     3.544     0.060     1.000         0
   -2.920     3.615     0.060     1.000         0
   -3.112     3.705     0.060     1.000         0
   -3.333     3.779     0.060     1.000         0
   -3.524     3.843     0.060     1.000         0
   -3.719     3.912     0.060     1.000         0
   -3.923     3.996     0.060     1.000         0
   -4.114     4.080     0.060     1.000         0
   -4.308     4.165     0.060     1.000         0
   -4.500     4.225     0.060     1.000         0
   -4.703     4.309     0.060     1.000         0
   -4.895     4.399     0.060     1.000         0
   -5.090     4.499     0.060     1.000         0
   -5.285     4.629     0.060     1.000         0
   -5.476     4.727     0.060     1.000         0
   -5.680     4.843     0.060     1.000         0
   -5.872     4.937     0.060     1.000         0
   -6.065     5.046     0.060     1.000         0
   -6.260     5.145     0.060     1.000         0
   -6.460     5.246     0.060     1.000         0
   -6.655     5.345     0.060     1.000         0
   -6.847     5.455     0.060     1.000         0
   -7.042     5.556     0.060     1.000         0
   -7.236     5.653     0.060     1.000         0
   -7.453     5.761     0.060     1.000         0
   -7.657     5.867     0.060     1.000         0
   -7.849     5.976     0.060     1.000         0
   -8.043     6.097     0.060     1.000         0
   -8.238     6.223     0.060     1.000         0
   -8.439     6.342     0.060     1.000         0
   -8.634     6.467     0.060     1.000         0
   -8.825     6.566     0.060     2.000         0
   -9.017     6.586     0.060     2.000         0
   -9.211     6.615     0.060     2.000         0
   -9.414     6.637     0.060     2.000         0
   -9.606     6.661     0.060     2.000         0
   -9.804     6.682     0.060     2.000         0
  -10.022     6.710     0.060     2.000         0
  -10.213     6.749     0.060     2.000         0
  -10.416     6.770     0.060     2.000         0
  -10.637     6.796     0.060     2.000         0
  -10.829     6.832     0.060     2.000         0
  -11.023     6.858     0.060     2.000         0
  -11.215     6.909     0.060     2.000         0
  -11.410     6.940     0.060     2.000         0
  -11.613     6.973     0.060     2.000         0
  -11.831     7.008     0.060     2.000         0
  -12.025     7.040     0.060     2.000         0
  -12.217     7.071     0.060     2.000         0
  -12.438     7.101     0.060     2.000         0
  -12.630     7.127     0.060     2.000         0
  -12.833     7.167     0.060     2.000         0
  -13.028     7.205     0.060     2.000         0
  -13.220     7.228     0.060     2.000         0
  -13.439     7.255     0.060     2.000         0
  -13.631     7.293     0.060     2.000         0
  -13.826     7.327     0.060     2.000         0
  -14.030     7.366     0.060     2.000         0
  -14.221     7.406     0.060     2.000         0
  -14.416     7.415     0.060     2.000         0
  -14.611     7.445     0.060     2.000         0
  -14.785     7.472     0.060     2.000         0
  -14.977     7.501     0.060     2.000         0
  -15.145     7.532     0.060     2.000         0
  -15.348     7.568     0.060     2.000         0
  -15.514     7.604     0.060     2.000         0
  -15.709     7.634     0.060     2.000         0
  -15.883     7.660     0.060     2.000         0
  -16.052     7.687     0.060     2.000         0
  -16.243     7.716     0.060     2.000         0
  -16.420     7.738     0.060     2.000         0
  -16.585     7.754     0.060     2.000         0
  -16.789     7.780     0.060     2.000         0
  -16.954     7.806     0.060     2.000         0
  -17.123     7.832     0.060     2.000         0
  -17.323     7.873     0.060     2.000         0
  -17.518     7.896     0.060     2.000         0
  -17.684     7.924     0.060     2.000         0
  -17.887     7.959     0.060     2.000         0
  -18.055     7.987     0.060     2.000         0
  -18.247     8.020     0.060     2.000         0
  -18.424     8.050     0.060     2.000         0
  -18.590     8.078     0.060     2.000         0
  -18.785     8.111     0.060     2.000         0
  -18.959     8.141     0.060     2.000         0
  -19.128     8.180     0.060     2.000         0
  -21.640     8.564     0.060     3.000         0
  -21.814     8.594     0.060     3.000         0
  -22.009     8.627     0.060     3.000         0
  -22.178     8.666     0.060     3.000         0
  -22.352     8.691     0.060     3.000         0
  -22.546     8.709     0.060     3.000         0
  -22.720     8.759     0.060     3.000         0
  -22.889     8.788     0.060     3.000         0
  -23.080     8.810     0.060     3.000         0
  -23.258     8.849     0.060     3.000         0
  -23.450     8.861     0.060     3.000         0
  -23.618     8.888     0.060     3.000         0
  -23.793     8.927     0.060     3.000         0
  -23.961     8.948     0.060     3.000         0
  -24.153     8.991     0.060     3.000         0
  -24.329     9.016     0.060     3.000         0
  -24.495     9.044     0.060     3.000         0
  -24.699     9.065     0.060     3.000         0
  -24.867     9.079     0.060     3.000         0
  -25.059     9.108     0.060     3.000         0
  -25.233     9.129     0.060     3.000         0
  -25.402     9.158     0.060     3.000         0
  -25.596     9.182     0.060     3.000         0
  -25.770     9.193     0.060     3.000         0
  -25.939     9.229     0.060     3.000         0
  -26.131     9.238     0.060     3.000         0
  -26.308     9.267     0.060     3.000         0
  -26.500     9.284     0.060     3.000         0
  -26.677     9.304     0.060     3.000         0
  -26.869     9.321     0.060     3.000         0
  -27.038     9.329     0.060     3.000         0
  -27.212     9.343     0.060     3.000         0
  -27.406     9.366     0.060     3.000         0
  -27.571     9.383     0.060     3.000         0
  -27.775     9.422     0.060     3.000         0
  -27.944     9.432     0.060     3.000         0
  -28.109     9.476     0.060     3.000         0
  -28.310     9.501     0.060     3.000         0
  -28.478     9.515     0.060     3.000         0
  -28.653     9.546     0.060     3.000         0
  -28.846     9.554     0.060     3.000         0
  -29.012     9.592     0.060     3.000         0
  -29.207     9.601     0.060     3.000         0
  -29.384     9.622     0.060     3.000         0
  -29.550     9.655     0.060     3.000         0
  -29.754     9.683     0.060     3.000         0
  -29.919     9.708     0.060     3.000         0
  -30.085     9.718     0.060     3.000         0
  -30.288     9.766     0.060     3.000         0
  -30.454     9.771     0.060     3.000         0
  -30.648     9.802     0.060     3.000         0
  -30.825     9.834     0.060     3.000         0
  -30.991     9.870     0.060     3.000         0
  -31.186     9.875     0.060     3.000         0
  -31.360     9.902     0.060     3.000         0
  -31.529     9.923     0.060     3.000         0
  -31.729     9.965     0.060     3.000         0
  -31.897     9.972     0.060     3.000         0
  -32.089    10.018     0.060     3.000         0
  -32.266    10.017     0.060     3.000         0
  -32.458    10.043     0.060     3.000         0
  -32.626    10.080     0.060     3.000         0
  -32.830    10.083     0.060     3.000         0
  -32.996    10.105     0.060     3.000         0
  -33.190    10.146     0.060     3.000         0
  -33.365    10.149     0.060     3.000         0
  -33.559    10.191     0.060     3.000         0
  -33.724    10.202     0.060     3.000         0
  -33.928    10.215     0.060     3.000         0
  -34.120    10.251     0.060     3.000         0
  -34.288    10.274     0.060     3.000         0
  -34.483    10.287     0.060     3.000         0
  -34.684    10.310     0.060     3.000         0
  -34.849    10.343     0.060     3.000         0
  -35.043    10.375     0.060     3.000         0
  -35.247    10.399     0.060     3.000         0
  -35.412    10.402     0.060     3.000         0
  -35.607    10.444     0.060     3.000         0
  -35.781    10.458     0.060     3.000         0
  -35.976    10.489     0.060     3.000         0
  -36.168    10.494     0.060     3.000         0
  -36.346    10.533     0.060     3.000         0
  -36.539    10.543     0.060     3.000         0
  -36.731    10.559     0.060     3.000         0
  -36.926    10.580     0.060     3.000         0
  -37.100    10.602     0.060     3.000         0
  -37.295    10.633     0.060     3.000         0
  -37.487    10.648     0.060     3.000         0
  -37.682    10.689     0.060     3.000         0
  -37.882    10.695     0.060     3.000         0
  -38.076    10.715     0.060     3.000         0
  -38.245    10.731     0.060     3.000         0
  -38.437    10.766     0.060     3.000         0
  -38.640    10.801     0.060     3.000         0
  -38.832    10.814     0.060     3.000         0
  -39.027    10.833     0.060     3.000         0
  -39.219    10.866     0.060     3.000         0
  -39.396    10.881     0.060     3.000         0
  -39.588    10.914     0.060     3.000         0
  -39.782    10.928     0.060     3.000         0
  -39.977    10.961     0.060     3.000         0
  -40.177    10.965     0.060     3.000         0
  -40.372    10.989     0.060     3.000         0
  -40.564    11.017     0.060     3.000         0
  -40.759    11.025     0.060     3.000         0
  -40.959    11.054     0.060     3.000         0
  -41.153    11.068     0.060     3.000         0
  -41.348    11.096     0.060     3.000         0
  -41.540    11.112     0.060     3.000         0
  -41.735    11.144     0.060     3.000         0
  -41.935    11.166     0.060     3.000         0
  -42.130    11.168     0.060     3.000         0
  -42.348    11.182     0.060     3.000         0
  -42.543    11.209     0.060     3.000         0
  -42.737    11.233     0.060     3.000         0
  -42.937    11.253     0.060     3.000         0
  -43.132    11.288     0.060     3.000         0
  -43.327    11.307     0.060     3.000         0
  -43.519    11.351     0.060     3.000         0
  -43.737    11.375     0.060     3.000         0
  -43.931    11.414     0.060     3.000         0
  -44.134    11.445     0.060     3.000         0
  -44.326    11.459     0.060     3.000         0
  -44.521    11.489     0.060     3.000         0
  -44.716    11.518     0.060     3.000         0
  -44.916    11.564     0.060     3.000         0
  -45.111    11.583     0.060     3.000         0
  -45.303    11.621     0.060     3.000         0
  -45.498    11.650     0.060     3.000         0
  -45.691    11.653     0.060     3.000         0
  -45.892    11.693     0.060     3.000         0
  -46.087    11.705     0.060     3.000         0
  -46.279    11.747     0.060     3.000         0
  -46.500    11.754     0.060     3.000         0
  -46.691    11.791     0.060     3.000         0
  -46.895    11.800     0.060     3.000         0
  -47.115    11.842     0.060     3.000         0
  -47.307    11.864     0.060     3.000         0
  -47.502    11.882     0.060     3.000         0
  -47.723    11.894     0.060     3.000         0
  -47.915    11.936     0.060     3.000         0
  -48.109    11.943     0.060     3.000         0
  -48.327    11.975     0.060     3.000         0
  -48.531    12.029     0.060     3.000         0
  -48.723    12.036     0.060     3.000         0
  -48.943    12.078     0.060     3.000         0
  -49.138    12.111     0.060     3.000         0
  -49.330    12.130     0.060     3.000         0
  -49.551    12.164     0.060     3.000         0
  -49.751    12.204     0.060     3.000         0
  -49.946    12.228     0.060     3.000         0
  -50.166    12.273     0.060     3.000         0
  -50.358    12.311     0.060     3.000         0
  -50.553    12.335     0.060     3.000         0
  -50.774    12.380     0.060     3.000         0
  -50.966    12.413     0.060     3.000         0
  -51.169    12.439     0.060     3.000         0
  -51.390    12.489     0.060     3.000         0
  -51.582    12.519     0.060     3.000         0
  -51.776    12.546     0.060     3.000         0
  -51.994    12.566     0.060     3.000         0
  -52.189    12.592     0.060     3.000         0
  -52.410    12.608     0.060     3.000         0
  -52.610    12.623     0.060     3.000         0
  -52.828    12.666     0.060     3.000         0
  -53.023    12.685     0.060     3.000         0
  -53.217    12.700     0.060     3.000         0
  -53.409    12.733     0.060     3.000         0
  -53.630    12.747     0.060     3.000         0
  -53.825    12.766     0.060     3.000         0
  -54.025    12.806     0.060     3.000         0
  -54.246    12.827     0.060     3.000         0
  -54.438    12.854     0.060     3.000         0
  -54.633    12.895     0.060     3.000         0
  -54.851    12.927     0.060     3.000         0
  -55.045    12.963     0.060     3.000         0
  -55.249    12.987     0.060     3.000         0
  -55.467    13.008     0.060     3.000         0
  -55.661    13.045     0.060     3.000         0
  -55.853    13.066     0.060     3.000         0
  -56.074    13.098     0.060     3.000         0
  -56.268    13.140     0.060     3.000         0
  -56.268    13.125     0.060     3.000         0
  -56.681    13.199     0.060     3.000         0
  -56.885    13.241     0.060     3.000         0
  -57.076    13.269     0.060     3.000         0
  -57.298    13.294     0.060     3.000         0
  -57.493    13.329     0.060     3.000         0
  -57.684    13.358     0.060     3.000         0
  -57.887    13.389     0.060     3.000         0
  -58.105    13.428     0.060     3.000         0
  -58.300    13.482     0.060     3.000         0
  -58.492    13.521     0.060     3.000         0
  -58.713    13.561     0.060     3.000         0
  -58.908    13.585     0.060     3.000         0
  -59.099    13.605     0.060     3.000         0
  -59.319    13.655     0.060     3.000         0
  -59.520    13.667     0.060     3.000         0
  -59.715    13.693     0.060     3.000         0
  -59.936    13.734     0.060     3.000         0
  -60.128    13.759     0.060     3.000         0
  -60.349    13.789     0.060     3.000         0
  -60.541    13.820     0.060     3.000         0
  -60.744    13.848     0.060     3.000         0
  -60.964    13.883     0.060     3.000         0
  -61.156    13.894     0.060     3.000         0
  -61.351    13.945     0.060     3.000         0
  -61.572    13.976     0.060     3.000         0
  -61.764    14.002     0.060     3.000         0
  -61.985    14.022     0.060     3.000         0
  -62.179    14.051     0.060     3.000         0
  -62.379    14.076     0.060     3.000         0
  -62.601    14.115     0.060     3.000         0
  -62.792    14.144     0.060     3.000         0
  -62.987    14.148     0.060     3.000         0
  -63.205    14.196     0.060     3.000         0
  -63.400    14.215     0.060     3.000         0
  -63.601    14.230     0.060     3.000         0
  -63.822    14.278     0.060     3.000         0
  -64.016    14.306     0.060     3.000         0
  -64.234    14.313     0.060     3.000         0
  -64.429    14.356     0.060     3.000         0
  -64.624    14.380     0.060     3.000         0
  -64.842    14.402     0.060     3.000         0
  -65.037    14.408     0.060     3.000         0
  -65.237    14.425     0.060     3.000         0
  -65.457    14.449     0.060     3.000         0
  -65.652    14.466     0.060     3.000         0
  -65.844    14.501     0.060     3.000         0
  -66.065    14.521     0.060     3.000         0
  -66.260    14.527     0.060     3.000         0
  -66.478    14.556     0.060     3.000         0
  -66.682    14.574     0.060     3.000         0
  -66.902    14.583     0.060     3.000         0
  -67.093    14.609     0.060     3.000         0
  -67.288    14.614     0.060     3.000         0
  -67.506    14.638     0.060     3.000         0
  -67.701    14.663     0.060     3.000         0
  -67.922    14.682     0.060     3.000         0
  -68.114    14.699     0.060     3.000         0
  -68.334    14.715     0.060     3.000         0
  -68.535    14.733     0.060     3.000         0
  -68.730    14.771     0.060     3.000         0
  -68.948    14.791     0.060     3.000         0
  -69.143    14.799     0.060     3.000         0
  -69.338    14.821     0.060     3.000         0
  -69.556    14.857     0.060     3.000         0
  -69.759    14.879     0.060     3.000         0
  -69.951    14.895     0.060     3.000         0
  -70.171    14.911     0.060     3.000         0
  -70.366    14.958     0.060     3.000         0
  -70.584    14.973     0.060     3.000         0
  -70.779    14.996     0.060     3.000         0
  -70.971    15.019     0.060     3.000         0
  -71.192    15.062     0.060     3.000         0
  -71.395    15.087     0.060     3.000         0
  -71.586    15.090     0.060     3.000         0
  -71.808    15.133     0.060     3.000         0
  -71.999    15.176     0.060     3.000         0
  -72.194    15.210     0.060     3.000         0
  -72.416    15.236     0.060     3.000         0
  -72.616    15.276     0.060     3.000         0
  -72.811    15.325     0.060     3.000         0
  -73.031    15.355     0.060     3.000         0
  -73.223    15.398     0.060     3.000         0
  -73.418    15.426     0.060     3.000         0
  -73.610    15.459     0.060     3.000         0
  -73.831    15.472     0.060     3.000         0
  -74.031    15.512     0.060     3.000         0
  -74.226    15.539     0.060     3.000         0
  -74.420    15.600     0.060     3.000         0
  -74.612    15.626     0.060     3.000         0
  -74.833    15.679     0.060     3.000         0
  -75.034    15.712     0.060     3.000         0
  -75.229    15.741     0.060     3.000         0
  -75.424    15.759     0.060     3.000         0
  -75.615    15.777     0.060     3.000         0
  -75.810    15.801     0.060     3.000         0
  -76.013    15.841     0.060     3.000         0
  -76.205    15.856     0.060     3.000         0
  -76.400    15.880     0.060     3.000         0
  -76.592    15.930     0.060     3.000         0
  -76.795    15.936     0.060     3.000         0
  -76.987    15.960     0.060     3.000         0
  -77.182    16.000     0.060     3.000         0
  -77.374    16.014     0.060     3.000         0
  -77.568    16.054     0.060     3.000         0
  -77.769    16.077     0.060     3.000         0
  -77.990    16.125     0.060     3.000         0
  -78.185    16.147     0.060     3.000         0
  -78.376    16.184     0.060     3.000         0
  -78.571    16.211     0.060     3.000         0
  -78.775    16.235     0.060     3.000         0
  -78.967    16.271     0.060     3.000         0
  -79.159    16.297     0.060     3.000         0
  -79.353    16.328     0.060     3.000         0
  -79.548    16.354     0.060     3.000         0
  -79.748    16.382     0.060     3.000         0
  -79.943    16.413     0.060     3.000         0
  -80.135    16.419     0.060     3.000         0
  -80.330    16.460     0.060     3.000         0
  -80.533    16.478     0.060     3.000         0
  -80.725    16.524     0.060     3.000         0
  -80.920    16.545     0.060     3.000         0
  -81.111    16.583     0.060     3.000         0
  -81.306    16.612     0.060     3.000         0
  -81.510    16.628     0.060     3.000         0
  -81.676    16.671     0.060     3.000         0
  -81.871    16.705     0.060     3.000         0
  -82.045    16.719     0.060     3.000         0
  -82.239    16.759     0.060     3.000         0
  -82.405    16.778     0.060     3.000         0
  -82.608    16.789     0.060     3.000         0
  -82.774    16.828     0.060     3.000         0
  -82.969    16.842     0.060     3.000         0
  -83.170    16.882     0.060     3.000         0
  -83.339    16.897     0.060     3.000         0
  -83.530    16.929     0.060     3.000         0
  -83.707    16.949     0.060     3.000         0
  -83.899    16.966     0.060     3.000         0
  -84.094    16.998     0.060     3.000         0
  -84.271    17.003     0.060     3.000         0
  -84.463    17.035     0.060     3.000         0
  -84.632    17.071     0.060     3.000         0
  -84.824    17.097     0.060     3.000         0
  -85.027    17.105     0.060     3.000         0
  -85.193    17.151     0.060     3.000         0
  -85.387    17.167     0.060     3.000         0
  -85.561    17.184     0.060     3.000         0
  -85.757    17.214     0.060     3.000         0
  -85.952    17.225     0.060     3.000         0
  -86.126    17.242     0.060     3.000         0
  -86.321    17.287     0.060     3.000         0
  -86.487    17.293     0.060     3.000         0
  -86.689    17.339     0.060     3.000         0
  -86.884    17.348     0.060     3.000         0
  -87.050    17.392     0.060     3.000         0
  -87.245    17.421     0.060     3.000         0
  -87.446    17.452     0.060     3.000         0
  -87.641    17.491     0.060     3.000         0
  -87.806    17.495     0.060     3.000         0
  -88.010    17.546     0.060     3.000         0
  -88.202    17.570     0.060     3.000         0
  -88.370    17.582     0.060     3.000         0
  -88.565    17.624     0.060     3.000         0
  -88.765    17.647     0.060     3.000         0
  -88.934    17.650     0.060     3.000         0
  -89.126    17.671     0.060     3.000         0
  -89.330    17.719     0.060     3.000         0
  -89.521    17.741     0.060     3.000         0
  -89.715    17.762     0.060     3.000         0
  -89.907    17.789     0.060     3.000         0
  -90.102    17.791     0.060     3.000         0
  -90.306    17.824     0.060     3.000         0
  -90.472    17.856     0.060     3.000         0
  -90.667    17.882     0.060     3.000         0
  -90.867    17.889     0.060     3.000         0
  -91.062    17.930     0.060     3.000         0
  -91.254    17.941     0.060     3.000         0
  -91.448    17.972     0.060     3.000         0
  -91.643    18.013     0.060     3.000         0
  -91.817    18.036     0.060     3.000         0
  -92.012    18.047     0.060     3.000         0
  -92.187    18.070     0.060     3.000         0
  -92.382    18.091     0.060     3.000         0
  -92.574    18.117     0.060     3.000         0
  -92.768    18.143     0.060     3.000         0
  -92.963    18.169     0.060     3.000         0
  -93.163    18.196     0.060     3.000         0
  -93.358    18.237     0.060     3.000         0
  -93.550    18.247     0.060     3.000         0
  -93.745    18.284     0.060     3.000         0
  -17.518     8.106     0.060     4.000         0
  -17.684     8.129     0.060     4.000         0
  -17.887     8.131     0.060     4.000         0
  -18.055     8.160     0.060     4.000         0
  -18.247     8.175     0.060     4.000         0
  -18.424     8.180     0.060     4.000         0
  -18.590     8.183     0.060     4.000         0
  -18.785     8.199     0.060     4.000         0
  -18.959     8.213     0.060     4.000         0
  -19.128     8.227     0.060     4.000         0
  -19.319     8.253     0.060     4.000         0
  -19.496     8.268     0.060     4.000         0
  -19.661     8.294     0.060     4.000         0
  -19.865     8.294     0.060     4.000         0
  -20.030     8.310     0.060     4.000         0
  -20.199     8.337     0.060     4.000         0
  -20.399     8.367     0.060     4.000         0
  -20.568     8.411     0.060     4.000         0
  -20.746     8.432     0.060     4.000         0
  -20.937     8.479     0.060     4.000         0
  -21.103     8.492     0.060     4.000         0
  -21.279     8.547     0.060     4.000         0
  -21.471     8.575     0.060     4.000         0
  -21.640     8.620     0.060     4.000         0
  -21.814     8.635     0.060     4.000         0
  -22.009     8.695     0.060     4.000         0
  -22.178     8.730     0.060     4.000         0
  -22.352     8.756     0.060     4.000         0
  -22.546     8.791     0.060     4.000         0
  -22.720     8.846     0.060     4.000         0
  -22.889     8.891     0.060     4.000         0
  -23.080     8.925     0.060     4.000         0
  -23.258     8.955     0.060     4.000         0
  -23.450     8.978     0.060     4.000         0
  -23.618     9.011     0.060     4.000         0
  -23.793     9.045     0.060     4.000         0
  -23.961     9.078     0.060     4.000         0
  -24.153     9.116     0.060     4.000         0
  -24.329     9.151     0.060     4.000         0
  -24.495     9.193     0.060     4.000         0
  -24.699     9.233     0.060     4.000         0
    0.000     0.000     0.000        -1
