    0.000     1.000     0.000         0
    7.349     5.671     0.060     1.000         0
    7.158     5.568     0.060     1.000         0
    6.963     5.468     0.060     1.000         0
    6.771     5.360     0.060     1.000         0
    6.568     5.256     0.060     1.000         0
    6.374     5.153     0.060     1.000         0
    6.182     5.051     0.060     1.000         0
    5.988     4.947     0.060     1.000         0
    5.770     4.846     0.060     1.000         0
    5.575     4.776     0.060     1.000         0
    5.372     4.683     0.060     1.000         0
    5.180     4.585     0.060     1.000         0
    4.985     4.492     0.060     1.000         0
    4.793     4.395     0.060     1.000         0
    4.591     4.289     0.060     1.000         0
    4.396     4.202     0.060     1.000         0
    4.205     4.106     0.060     1.000         0
    4.010     4.019     0.060     1.000         0
    3.818     3.934     0.060     1.000         0
    3.615     3.853     0.060     1.000         0
    3.447     3.786     0.060     1.000         0
    3.273     3.717     0.060     1.000         0
    3.081     3.646     0.060     1.000         0
    2.913     3.584     0.060     1.000         0
    2.738     3.525     0.060     1.000         0
    2.544     3.466     0.060     1.000         0
    2.378     3.411     0.060     1.000         0
    2.201     3.357     0.060     1.000         0
    2.032     3.309     0.060     1.000         0
    1.858     3.270     0.060     1.000         0
    1.666     3.232     0.060     1.000         0
    1.499     3.199     0.060     1.000         0
    1.324     3.169     0.060     1.000         0
    1.156     3.145     0.060     1.000         0
    0.961     3.116     0.060     1.000         0
    0.787     3.106     0.060     1.000         0
    0.619     3.087     0.060     1.000         0
    0.444     3.073     0.060     1.000         0
    0.250     3.064     0.060     1.000         0
    0.085     3.042     0.060     1.000         0
   15.459     7.100     0.060     2.000         0
   15.258     7.070     0.060     2.000         0
   15.064     7.041     0.060     2.000         0
   14.869     7.006     0.060     2.000         0
   14.651     6.968     0.060     2.000         0
   14.456     6.934     0.060     2.000         0
   14.256     6.883     0.060     2.000         0
   14.061     6.844     0.060     2.000         0
   13.870     6.810     0.060     2.000         0
   13.676     6.781     0.060     2.000         0
   13.455     6.737     0.060     2.000         0
   13.263     6.703     0.060     2.000         0
   13.060     6.673     0.060     2.000         0
   12.868     6.639     0.060     2.000         0
   12.674     6.614     0.060     2.000         0
   12.456     6.576     0.060     2.000         0
   12.262     6.537     0.060     2.000         0
   12.059     6.506     0.060     2.000         0
   11.867     6.462     0.060     2.000         0
   11.672     6.438     0.060     2.000         0
   11.455     6.400     0.060     2.000         0
   11.260     6.360     0.060     2.000         0
   11.065     6.331     0.060     2.000         0
   10.865     6.301     0.060     2.000         0
   10.671     6.261     0.060     2.000         0
   10.450     6.227     0.060     2.000         0
   10.259     6.194     0.060     2.000         0
   10.064     6.159     0.060     2.000         0
    9.863     6.114     0.060     2.000         0
    9.669     6.090     0.060     2.000         0
    9.477     6.057     0.060     2.000         0
    9.283     6.023     0.060     2.000         0
    9.092     5.990     0.060     2.000         0
    8.914     5.959     0.060     2.000         0
    8.720     5.926     0.060     2.000         0
    8.528     5.892     0.060     2.000         0
    8.324     5.837     0.060     2.000         0
    8.133     5.804     0.060     2.000         0
    7.938     5.790     0.060     2.000         0
    7.744     5.757     0.060     2.000         0
    7.553     5.713     0.060     2.000         0
   36.778     9.628     0.060     3.000         0
   36.583     9.608     0.060     3.000         0
   36.391     9.562     0.060     3.000         0
   36.197     9.537     0.060     3.000         0
   35.996     9.507     0.060     3.000         0
   35.776     9.484     0.060     3.000         0
   35.581     9.465     0.060     3.000         0
   35.389     9.450     0.060     3.000         0
   35.196     9.436     0.060     3.000         0
   35.004     9.411     0.060     3.000         0
   34.801     9.374     0.060     3.000         0
   34.609     9.350     0.060     3.000         0
   34.414     9.304     0.060     3.000         0
   34.223     9.285     0.060     3.000         0
   34.019     9.234     0.060     3.000         0
   33.828     9.210     0.060     3.000         0
   33.634     9.177     0.060     3.000         0
   33.439     9.132     0.060     3.000         0
   33.248     9.089     0.060     3.000         0
   33.044     9.045     0.060     3.000         0
   32.853     9.013     0.060     3.000         0
   32.658     8.991     0.060     3.000         0
   32.440     8.960     0.060     3.000         0
   32.246     8.943     0.060     3.000         0
   32.043     8.905     0.060     3.000         0
   31.852     8.907     0.060     3.000         0
   31.657     8.890     0.060     3.000         0
   31.462     8.874     0.060     3.000         0
   31.271     8.869     0.060     3.000         0
   31.067     8.874     0.060     3.000         0
   30.876     8.864     0.060     3.000         0
   30.682     8.834     0.060     3.000         0
   30.461     8.827     0.060     3.000         0
   30.270     8.812     0.060     3.000         0
   30.066     8.808     0.060     3.000         0
   29.875     8.785     0.060     3.000         0
   29.654     8.770     0.060     3.000         0
   29.459     8.744     0.060     3.000         0
   29.268     8.729     0.060     3.000         0
   29.048     8.690     0.060     3.000         0
   28.856     8.650     0.060     3.000         0
   28.653     8.617     0.060     3.000         0
   28.461     8.587     0.060     3.000         0
   28.240     8.561     0.060     3.000         0
   28.046     8.538     0.060     3.000         0
   27.854     8.485     0.060     3.000         0
   27.652     8.451     0.060     3.000         0
   27.434     8.433     0.060     3.000         0
   27.239     8.400     0.060     3.000         0
   27.044     8.356     0.060     3.000         0
   26.827     8.348     0.060     3.000         0
   26.632     8.332     0.060     3.000         0
   26.440     8.328     0.060     3.000         0
   26.237     8.293     0.060     3.000         0
   26.017     8.278     0.060     3.000         0
   25.826     8.274     0.060     3.000         0
   25.631     8.245     0.060     3.000         0
   25.439     8.226     0.060     3.000         0
   25.236     8.211     0.060     3.000         0
   25.018     8.194     0.060     3.000         0
   24.823     8.177     0.060     3.000         0
   24.632     8.191     0.060     3.000         0
   24.438     8.174     0.060     3.000         0
   24.217     8.155     0.060     3.000         0
   24.023     8.115     0.060     3.000         0
   23.822     8.084     0.060     3.000         0
   23.601     8.061     0.060     3.000         0
   23.407     8.041     0.060     3.000         0
   23.215     8.015     0.060     3.000         0
   23.021     7.979     0.060     3.000         0
   22.804     7.956     0.060     3.000         0
   22.603     7.934     0.060     3.000         0
   22.408     7.903     0.060     3.000         0
   22.188     7.879     0.060     3.000         0
   21.970     7.876     0.060     3.000         0
   21.775     7.845     0.060     3.000         0
   21.582     7.813     0.060     3.000         0
   21.364     7.808     0.060     3.000         0
   21.169     7.776     0.060     3.000         0
   20.948     7.751     0.060     3.000         0
   20.748     7.741     0.060     3.000         0
   20.527     7.729     0.060     3.000         0
   20.335     7.704     0.060     3.000         0
   20.141     7.676     0.060     3.000         0
   19.923     7.670     0.060     3.000         0
   19.729     7.652     0.060     3.000         0
   19.508     7.626     0.060     3.000         0
   19.308     7.601     0.060     3.000         0
   19.087     7.573     0.060     3.000         0
   18.892     7.534     0.060     3.000         0
   18.675     7.491     0.060     3.000         0
   18.481     7.480     0.060     3.000         0
   18.289     7.430     0.060     3.000         0
   18.068     7.396     0.060     3.000         0
   17.874     7.376     0.060     3.000         0
   17.673     7.334     0.060     3.000         0
   17.453     7.304     0.060     3.000         0
   17.261     7.279     0.060     3.000         0
   17.066     7.239     0.060     3.000         0
   16.846     7.211     0.060     3.000         0
   16.655     7.181     0.060     3.000         0
   16.451     7.155     0.060     3.000         0
   16.260     7.134     0.060     3.000         0
   16.065     7.112     0.060     3.000         0
   15.847     7.104     0.060     3.000         0
   15.652     7.127     0.060     3.000         0
   15.847     7.191     0.060     4.000         0
   15.652     7.150     0.060     4.000         0
   15.459     7.139     0.060     4.000         0
   15.258     7.107     0.060     4.000         0
   15.064     7.076     0.060     4.000         0
   14.869     7.045     0.060     4.000         0
   14.651     7.010     0.060     4.000         0
   14.456     6.979     0.060     4.000         0
   14.256     6.947     0.060     4.000         0
   14.061     6.916     0.060     4.000         0
   13.870     6.886     0.060     4.000         0
   13.676     6.855     0.060     4.000         0
   13.455     6.820     0.060     4.000         0
   13.263     6.784     0.060     4.000         0
   13.060     6.752     0.060     4.000         0
   12.868     6.721     0.060     4.000         0
   12.674     6.690     0.060     4.000         0
   12.456     6.655     0.060     4.000         0
   12.262     6.624     0.060     4.000         0
   12.059     6.597     0.060     4.000         0
   11.867     6.561     0.060     4.000         0
   11.672     6.530     0.060     4.000         0
   11.455     6.495     0.060     4.000         0
   11.260     6.464     0.060     4.000         0
   11.065     6.433     0.060     4.000         0
   10.865     6.406     0.060     4.000         0
   10.671     6.375     0.060     4.000         0
   10.450     6.340     0.060     4.000         0
    0.000    -1.000     0.000         0
   -0.093     3.040     0.060     1.000         0
   -0.257     3.046     0.060     1.000         0
   -0.461     3.076     0.060     1.000         0
   -0.626     3.092     0.060     1.000         0
   -0.795     3.119     0.060     1.000         0
   -0.995     3.139     0.060     1.000         0
   -1.164     3.164     0.060     1.000         0
   -1.338     3.190     0.060     1.000         0
   -1.506     3.225     0.060     1.000         0
   -1.671     3.262     0.060     1.000         0
   -1.875     3.318     0.060     1.000         0
   -2.040     3.375     0.060     1.000         0
   -2.218     3.426     0.060     1.000         0
   -2.412     3.471     0.060     1.000         0
   -2.578     3.532     0.060     1.000         0
   -2.752     3.576     0.060     1.000         0
   -2.946     3.636     0.060     1.000         0
   -3.115     3.694     0.060     1.000         0
   -3.289     3.745     0.060     1.000         0
   -3.484     3.812     0.060     1.000         0
   -3.649     3.880     0.060     1.000         0
   -3.853     3.962     0.060     1.000         0
   -4.018     4.037     0.060     1.000         0
   -4.213     4.125     0.060     1.000         0
   -4.387     4.213     0.060     1.000         0
   -4.581     4.291     0.060     1.000         0
   -4.746     4.376     0.060     1.000         0
   -4.950     4.471     0.060     1.000         0
   -5.116     4.558     0.060     1.000         0
   -5.310     4.653     0.060     1.000         0
   -5.488     4.744     0.060     1.000         0
   -5.679     4.811     0.060     1.000         0
   -5.847     4.898     0.060     1.000         0
   -6.047     4.986     0.060     1.000         0
   -6.216     5.080     0.060     1.000         0
   -6.408     5.204     0.060     1.000         0
   -6.585     5.299     0.060     1.000         0
   -6.777     5.360     0.060     1.000         0
   -7.120     5.530     0.060     2.000         0
   -7.314     5.577     0.060     2.000         0
   -7.489     5.601     0.060     2.000         0
   -7.682     5.649     0.060     2.000         0
   -7.848     5.681     0.060     2.000         0
   -8.043     5.714     0.060     2.000         0
   -8.243     5.748     0.060     2.000         0
   -8.412     5.785     0.060     2.000         0
   -8.606     5.818     0.060     2.000         0
   -8.781     5.852     0.060     2.000         0
   -8.975     5.890     0.060     2.000         0
   -9.166     5.932     0.060     2.000         0
   -9.361     5.975     0.060     2.000         0
   -9.564     6.014     0.060     2.000         0
   -9.730     6.026     0.060     2.000         0
   -9.925     6.074     0.060     2.000         0
  -10.125     6.117     0.060     2.000         0
  -10.320     6.164     0.060     2.000         0
  -10.512     6.210     0.060     2.000         0
  -10.705     6.261     0.060     2.000         0
  -10.897     6.307     0.060     2.000         0
  -11.075     6.349     0.060     2.000         0
  -11.269     6.391     0.060     2.000         0
  -11.461     6.442     0.060     2.000         0
  -11.665     6.490     0.060     2.000         0
  -11.856     6.539     0.060     2.000         0
  -12.050     6.590     0.060     2.000         0
  -12.242     6.635     0.060     2.000         0
  -12.436     6.680     0.060     2.000         0
  -12.640     6.728     0.060     2.000         0
  -12.832     6.763     0.060     2.000         0
  -13.026     6.815     0.060     2.000         0
  -13.218     6.857     0.060     2.000         0
  -13.422     6.901     0.060     2.000         0
  -13.615     6.943     0.060     2.000         0
  -13.807     6.965     0.060     2.000         0
  -14.028     7.033     0.060     2.000         0
  -14.220     7.055     0.060     2.000         0
  -14.415     7.108     0.060     2.000         0
  -14.618     7.146     0.060     2.000         0
  -14.810     7.211     0.060     2.000         0
  -15.004     7.237     0.060     2.000         0
  -15.195     7.287     0.060     2.000         0
  -15.399     7.351     0.060     2.000         0
  -15.590     7.396     0.060     2.000         0
  -15.785     7.442     0.060     2.000         0
  -15.980     7.483     0.060     2.000         0
  -16.172     7.524     0.060     2.000         0
  -16.375     7.572     0.060     2.000         0
  -16.567     7.589     0.060     2.000         0
  -16.761     7.625     0.060     2.000         0
  -16.956     7.682     0.060     2.000         0
  -17.156     7.705     0.060     2.000         0
  -17.351     7.747     0.060     2.000         0
  -17.542     7.776     0.060     2.000         0
  -17.737     7.820     0.060     2.000         0
  -17.931     7.839     0.060     2.000         0
  -18.149     7.877     0.060     2.000         0
  -18.352     7.932     0.060     2.000         0
  -18.544     7.966     0.060     2.000         0
  -18.739     7.990     0.060     2.000         0
  -18.934     8.025     0.060     2.000         0
  -19.134     8.050     0.060     2.000         0
  -19.329     8.060     0.060     2.000         0
  -19.521     8.085     0.060     2.000         0
  -19.712     8.124     0.060     2.000         0
  -19.906     8.149     0.060     2.000         0
  -20.110     8.155     0.060     2.000         0
  -20.301     8.184     0.060     2.000         0
  -20.499     8.225     0.060     2.000         0
  -20.717     8.243     0.060     2.000         0
  -20.909     8.267     0.060     2.000         0
  -21.111     8.293     0.060     2.000         0
  -21.332     8.305     0.060     3.000         0
  -21.524     8.333     0.060     3.000         0
  -21.719     8.362     0.060     3.000         0
  -21.911     8.381     0.060     3.000         0
  -22.105     8.400     0.060     3.000         0
  -22.309     8.414     0.060     3.000         0
  -22.527     8.431     0.060     3.000         0
  -22.721     8.457     0.060     3.000         0
  -22.912     8.463     0.060     3.000         0
  -23.133     8.482     0.060     3.000         0
  -23.325     8.488     0.060     3.000         0
  -23.528     8.521     0.060     3.000         0
  -23.723     8.532     0.060     3.000         0
  -23.915     8.558     0.060     3.000         0
  -24.135     8.567     0.060     3.000         0
  -24.327     8.601     0.060     3.000         0
  -24.521     8.620     0.060     3.000         0
  -24.725     8.636     0.060     3.000         0
  -24.917     8.665     0.060     3.000         0
  -25.112     8.694     0.060     3.000         0
  -25.306     8.723     0.060     3.000         0
  -25.481     8.764     0.060     3.000         0
  -25.672     8.782     0.060     3.000         0
  -25.840     8.828     0.060     3.000         0
  -26.044     8.853     0.060     3.000         0
  -26.209     8.872     0.060     3.000         0
  -26.404     8.901     0.060     3.000         0
  -26.578     8.926     0.060     3.000         0
  -26.747     8.941     0.060     3.000         0
  -26.939     8.947     0.060     3.000         0
  -27.115     8.983     0.060     3.000         0
  -27.281     9.003     0.060     3.000         0
  -27.484     9.034     0.060     3.000         0
  -27.650     9.074     0.060     3.000         0
  -27.818     9.104     0.060     3.000         0
  -28.019     9.131     0.060     3.000         0
  -28.214     9.167     0.060     3.000         0
  -28.379     9.207     0.060     3.000         0
  -28.583     9.255     0.060     3.000         0
  -28.750     9.275     0.060     3.000         0
  -28.942     9.321     0.060     3.000         0
  -29.120     9.343     0.060     3.000         0
  -29.285     9.373     0.060     3.000         0
  -29.480     9.396     0.060     3.000         0
  -29.654     9.417     0.060     3.000         0
  -29.823     9.427     0.060     3.000         0
  -30.015     9.465     0.060     3.000         0
  -30.191     9.484     0.060     3.000         0
  -30.357     9.498     0.060     3.000         0
  -30.560     9.541     0.060     3.000         0
  -30.726     9.545     0.060     3.000         0
  -30.894     9.568     0.060     3.000         0
  -31.095     9.607     0.060     3.000         0
  -31.264     9.629     0.060     3.000         0
  -31.441     9.653     0.060     3.000         0
  -31.633     9.653     0.060     3.000         0
  -31.798     9.680     0.060     3.000         0
  -31.975     9.709     0.060     3.000         0
  -32.166     9.751     0.060     3.000         0
  -32.335     9.779     0.060     3.000         0
  -32.509     9.793     0.060     3.000         0
  -32.704     9.831     0.060     3.000         0
  -32.873     9.876     0.060     3.000         0
  -33.047     9.901     0.060     3.000         0
  -33.241     9.946     0.060     3.000         0
  -33.415     9.977     0.060     3.000         0
  -33.584    10.010     0.060     3.000         0
  -33.776    10.027     0.060     3.000         0
  -33.953    10.067     0.060     3.000         0
  -34.145    10.103     0.060     3.000         0
  -34.314    10.126     0.060     3.000         0
  -34.488    10.139     0.060     3.000         0
  -34.657    10.155     0.060     3.000         0
  -34.848    10.184     0.060     3.000         0
  -35.025    10.230     0.060     3.000         0
  -35.190    10.245     0.060     3.000         0
  -35.394    10.285     0.060     3.000         0
  -35.563    10.309     0.060     3.000         0
  -35.754    10.366     0.060     3.000         0
  -35.929    10.381     0.060     3.000         0
  -36.097    10.424     0.060     3.000         0
  -36.291    10.469     0.060     3.000         0
  -36.465    10.485     0.060     3.000         0
  -36.634    10.525     0.060     3.000         0
  -36.826    10.564     0.060     3.000         0
  -37.003    10.586     0.060     3.000         0
  -37.195    10.613     0.060     3.000         0
  -37.373    10.608     0.060     3.000         0
  -37.564    10.625     0.060     3.000         0
  -37.733    10.640     0.060     3.000         0
  -37.907    10.665     0.060     3.000         0
  -38.101    10.696     0.060     3.000         0
  -38.267    10.694     0.060     3.000         0
  -38.470    10.730     0.060     3.000         0
  -38.639    10.743     0.060     3.000         0
  -38.805    10.775     0.060     3.000         0
  -39.005    10.801     0.060     3.000         0
  -39.174    10.823     0.060     3.000         0
  -39.348    10.826     0.060     3.000         0
  -39.542    10.861     0.060     3.000         0
  -39.707    10.889     0.060     3.000         0
  -39.902    10.911     0.060     3.000         0
  -40.080    10.956     0.060     3.000         0
  -40.245    10.968     0.060     3.000         0
  -40.449    11.012     0.060     3.000         0
  -40.615    11.024     0.060     3.000         0
  -40.780    11.046     0.060     3.000         0
  -40.984    11.073     0.060     3.000         0
  -41.149    11.094     0.060     3.000         0
  -41.343    11.140     0.060     3.000         0
  -41.521    11.163     0.060     3.000         0
  -41.686    11.175     0.060     3.000         0
  -41.881    11.195     0.060     3.000         0
  -42.055    11.212     0.060     3.000         0
  -42.224    11.239     0.060     3.000         0
  -42.424    11.274     0.060     3.000         0
  -42.592    11.281     0.060     3.000         0
  -42.784    11.325     0.060     3.000         0
  -42.961    11.338     0.060     3.000         0
  -43.153    11.355     0.060     3.000         0
  -43.322    11.370     0.060     3.000         0
  -43.525    11.409     0.060     3.000         0
  -43.691    11.433     0.060     3.000         0
  -43.886    11.441     0.060     3.000         0
  -44.060    11.462     0.060     3.000         0
  -44.254    11.479     0.060     3.000         0
  -44.420    11.499     0.060     3.000         0
  -44.623    11.523     0.060     3.000         0
  -44.815    11.565     0.060     3.000         0
  -44.984    11.565     0.060     3.000         0
  -45.179    11.598     0.060     3.000         0
  -45.379    11.612     0.060     3.000         0
  -45.545    11.652     0.060     3.000         0
  -45.738    11.676     0.060     3.000         0
  -45.942    11.701     0.060     3.000         0
  -46.108    11.721     0.060     3.000         0
  -46.303    11.744     0.060     3.000         0
  -46.477    11.766     0.060     3.000         0
  -46.672    11.789     0.060     3.000         0
  -46.863    11.792     0.060     3.000         0
  -47.041    11.829     0.060     3.000         0
  -47.235    11.848     0.060     3.000         0
  -47.427    11.859     0.060     3.000         0
  -47.621    11.901     0.060     3.000         0
  -47.796    11.901     0.060     3.000         0
  -47.991    11.944     0.060     3.000         0
  -48.182    11.945     0.060     3.000         0
  -48.377    11.973     0.060     3.000         0
  -48.578    11.990     0.060     3.000         0
  -48.772    12.017     0.060     3.000         0
  -48.940    12.052     0.060     3.000         0
  -49.132    12.063     0.060     3.000         0
  -49.336    12.087     0.060     3.000         0
  -49.527    12.108     0.060     3.000         0
  -49.722    12.131     0.060     3.000         0
  -49.914    12.143     0.060     3.000         0
  -50.092    12.173     0.060     3.000         0
  -50.283    12.189     0.060     3.000         0
  -50.477    12.226     0.060     3.000         0
  -50.672    12.238     0.060     3.000         0
  -50.872    12.261     0.060     3.000         0
  -51.067    12.273     0.060     3.000         0
  -51.259    12.315     0.060     3.000         0
  -51.454    12.317     0.060     3.000         0
  -51.655    12.355     0.060     3.000         0
  -51.848    12.372     0.060     3.000         0
  -52.043    12.372     0.060     3.000         0
  -52.235    12.382     0.060     3.000         0
  -52.430    12.402     0.060     3.000         0
  -17.931     8.042     0.060     4.000         0
  -18.149     8.067     0.060     4.000         0
  -18.352     8.070     0.060     4.000         0
  -18.544     8.087     0.060     4.000         0
  -18.739     8.105     0.060     4.000         0
  -18.934     8.122     0.060     4.000         0
  -19.134     8.140     0.060     4.000         0
  -19.329     8.157     0.060     4.000         0
  -19.521     8.175     0.060     4.000         0
  -19.712     8.212     0.060     4.000         0
  -19.906     8.229     0.060     4.000         0
  -20.110     8.247     0.060     4.000         0
  -20.301     8.264     0.060     4.000         0
  -20.499     8.282     0.060     4.000         0
  -20.717     8.301     0.060     4.000         0
  -20.909     8.304     0.060     4.000         0
  -21.111     8.337     0.060     4.000         0
  -21.332     8.346     0.060     4.000         0
    0.000     0.000     0.000        -1
