    0.000     1.000     0.000         0
    4.983     4.460     0.060     1.000         0
    4.764     4.363     0.060     1.000         0
    4.572     4.273     0.060     1.000         0
    4.377     4.176     0.060     1.000         0
    4.186     4.075     0.060     1.000         0
    3.982     3.978     0.060     1.000         0
    3.764     3.899     0.060     1.000         0
    3.570     3.815     0.060     1.000         0
    3.378     3.732     0.060     1.000         0
    3.184     3.629     0.060     1.000         0
    2.964     3.549     0.060     1.000         0
    2.769     3.485     0.060     1.000         0
    2.569     3.450     0.060     1.000         0
    2.348     3.394     0.060     1.000         0
    2.154     3.330     0.060     1.000         0
    1.962     3.277     0.060     1.000         0
    1.768     3.223     0.060     1.000         0
    1.550     3.181     0.060     1.000         0
    1.350     3.146     0.060     1.000         0
    1.155     3.108     0.060     1.000         0
    0.934     3.080     0.060     1.000         0
    0.716     3.048     0.060     1.000         0
    0.522     3.028     0.060     1.000         0
    0.329     3.009     0.060     1.000         0
    0.110     3.002     0.060     1.000         0
   73.673    14.170     0.060     3.000         0
   73.455    14.152     0.060     3.000         0
   73.252    14.106     0.060     3.000         0
   73.057    14.101     0.060     3.000         0
   72.892    14.062     0.060     3.000         0
   72.692    14.037     0.060     3.000         0
   72.497    14.012     0.060     3.000         0
   72.329    13.998     0.060     3.000         0
   72.137    13.969     0.060     3.000         0
   71.937    13.965     0.060     3.000         0
   71.743    13.946     0.060     3.000         0
   71.549    13.913     0.060     3.000         0
   71.331    13.891     0.060     3.000         0
   71.137    13.892     0.060     3.000         0
   70.934    13.862     0.060     3.000         0
   70.716    13.816     0.060     3.000         0
   70.522    13.791     0.060     3.000         0
   70.331    13.776     0.060     3.000         0
   70.110    13.720     0.060     3.000         0
   69.916    13.690     0.060     3.000         0
   69.698    13.674     0.060     3.000         0
   69.504    13.634     0.060     3.000         0
   69.300    13.583     0.060     3.000         0
   69.083    13.540     0.060     3.000         0
   68.889    13.502     0.060     3.000         0
   68.671    13.468     0.060     3.000         0
   68.477    13.431     0.060     3.000         0
   68.285    13.364     0.060     3.000         0
   68.065    13.323     0.060     3.000         0
   67.864    13.259     0.060     3.000         0
   67.644    13.214     0.060     3.000         0
   67.450    13.183     0.060     3.000         0
   67.259    13.123     0.060     3.000         0
   67.038    13.076     0.060     3.000         0
   66.844    13.045     0.060     3.000         0
   66.652    13.005     0.060     3.000         0
   66.432    12.986     0.060     3.000         0
   66.228    12.988     0.060     3.000         0
   66.037    12.972     0.060     3.000         0
   65.819    12.973     0.060     3.000         0
   65.626    12.963     0.060     3.000         0
   65.431    12.942     0.060     3.000         0
   65.213    12.898     0.060     3.000         0
   65.010    12.897     0.060     3.000         0
   64.790    12.872     0.060     3.000         0
   64.598    12.843     0.060     3.000         0
   64.404    12.817     0.060     3.000         0
   64.213    12.801     0.060     3.000         0
   63.992    12.781     0.060     3.000         0
   63.801    12.786     0.060     3.000         0
   63.597    12.749     0.060     3.000         0
   63.380    12.740     0.060     3.000         0
   63.182    12.722     0.060     3.000         0
   62.991    12.695     0.060     3.000         0
   62.797    12.698     0.060     3.000         0
   62.579    12.657     0.060     3.000         0
   62.376    12.649     0.060     3.000         0
   62.159    12.623     0.060     3.000         0
   61.964    12.610     0.060     3.000         0
   61.746    12.579     0.060     3.000         0
   61.552    12.582     0.060     3.000         0
   61.358    12.564     0.060     3.000         0
   61.141    12.523     0.060     3.000         0
   60.946    12.511     0.060     3.000         0
   60.746    12.497     0.060     3.000         0
   60.551    12.473     0.060     3.000         0
   60.360    12.450     0.060     3.000         0
   60.162    12.421     0.060     3.000         0
   59.945    12.388     0.060     3.000         0
   59.742    12.357     0.060     3.000         0
   59.525    12.314     0.060     3.000         0
   59.330    12.256     0.060     3.000         0
   59.139    12.209     0.060     3.000         0
   58.918    12.123     0.060     3.000         0
   58.723    12.048     0.060     3.000         0
   58.532    11.985     0.060     3.000         0
   58.312    11.943     0.060     3.000         0
   58.112    11.931     0.060     3.000         0
   57.917    11.899     0.060     3.000         0
   57.700    11.886     0.060     3.000         0
   57.505    11.884     0.060     3.000         0
   57.285    11.880     0.060     3.000         0
   57.093    11.888     0.060     3.000         0
   56.872    11.864     0.060     3.000         0
   56.670    11.872     0.060     3.000         0
   56.452    11.847     0.060     3.000         0
   56.258    11.836     0.060     3.000         0
   56.040    11.829     0.060     3.000         0
   55.846    11.800     0.060     3.000         0
   55.625    11.787     0.060     3.000         0
   55.433    11.757     0.060     3.000         0
   55.216    11.753     0.060     3.000         0
   55.019    11.723     0.060     3.000         0
   54.801    11.695     0.060     3.000         0
   54.598    11.674     0.060     3.000         0
   54.380    11.651     0.060     3.000         0
   54.160    11.622     0.060     3.000         0
   53.968    11.598     0.060     3.000         0
   53.748    11.589     0.060     3.000         0
   53.554    11.559     0.060     3.000         0
   53.362    11.535     0.060     3.000         0
   53.142    11.519     0.060     3.000         0
   52.924    11.488     0.060     3.000         0
   52.721    11.459     0.060     3.000         0
   52.500    11.439     0.060     3.000         0
   52.309    11.397     0.060     3.000         0
   52.089    11.372     0.060     3.000         0
   51.894    11.363     0.060     3.000         0
   51.677    11.321     0.060     3.000         0
   51.456    11.309     0.060     3.000         0
   51.264    11.288     0.060     3.000         0
   51.044    11.253     0.060     3.000         0
   50.823    11.218     0.060     3.000         0
   50.631    11.178     0.060     3.000         0
   50.412    11.146     0.060     3.000         0
   50.194    11.104     0.060     3.000         0
   49.991    11.075     0.060     3.000         0
   49.770    11.052     0.060     3.000         0
   49.552    11.032     0.060     3.000         0
   49.358    11.023     0.060     3.000         0
   49.138    11.002     0.060     3.000         0
   48.920    10.972     0.060     3.000         0
   48.726    10.949     0.060     3.000         0
   48.508    10.933     0.060     3.000         0
   48.288    10.897     0.060     3.000         0
   48.067    10.869     0.060     3.000         0
   47.875    10.864     0.060     3.000         0
   47.655    10.842     0.060     3.000         0
   47.435    10.809     0.060     3.000         0
   47.235    10.795     0.060     3.000         0
   47.040    10.751     0.060     3.000         0
   47.040    10.751     0.060     3.000         0
   46.628    10.711     0.060     3.000         0
   46.407    10.668     0.060     3.000         0
   46.216    10.644     0.060     3.000         0
   45.996    10.625     0.060     3.000         0
   45.804    10.586     0.060     3.000         0
   45.601    10.570     0.060     3.000         0
   45.383    10.543     0.060     3.000         0
   45.189    10.498     0.060     3.000         0
   44.994    10.493     0.060     3.000         0
   44.773    10.450     0.060     3.000         0
   44.582    10.431     0.060     3.000         0
   44.362    10.401     0.060     3.000         0
   44.162    10.383     0.060     3.000         0
   43.967    10.337     0.060     3.000         0
   43.750    10.317     0.060     3.000         0
   43.555    10.285     0.060     3.000         0
   43.360    10.254     0.060     3.000         0
   43.169    10.228     0.060     3.000         0
   42.949    10.208     0.060     3.000         0
   42.749    10.170     0.060     3.000         0
   42.554    10.144     0.060     3.000         0
   42.334    10.114     0.060     3.000         0
   42.142    10.097     0.060     3.000         0
   41.947    10.060     0.060     3.000         0
   41.730    10.039     0.060     3.000         0
   41.526     9.985     0.060     3.000         0
   41.333     9.953     0.060     3.000         0
   41.141     9.941     0.060     3.000         0
   40.947     9.893     0.060     3.000         0
   40.729     9.862     0.060     3.000         0
   40.534     9.851     0.060     3.000         0
   40.334     9.830     0.060     3.000         0
   40.113     9.786     0.060     3.000         0
   39.920     9.786     0.060     3.000         0
   39.702     9.762     0.060     3.000         0
   39.507     9.731     0.060     3.000         0
   39.313     9.703     0.060     3.000         0
   39.092     9.682     0.060     3.000         0
   29.382     8.486     0.060     7.000         0
   29.162     8.453     0.060     7.000         0
   28.971     8.426     0.060     7.000         0
   28.750     8.392     0.060     7.000         0
   28.558     8.340     0.060     7.000         0
   28.337     8.316     0.060     7.000         0
   28.117     8.291     0.060     7.000         0
   27.916     8.259     0.060     7.000         0
   27.697     8.244     0.060     7.000         0
   27.502     8.212     0.060     7.000         0
   27.281     8.187     0.060     7.000         0
   27.064     8.152     0.060     7.000         0
   26.872     8.126     0.060     7.000         0
   26.651     8.091     0.060     7.000         0
   26.430     8.066     0.060     7.000         0
   26.239     8.026     0.060     7.000         0
   26.019     7.992     0.060     7.000         0
   25.798     7.962     0.060     7.000         0
   25.604     7.932     0.060     7.000         0
   25.386     7.897     0.060     7.000         0
   25.165     7.867     0.060     7.000         0
   24.965     7.841     0.060     7.000         0
   24.745     7.816     0.060     7.000         0
   24.554     7.793     0.060     7.000         0
   24.333     7.765     0.060     7.000         0
   24.138     7.721     0.060     7.000         0
   23.917     7.703     0.060     7.000         0
   23.700     7.670     0.060     7.000         0
   23.505     7.632     0.060     7.000         0
   23.287     7.619     0.060     7.000         0
   23.085     7.594     0.060     7.000         0
   22.864     7.561     0.060     7.000         0
   22.673     7.523     0.060     7.000         0
   22.452     7.493     0.060     7.000         0
   22.257     7.434     0.060     7.000         0
   22.039     7.395     0.060     7.000         0
   21.848     7.368     0.060     7.000         0
   21.654     7.329     0.060     7.000         0
   21.433     7.306     0.060     7.000         0
   21.233     7.281     0.060     7.000         0
   21.038     7.262     0.060     7.000         0
   20.821     7.229     0.060     7.000         0
   20.626     7.190     0.060     7.000         0
   20.405     7.172     0.060     7.000         0
   20.214     7.144     0.060     7.000         0
   19.994     7.106     0.060     7.000         0
   19.791     7.073     0.060     7.000         0
   19.573     7.047     0.060     7.000         0
   19.378     7.020     0.060     7.000         0
   19.160     6.979     0.060     7.000         0
   18.966     6.948     0.060     7.000         0
   18.748     6.924     0.060     7.000         0
   18.554     6.889     0.060     7.000         0
   18.360     6.855     0.060     7.000         0
   18.142     6.821     0.060     7.000         0
   17.939     6.785     0.060     7.000         0
   17.747     6.746     0.060     7.000         0
   17.552     6.722     0.060     7.000         0
   17.332     6.682     0.060     7.000         0
   17.138     6.638     0.060     7.000         0
   16.940     6.614     0.060     7.000         0
   16.746     6.575     0.060     7.000         0
   16.525     6.541     0.060     7.000         0
   16.331     6.512     0.060     7.000         0
   16.136     6.469     0.060     7.000         0
   15.918     6.440     0.060     7.000         0
   15.727     6.402     0.060     7.000         0
   15.524     6.372     0.060     7.000         0
   15.330     6.340     0.060     7.000         0
   15.138     6.314     0.060     7.000         0
   14.943     6.272     0.060     7.000         0
   14.743     6.255     0.060     7.000         0
   14.522     6.228     0.060     7.000         0
   14.328     6.187     0.060     7.000         0
   14.136     6.175     0.060     7.000         0
   13.942     6.153     0.060     7.000         0
   13.751     6.126     0.060     7.000         0
   13.547     6.103     0.060     7.000         0
   13.356     6.059     0.060     7.000         0
   13.161     6.044     0.060     7.000         0
   12.969     6.005     0.060     7.000         0
   12.766     5.965     0.060     7.000         0
   12.574     5.928     0.060     7.000         0
   12.381     5.870     0.060     7.000         0
   12.186     5.837     0.060     7.000         0
   11.994     5.800     0.060     7.000         0
   11.791     5.759     0.060     7.000         0
   11.599     5.735     0.060     7.000         0
   11.405     5.701     0.060     7.000         0
   11.187     5.662     0.060     7.000         0
   10.992     5.628     0.060     7.000         0
   10.790     5.603     0.060     7.000         0
   10.598     5.584     0.060     7.000         0
   10.404     5.555     0.060     7.000         0
   10.209     5.535     0.060     7.000         0
   10.017     5.523     0.060     7.000         0
    9.814     5.508     0.060     7.000         0
    9.622     5.491     0.060     7.000         0
    9.429     5.478     0.060     7.000         0
    9.208     5.451     0.060     7.000         0
    9.016     5.428     0.060     7.000         0
    8.813     5.387     0.060     7.000         0
    8.621     5.354     0.060     7.000         0
    8.400     5.307     0.060     7.000         0
    8.206     5.263     0.060     7.000         0
    8.014     5.219     0.060     7.000         0
    7.794     5.173     0.060     7.000         0
    7.603     5.129     0.060     7.000         0
    7.399     5.078     0.060     7.000         0
    7.208     5.039     0.060     7.000         0
    6.987     4.983     0.060     7.000         0
    6.792     4.944     0.060     7.000         0
    6.600     4.900     0.060     7.000         0
    6.398     4.849     0.060     7.000         0
    6.180     4.794     0.060     7.000         0
    5.986     4.750     0.060     7.000         0
    5.791     4.701     0.060     7.000         0
    5.573     4.646     0.060     7.000         0
    5.379     4.592     0.060     7.000         0
   33.431     9.108     0.060    10.000         0
   33.210     9.078     0.060    10.000         0
   32.992     9.073     0.060    10.000         0
   32.798     9.052     0.060    10.000         0
   32.577     9.021     0.060    10.000         0
   32.359     8.987     0.060    10.000         0
   32.166     8.970     0.060    10.000         0
   31.948     8.955     0.060    10.000         0
   31.727     8.924     0.060    10.000         0
   31.533     8.921     0.060    10.000         0
   31.315     8.890     0.060    10.000         0
   31.094     8.894     0.060    10.000         0
   30.892     8.855     0.060    10.000         0
   30.674     8.835     0.060    10.000         0
   30.453     8.819     0.060    10.000         0
   30.233     8.808     0.060    10.000         0
   30.015     8.792     0.060    10.000         0
   29.820     8.784     0.060    10.000         0
   29.600     8.748     0.060    10.000         0
   29.382     8.737     0.060    10.000         0
   29.162     8.720     0.060    10.000         0
   28.971     8.703     0.060    10.000         0
   28.750     8.676     0.060    10.000         0
   28.558     8.653     0.060    10.000         0
   28.337     8.632     0.060    10.000         0
   28.117     8.585     0.060    10.000         0
   27.916     8.586     0.060    10.000         0
   27.697     8.544     0.060    10.000         0
   27.502     8.526     0.060    10.000         0
   27.281     8.510     0.060    10.000         0
   27.064     8.473     0.060    10.000         0
   26.872     8.466     0.060    10.000         0
   26.651     8.444     0.060    10.000         0
   26.430     8.412     0.060    10.000         0
   26.239     8.390     0.060    10.000         0
   26.019     8.374     0.060    10.000         0
   25.798     8.349     0.060    10.000         0
   25.604     8.322     0.060    10.000         0
   25.386     8.312     0.060    10.000         0
   25.165     8.276     0.060    10.000         0
   24.965     8.264     0.060    10.000         0
   24.745     8.223     0.060    10.000         0
   24.554     8.202     0.060    10.000         0
   24.333     8.181     0.060    10.000         0
   24.138     8.170     0.060    10.000         0
   23.917     8.154     0.060    10.000         0
   23.700     8.153     0.060    10.000         0
   23.505     8.120     0.060    10.000         0
   23.287     8.109     0.060    10.000         0
   23.085     8.095     0.060    10.000         0
    0.000    -1.000     0.000         0
   -0.087     3.010     0.060     1.000         0
   -0.307     3.019     0.060     1.000         0
   -0.505     3.022     0.060     1.000         0
   -0.726     3.047     0.060     1.000         0
   -0.917     3.054     0.060     1.000         0
   -1.112     3.089     0.060     1.000         0
   -1.330     3.130     0.060     1.000         0
   -1.523     3.170     0.060     1.000         0
   -1.744     3.216     0.060     1.000         0
   -1.945     3.268     0.060     1.000         0
   -2.166     3.320     0.060     1.000         0
   -2.360     3.378     0.060     1.000         0
   -2.578     3.443     0.060     1.000         0
   -2.772     3.511     0.060     1.000         0
   -2.963     3.584     0.060     1.000         0
   -3.184     3.659     0.060     1.000         0
   -3.379     3.734     0.060     1.000         0
   -3.579     3.815     0.060     1.000         0
   -3.800     3.906     0.060     1.000         0
   -3.992     3.992     0.060     1.000         0
   -4.186     4.080     0.060     1.000         0
   -4.406     4.175     0.060     1.000         0
   -4.598     4.267     0.060     1.000         0
   -4.801     4.364     0.060     1.000         0
   -4.993     4.459     0.060     1.000         0
   -5.188     4.551     0.060     1.000         0
   -5.405     4.648     0.060     1.000         0
   -5.600     4.747     0.060     1.000         0
   -5.794     4.836     0.060     1.000         0
   -5.994     4.908     0.060     1.000         0
   -6.189     5.007     0.060     1.000         0
  -25.272     8.398     0.060     3.000         0
  -25.466     8.433     0.060     3.000         0
  -25.641     8.456     0.060     3.000         0
  -25.834     8.481     0.060     3.000         0
  -26.000     8.502     0.060     3.000         0
  -26.203     8.529     0.060     3.000         0
  -26.369     8.550     0.060     3.000         0
  -26.564     8.576     0.060     3.000         0
  -26.741     8.599     0.060     3.000         0
  -26.933     8.603     0.060     3.000         0
  -27.100     8.645     0.060     3.000         0
  -27.301     8.651     0.060     3.000         0
  -27.469     8.678     0.060     3.000         0
  -27.661     8.708     0.060     3.000         0
  -27.839     8.726     0.060     3.000         0
  -28.030     8.755     0.060     3.000         0
  -28.199     8.781     0.060     3.000         0
  -28.373     8.808     0.060     3.000         0
  -28.568     8.848     0.060     3.000         0
  -28.742     8.880     0.060     3.000         0
  -28.936     8.900     0.060     3.000         0
  -29.101     8.930     0.060     3.000         0
  -29.296     8.950     0.060     3.000         0
  -29.497     8.986     0.060     3.000         0
  -29.665     9.007     0.060     3.000         0
  -29.860     9.047     0.060     3.000         0
  -30.034     9.079     0.060     3.000         0
  -30.228     9.104     0.060     3.000         0
  -30.420     9.138     0.060     3.000         0
  -30.615     9.152     0.060     3.000         0
  -30.818     9.192     0.060     3.000         0
  -30.984     9.184     0.060     3.000         0
  -31.178     9.207     0.060     3.000         0
  -31.379     9.236     0.060     3.000         0
  -31.574     9.255     0.060     3.000         0
  -31.765     9.276     0.060     3.000         0
  -31.959     9.297     0.060     3.000         0
  -32.151     9.333     0.060     3.000         0
  -32.328     9.356     0.060     3.000         0
  -32.523     9.384     0.060     3.000         0
  -32.714     9.411     0.060     3.000         0
  -32.918     9.424     0.060     3.000         0
  -33.110     9.469     0.060     3.000         0
  -33.303     9.509     0.060     3.000         0
  -33.495     9.533     0.060     3.000         0
  -33.690     9.583     0.060     3.000         0
  -33.893     9.631     0.060     3.000         0
  -34.085     9.675     0.060     3.000         0
  -34.280     9.706     0.060     3.000         0
  -34.472     9.749     0.060     3.000         0
  -34.675     9.789     0.060     3.000         0
  -34.869     9.828     0.060     3.000         0
  -35.061     9.861     0.060     3.000         0
  -35.282     9.881     0.060     3.000         0
  -35.473     9.912     0.060     3.000         0
  -35.668     9.943     0.060     3.000         0
  -35.872     9.987     0.060     3.000         0
  -36.063    10.019     0.060     3.000         0
  -36.257    10.047     0.060     3.000         0
  -36.449    10.074     0.060     3.000         0
  -36.652    10.117     0.060     3.000         0
  -36.844    10.149     0.060     3.000         0
  -37.039    10.177     0.060     3.000         0
  -37.234    10.204     0.060     3.000         0
  -37.425    10.226     0.060     3.000         0
  -37.629    10.270     0.060     3.000         0
  -37.820    10.291     0.060     3.000         0
  -38.014    10.317     0.060     3.000         0
  -38.209    10.349     0.060     3.000         0
  -38.409    10.376     0.060     3.000         0
  -38.604    10.416     0.060     3.000         0
  -38.796    10.446     0.060     3.000         0
  -38.991    10.471     0.060     3.000         0
  -39.185    10.491     0.060     3.000         0
  -39.402    10.529     0.060     3.000         0
  -39.606    10.556     0.060     3.000         0
  -39.798    10.606     0.060     3.000         0
  -39.992    10.627     0.060     3.000         0
  -40.187    10.672     0.060     3.000         0
  -40.388    10.703     0.060     3.000         0
  -40.582    10.722     0.060     3.000         0
  -40.774    10.771     0.060     3.000         0
  -40.966    10.790     0.060     3.000         0
  -41.160    10.820     0.060     3.000         0
  -41.363    10.841     0.060     3.000         0
  -41.555    10.852     0.060     3.000         0
  -41.753    10.880     0.060     3.000         0
  -41.971    10.900     0.060     3.000         0
  -42.162    10.897     0.060     3.000         0
  -42.365    10.916     0.060     3.000         0
  -42.586    10.946     0.060     3.000         0
  -42.777    10.964     0.060     3.000         0
  -42.972    10.982     0.060     3.000         0
  -43.164    10.970     0.060     3.000         0
  -43.359    10.979     0.060     3.000         0
  -43.562    10.997     0.060     3.000         0
  -43.780    11.006     0.060     3.000         0
  -43.974    11.023     0.060     3.000         0
  -44.166    11.059     0.060     3.000         0
  -44.387    11.068     0.060     3.000         0
  -44.578    11.105     0.060     3.000         0
  -44.782    11.115     0.060     3.000         0
  -44.977    11.143     0.060     3.000         0
  -45.168    11.180     0.060     3.000         0
  -45.388    11.207     0.060     3.000         0
  -45.580    11.254     0.060     3.000         0
  -45.775    11.281     0.060     3.000         0
  -45.978    11.325     0.060     3.000         0
  -46.170    11.370     0.060     3.000         0
  -46.365    11.422     0.060     3.000         0
  -46.560    11.464     0.060     3.000         0
  -46.734    11.492     0.060     3.000         0
  -46.926    11.534     0.060     3.000         0
  -47.093    11.580     0.060     3.000         0
  -47.297    11.624     0.060     3.000         0
  -47.463    11.647     0.060     3.000         0
  -47.657    11.664     0.060     3.000         0
  -47.832    11.703     0.060     3.000         0
  -48.000    11.719     0.060     3.000         0
  -48.192    11.764     0.060     3.000         0
  -48.368    11.786     0.060     3.000         0
  -48.534    11.802     0.060     3.000         0
  -48.738    11.832     0.060     3.000         0
  -48.903    11.833     0.060     3.000         0
  -49.072    11.855     0.060     3.000         0
  -49.272    11.873     0.060     3.000         0
  -49.467    11.870     0.060     3.000         0
  -49.633    11.880     0.060     3.000         0
  -49.836    11.903     0.060     3.000         0
  -50.004    11.911     0.060     3.000         0
  -50.196    11.931     0.060     3.000         0
  -50.373    11.970     0.060     3.000         0
  -50.539    11.978     0.060     3.000         0
  -50.733    12.009     0.060     3.000         0
  -50.908    12.028     0.060     3.000         0
  -51.076    12.041     0.060     3.000         0
  -51.268    12.062     0.060     3.000         0
  -51.444    12.082     0.060     3.000         0
  -51.610    12.105     0.060     3.000         0
  -51.814    12.117     0.060     3.000         0
  -51.979    12.149     0.060     3.000         0
  -52.148    12.171     0.060     3.000         0
  -52.348    12.178     0.060     3.000         0
  -52.517    12.210     0.060     3.000         0
  -52.694    12.250     0.060     3.000         0
  -52.886    12.263     0.060     3.000         0
  -53.052    12.312     0.060     3.000         0
  -53.228    12.322     0.060     3.000         0
  -53.420    12.355     0.060     3.000         0
  -53.589    12.384     0.060     3.000         0
  -53.763    12.424     0.060     3.000         0
  -53.958    12.455     0.060     3.000         0
  -54.126    12.486     0.060     3.000         0
  -54.301    12.504     0.060     3.000         0
  -54.494    12.540     0.060     3.000         0
  -54.669    12.575     0.060     3.000         0
  -54.837    12.589     0.060     3.000         0
  -55.029    12.642     0.060     3.000         0
  -55.207    12.673     0.060     3.000         0
  -55.398    12.696     0.060     3.000         0
  -55.567    12.745     0.060     3.000         0
  -55.741    12.775     0.060     3.000         0
  -55.910    12.803     0.060     3.000         0
  -56.102    12.867     0.060     3.000         0
  -56.278    12.898     0.060     3.000         0
   -6.189     5.073     0.060     7.000         0
   -6.384     5.098     0.060     7.000         0
   -6.601     5.142     0.060     7.000         0
   -6.796     5.172     0.060     7.000         0
   -6.997     5.208     0.060     7.000         0
   -7.191     5.258     0.060     7.000         0
   -7.383     5.287     0.060     7.000         0
   -7.577     5.324     0.060     7.000         0
   -7.797     5.372     0.060     7.000         0
   -7.989     5.414     0.060     7.000         0
   -8.193     5.433     0.060     7.000         0
   -8.384     5.474     0.060     7.000         0
   -8.579     5.517     0.060     7.000         0
   -8.797     5.579     0.060     7.000         0
   -8.990     5.624     0.060     7.000         0
   -9.194     5.677     0.060     7.000         0
   -9.385     5.732     0.060     7.000         0
   -9.580     5.768     0.060     7.000         0
   -9.798     5.844     0.060     7.000         0
   -9.993     5.895     0.060     7.000         0
  -10.188     5.936     0.060     7.000         0
  -10.388     5.969     0.060     7.000         0
  -10.582     6.006     0.060     7.000         0
  -10.802     6.043     0.060     7.000         0
  -10.994     6.080     0.060     7.000         0
  -11.189     6.117     0.060     7.000         0
  -11.389     6.155     0.060     7.000         0
  -11.584     6.207     0.060     7.000         0
  -11.776     6.244     0.060     7.000         0
  -11.969     6.280     0.060     7.000         0
  -12.161     6.317     0.060     7.000         0
  -12.338     6.351     0.060     7.000         0
  -12.533     6.383     0.060     7.000         0
  -12.725     6.419     0.060     7.000         0
  -12.928     6.447     0.060     7.000         0
  -13.120     6.483     0.060     7.000         0
  -13.315     6.519     0.060     7.000         0
  -13.508     6.575     0.060     7.000         0
  -13.700     6.606     0.060     7.000         0
  -13.903     6.638     0.060     7.000         0
  -14.095     6.670     0.060     7.000         0
  -14.290     6.712     0.060     7.000         0
  -14.481     6.754     0.060     7.000         0
  -14.685     6.818     0.060     7.000         0
  -14.879     6.860     0.060     7.000         0
  -15.070     6.901     0.060     7.000         0
  -15.265     6.933     0.060     7.000         0
  -15.483     6.970     0.060     7.000         0
  -15.678     7.007     0.060     7.000         0
  -15.881     7.046     0.060     7.000         0
  -16.073     7.082     0.060     7.000         0
  -16.267     7.119     0.060     7.000         0
  -16.459     7.156     0.060     7.000         0
  -16.662     7.204     0.060     7.000         0
  -16.856     7.236     0.060     7.000         0
  -17.048     7.260     0.060     7.000         0
  -17.243     7.305     0.060     7.000         0
  -17.434     7.334     0.060     7.000         0
  -17.638     7.365     0.060     7.000         0
  -17.805     7.390     0.060     7.000         0
  -17.980     7.416     0.060     7.000         0
  -18.171     7.440     0.060     7.000         0
  -18.340     7.466     0.060     7.000         0
  -18.514     7.482     0.060     7.000         0
  -18.709     7.506     0.060     7.000         0
  -18.874     7.531     0.060     7.000         0
  -19.052     7.558     0.060     7.000         0
  -19.220     7.584     0.060     7.000         0
  -19.395     7.610     0.060     7.000         0
  -19.586     7.639     0.060     7.000         0
  -19.754     7.669     0.060     7.000         0
  -19.928     7.691     0.060     7.000         0
  -20.097     7.721     0.060     7.000         0
  -20.292     7.751     0.060     7.000         0
  -20.466     7.777     0.060     7.000         0
  -20.634     7.807     0.060     7.000         0
  -14.290     7.136     0.060    10.000         0
  -14.481     7.149     0.060    10.000         0
  -14.685     7.162     0.060    10.000         0
  -14.879     7.194     0.060    10.000         0
  -15.070     7.206     0.060    10.000         0
  -15.265     7.198     0.060    10.000         0
  -15.483     7.222     0.060    10.000         0
  -15.678     7.230     0.060    10.000         0
  -15.881     7.248     0.060    10.000         0
  -16.073     7.281     0.060    10.000         0
  -16.267     7.284     0.060    10.000         0
  -16.459     7.308     0.060    10.000         0
  -16.662     7.337     0.060    10.000         0
  -16.856     7.356     0.060    10.000         0
  -17.048     7.389     0.060    10.000         0
  -17.243     7.404     0.060    10.000         0
  -17.434     7.447     0.060    10.000         0
  -17.638     7.453     0.060    10.000         0
  -17.805     7.479     0.060    10.000         0
  -17.980     7.516     0.060    10.000         0
  -18.171     7.539     0.060    10.000         0
  -18.340     7.540     0.060    10.000         0
  -18.514     7.567     0.060    10.000         0
  -18.709     7.587     0.060    10.000         0
  -18.874     7.612     0.060    10.000         0
  -19.052     7.634     0.060    10.000         0
  -19.220     7.655     0.060    10.000         0
  -19.395     7.682     0.060    10.000         0
  -19.586     7.712     0.060    10.000         0
  -19.754     7.742     0.060    10.000         0
  -19.928     7.769     0.060    10.000         0
  -20.097     7.800     0.060    10.000         0
  -20.292     7.810     0.060    10.000         0
  -20.466     7.837     0.060    10.000         0
  -20.634     7.863     0.060    10.000         0
  -20.809     7.890     0.060    10.000         0
  -21.002     7.929     0.060    10.000         0
  -21.168     7.955     0.060    10.000         0
  -21.345     7.974     0.060    10.000         0
  -21.511     7.993     0.060    10.000         0
  -21.714     8.010     0.060    10.000         0
  -21.880     8.013     0.060    10.000         0
  -22.048     8.040     0.060    10.000         0
  -22.249     8.061     0.060    10.000         0
  -22.417     8.093     0.060    10.000         0
  -22.592     8.116     0.060    10.000         0
  -22.759     8.133     0.060    10.000         0
  -22.925     8.145     0.060    10.000         0
  -23.128     8.186     0.060    10.000         0
  -23.294     8.208     0.060    10.000         0
  -23.471     8.231     0.060    10.000         0
  -23.666     8.257     0.060    10.000         0
  -23.831     8.258     0.060    10.000         0
  -24.006     8.281     0.060    10.000         0
  -24.199     8.317     0.060    10.000         0
  -24.368     8.329     0.060    10.000         0
  -24.542     8.353     0.060    10.000         0
  -24.737     8.389     0.060    10.000         0
  -24.903     8.407     0.060    10.000         0
  -25.106     8.429     0.060    10.000         0
  -25.272     8.472     0.060    10.000         0
  -25.466     8.488     0.060    10.000         0
  -25.641     8.512     0.060    10.000         0
  -25.834     8.541     0.060    10.000         0
  -26.000     8.557     0.060    10.000         0
  -26.203     8.577     0.060    10.000         0
  -26.369     8.593     0.060    10.000         0
  -26.564     8.617     0.060    10.000         0
  -26.741     8.660     0.060    10.000         0
  -26.933     8.684     0.060    10.000         0
  -27.100     8.705     0.060    10.000         0
  -27.301     8.730     0.060    10.000         0
  -27.469     8.751     0.060    10.000         0
  -27.661     8.765     0.060    10.000         0
  -27.839     8.802     0.060    10.000         0
  -28.030     8.832     0.060    10.000         0
  -28.199     8.862     0.060    10.000         0
  -28.373     8.894     0.060    10.000         0
  -28.568     8.919     0.060    10.000         0
  -28.742     8.955     0.060    10.000         0
  -28.936     8.985     0.060    10.000         0
  -29.101     9.020     0.060    10.000         0
  -29.296     9.060     0.060    10.000         0
  -29.497     9.096     0.060    10.000         0
  -29.665     9.130     0.060    10.000         0
    0.000     0.000     0.000        -1
