    0.000     1.000     0.000         0
    5.461     4.605     0.060     1.000         0
    5.243     4.534     0.060     1.000         0
    5.051     4.438     0.060     1.000         0
    4.849     4.336     0.060     1.000         0
    4.654     4.248     0.060     1.000         0
    4.463     4.157     0.060     1.000         0
    4.268     4.069     0.060     1.000         0
    4.068     3.973     0.060     1.000         0
    3.847     3.894     0.060     1.000         0
    3.652     3.811     0.060     1.000         0
    3.461     3.734     0.060     1.000         0
    3.267     3.656     0.060     1.000         0
    3.075     3.584     0.060     1.000         0
    2.872     3.507     0.060     1.000         0
    2.680     3.435     0.060     1.000         0
    2.486     3.367     0.060     1.000         0
    2.294     3.300     0.060     1.000         0
    2.091     3.251     0.060     1.000         0
    1.899     3.200     0.060     1.000         0
    1.706     3.144     0.060     1.000         0
    1.511     3.110     0.060     1.000         0
    1.319     3.068     0.060     1.000         0
    1.116     3.037     0.060     1.000         0
    0.925     3.005     0.060     1.000         0
    0.730     2.986     0.060     1.000         0
    0.513     2.948     0.060     1.000         0
    0.318     2.900     0.060     1.000         0
    0.116     2.895     0.060     1.000         0
    0.085     2.892     0.060     1.000         0
   45.583    10.380     0.060     3.000         0
   45.365    10.359     0.060     3.000         0
   45.170    10.327     0.060     3.000         0
   44.950    10.276     0.060     3.000         0
   44.758    10.259     0.060     3.000         0
   44.540    10.218     0.060     3.000         0
   44.344    10.191     0.060     3.000         0
   44.126    10.165     0.060     3.000         0
   43.923    10.127     0.060     3.000         0
   43.705    10.096     0.060     3.000         0
   43.485    10.070     0.060     3.000         0
   43.293    10.051     0.060     3.000         0
   43.072    10.038     0.060     3.000         0
   42.879    10.024     0.060     3.000         0
   42.687    10.024     0.060     3.000         0
   42.467     9.986     0.060     3.000         0
   42.249     9.959     0.060     3.000         0
   42.046     9.910     0.060     3.000         0
   41.825     9.883     0.060     3.000         0
   41.633     9.871     0.060     3.000         0
   41.414     9.845     0.060     3.000         0
   41.219     9.807     0.060     3.000         0
   41.002     9.777     0.060     3.000         0
   40.781     9.726     0.060     3.000         0
   40.589     9.701     0.060     3.000         0
   40.369     9.674     0.060     3.000         0
   40.148     9.656     0.060     3.000         0
   39.956     9.613     0.060     3.000         0
   39.737     9.586     0.060     3.000         0
   39.519     9.554     0.060     3.000         0
   39.316     9.529     0.060     3.000         0
   39.095     9.517     0.060     3.000         0
   38.877     9.484     0.060     3.000         0
   38.683     9.467     0.060     3.000         0
   38.463     9.440     0.060     3.000         0
   38.245     9.429     0.060     3.000         0
   38.051     9.401     0.060     3.000         0
   37.833     9.376     0.060     3.000         0
   37.612     9.336     0.060     3.000         0
   37.392     9.306     0.060     3.000         0
   37.200     9.281     0.060     3.000         0
   31.879     8.542     0.060     7.000         0
   31.658     8.526     0.060     7.000         0
   31.467     8.505     0.060     7.000         0
   31.272     8.478     0.060     7.000         0
   31.054     8.452     0.060     7.000         0
   30.851     8.429     0.060     7.000         0
   30.658     8.403     0.060     7.000         0
   30.466     8.372     0.060     7.000         0
   30.271     8.350     0.060     7.000         0
   30.054     8.314     0.060     7.000         0
   29.859     8.303     0.060     7.000         0
   29.659     8.265     0.060     7.000         0
   29.438     8.249     0.060     7.000         0
   29.245     8.223     0.060     7.000         0
   29.027     8.183     0.060     7.000         0
   28.832     8.168     0.060     7.000         0
   28.638     8.143     0.060     7.000         0
   28.417     8.118     0.060     7.000         0
   28.217     8.082     0.060     7.000         0
   28.022     8.062     0.060     7.000         0
   27.804     8.023     0.060     7.000         0
   27.613     7.987     0.060     7.000         0
   27.393     7.957     0.060     7.000         0
   27.198     7.925     0.060     7.000         0
   27.007     7.920     0.060     7.000         0
   26.786     7.889     0.060     7.000         0
   26.583     7.856     0.060     7.000         0
   26.365     7.826     0.060     7.000         0
   26.172     7.800     0.060     7.000         0
   25.977     7.759     0.060     7.000         0
   25.759     7.737     0.060     7.000         0
   25.565     7.720     0.060     7.000         0
   25.347     7.694     0.060     7.000         0
   25.126     7.642     0.060     7.000         0
   24.905     7.615     0.060     7.000         0
   24.688     7.609     0.060     7.000         0
   24.468     7.572     0.060     7.000         0
   24.265     7.560     0.060     7.000         0
   24.044     7.530     0.060     7.000         0
   23.826     7.506     0.060     7.000         0
   23.609     7.481     0.060     7.000         0
   23.388     7.436     0.060     7.000         0
   23.194     7.416     0.060     7.000         0
   22.973     7.396     0.060     7.000         0
   22.756     7.381     0.060     7.000         0
   22.535     7.336     0.060     7.000         0
   22.317     7.317     0.060     7.000         0
   22.123     7.296     0.060     7.000         0
   21.902     7.261     0.060     7.000         0
   21.684     7.257     0.060     7.000         0
   21.491     7.236     0.060     7.000         0
   21.273     7.212     0.060     7.000         0
   21.052     7.182     0.060     7.000         0
   20.857     7.161     0.060     7.000         0
   20.640     7.137     0.060     7.000         0
   20.419     7.112     0.060     7.000         0
   20.217     7.065     0.060     7.000         0
   19.999     7.061     0.060     7.000         0
   19.778     7.031     0.060     7.000         0
   19.557     6.996     0.060     7.000         0
   19.340     6.986     0.060     7.000         0
   19.145     6.961     0.060     7.000         0
   18.924     6.936     0.060     7.000         0
   18.707     6.901     0.060     7.000         0
   18.487     6.858     0.060     7.000         0
   18.295     6.845     0.060     7.000         0
   18.075     6.791     0.060     7.000         0
   17.883     6.773     0.060     7.000         0
   17.662     6.749     0.060     7.000         0
   17.441     6.715     0.060     7.000         0
   17.241     6.684     0.060     7.000         0
   17.021     6.650     0.060     7.000         0
   16.827     6.620     0.060     7.000         0
   16.606     6.566     0.060     7.000         0
   16.388     6.552     0.060     7.000         0
   16.197     6.523     0.060     7.000         0
   15.976     6.489     0.060     7.000         0
   15.755     6.450     0.060     7.000         0
   15.564     6.406     0.060     7.000         0
   15.344     6.392     0.060     7.000         0
   15.123     6.357     0.060     7.000         0
   14.928     6.313     0.060     7.000         0
   14.711     6.294     0.060     7.000         0
   14.490     6.260     0.060     7.000         0
   14.290     6.229     0.060     7.000         0
   14.070     6.195     0.060     7.000         0
   13.878     6.166     0.060     7.000         0
   13.658     6.132     0.060     7.000         0
   13.463     6.102     0.060     7.000         0
   13.242     6.068     0.060     7.000         0
   13.024     6.034     0.060     7.000         0
   12.830     6.005     0.060     7.000         0
   12.612     5.951     0.060     7.000         0
   12.410     5.940     0.060     7.000         0
   12.189     5.906     0.060     7.000         0
   11.997     5.876     0.060     7.000         0
   11.777     5.842     0.060     7.000         0
   11.582     5.813     0.060     7.000         0
   11.364     5.779     0.060     7.000         0
   11.173     5.750     0.060     7.000         0
   10.979     5.715     0.060     7.000         0
   10.758     5.676     0.060     7.000         0
   10.558     5.651     0.060     7.000         0
   10.363     5.626     0.060     7.000         0
   10.145     5.572     0.060     7.000         0
    9.951     5.543     0.060     7.000         0
    9.730     5.513     0.060     7.000         0
    9.538     5.489     0.060     7.000         0
    9.319     5.452     0.060     7.000         0
    9.115     5.422     0.060     7.000         0
    8.898     5.374     0.060     7.000         0
    8.703     5.331     0.060     7.000         0
    8.485     5.293     0.060     7.000         0
    8.290     5.254     0.060     7.000         0
    8.073     5.216     0.060     7.000         0
    7.879     5.178     0.060     7.000         0
    7.684     5.140     0.060     7.000         0
    7.467     5.082     0.060     7.000         0
    7.263     5.047     0.060     7.000         0
    7.072     5.021     0.060     7.000         0
    6.877     4.975     0.060     7.000         0
    6.656     4.933     0.060     7.000         0
    6.463     4.897     0.060     7.000         0
    6.264     4.845     0.060     7.000         0
    6.071     4.797     0.060     7.000         0
    5.850     4.727     0.060     7.000         0
   34.319     8.932     0.060    10.000         0
   34.098     8.895     0.060    10.000         0
   33.907     8.868     0.060    10.000         0
   33.687     8.840     0.060    10.000         0
   33.487     8.817     0.060    10.000         0
   33.292     8.789     0.060    10.000         0
   33.074     8.782     0.060    10.000         0
   32.880     8.739     0.060    10.000         0
   32.685     8.726     0.060    10.000         0
   32.494     8.699     0.060    10.000         0
   32.274     8.672     0.060    10.000         0
   32.074     8.654     0.060    10.000         0
   31.879     8.612     0.060    10.000         0
   31.658     8.586     0.060    10.000         0
   31.467     8.580     0.060    10.000         0
   31.272     8.543     0.060    10.000         0
   31.054     8.522     0.060    10.000         0
   30.851     8.504     0.060    10.000         0
   30.658     8.483     0.060    10.000         0
   30.466     8.457     0.060    10.000         0
   30.271     8.435     0.060    10.000         0
   30.054     8.409     0.060    10.000         0
   29.859     8.387     0.060    10.000         0
   29.659     8.345     0.060    10.000         0
   29.438     8.329     0.060    10.000         0
   29.245     8.295     0.060    10.000         0
   29.027     8.272     0.060    10.000         0
   28.832     8.253     0.060    10.000         0
   28.638     8.228     0.060    10.000         0
   28.417     8.205     0.060    10.000         0
   28.217     8.205     0.060    10.000         0
   28.022     8.181     0.060    10.000         0
   27.804     8.138     0.060    10.000         0
   27.613     8.129     0.060    10.000         0
    0.000    -1.000     0.000         0
   -0.272     2.901     0.060     1.000         0
   -0.466     2.913     0.060     1.000         0
   -0.658     2.944     0.060     1.000         0
   -0.861     2.967     0.060     1.000         0
   -1.052     2.994     0.060     1.000         0
   -1.246     3.026     0.060     1.000         0
   -1.467     3.068     0.060     1.000         0
   -1.658     3.112     0.060     1.000         0
   -1.862     3.160     0.060     1.000         0
   -2.053     3.220     0.060     1.000         0
   -2.274     3.279     0.060     1.000         0
   -2.469     3.341     0.060     1.000         0
   -2.660     3.401     0.060     1.000         0
   -2.880     3.471     0.060     1.000         0
   -3.072     3.541     0.060     1.000         0
   -3.275     3.622     0.060     1.000         0
   -3.467     3.712     0.060     1.000         0
   -3.688     3.801     0.060     1.000         0
   -3.882     3.894     0.060     1.000         0
   -4.074     3.972     0.060     1.000         0
   -4.276     4.044     0.060     1.000         0
   -4.494     4.138     0.060     1.000         0
   -4.689     4.233     0.060     1.000         0
   -4.883     4.330     0.060     1.000         0
   -5.101     4.419     0.060     1.000         0
   -5.296     4.513     0.060     1.000         0
   -5.488     4.615     0.060     1.000         0
  -37.239     9.734     0.060     3.000         0
  -37.417     9.769     0.060     3.000         0
  -37.608     9.796     0.060     3.000         0
  -37.776     9.820     0.060     3.000         0
  -37.976     9.858     0.060     3.000         0
  -38.145     9.881     0.060     3.000         0
  -38.337     9.898     0.060     3.000         0
  -38.514     9.935     0.060     3.000         0
  -38.706     9.964     0.060     3.000         0
  -38.874     9.979     0.060     3.000         0
  -39.048    10.005     0.060     3.000         0
  -39.243    10.035     0.060     3.000         0
  -39.418    10.057     0.060     3.000         0
  -39.611    10.092     0.060     3.000         0
  -39.777    10.094     0.060     3.000         0
  -39.972    10.139     0.060     3.000         0
  -40.172    10.155     0.060     3.000         0
  -40.341    10.192     0.060     3.000         0
  -40.535    10.223     0.060     3.000         0
  -40.710    10.250     0.060     3.000         0
  -40.903    10.271     0.060     3.000         0
  -41.095    10.291     0.060     3.000         0
  -41.290    10.332     0.060     3.000         0
  -41.493    10.364     0.060     3.000         0
  -41.659    10.401     0.060     3.000         0
  -41.854    10.417     0.060     3.000         0
  -42.054    10.444     0.060     3.000         0
  -42.249    10.475     0.060     3.000         0
  -42.441    10.505     0.060     3.000         0
  -42.634    10.546     0.060     3.000         0
  -42.826    10.569     0.060     3.000         0
  -43.003    10.615     0.060     3.000         0
  -43.198    10.634     0.060     3.000         0
  -43.390    10.677     0.060     3.000         0
  -43.593    10.719     0.060     3.000         0
  -43.785    10.730     0.060     3.000         0
  -43.979    10.770     0.060     3.000         0
  -44.171    10.811     0.060     3.000         0
  -44.365    10.826     0.060     3.000         0
  -44.569    10.858     0.060     3.000         0
  -44.761    10.888     0.060     3.000         0
  -44.955    10.923     0.060     3.000         0
  -45.147    10.963     0.060     3.000         0
  -45.351    11.011     0.060     3.000         0
  -45.544    11.060     0.060     3.000         0
  -45.736    11.088     0.060     3.000         0
  -45.957    11.114     0.060     3.000         0
  -46.149    11.136     0.060     3.000         0
  -46.343    11.169     0.060     3.000         0
  -46.547    11.198     0.060     3.000         0
  -46.739    11.235     0.060     3.000         0
  -46.932    11.268     0.060     3.000         0
  -47.124    11.295     0.060     3.000         0
  -47.328    11.314     0.060     3.000         0
  -47.519    11.348     0.060     3.000         0
  -47.714    11.382     0.060     3.000         0
  -47.909    11.401     0.060     3.000         0
  -48.101    11.433     0.060     3.000         0
  -48.304    11.457     0.060     3.000         0
  -48.496    11.484     0.060     3.000         0
  -48.690    11.527     0.060     3.000         0
  -48.884    11.559     0.060     3.000         0
  -49.085    11.582     0.060     3.000         0
  -49.280    11.622     0.060     3.000         0
  -49.471    11.645     0.060     3.000         0
  -49.666    11.679     0.060     3.000         0
  -49.860    11.688     0.060     3.000         0
  -50.078    11.721     0.060     3.000         0
  -50.281    11.756     0.060     3.000         0
  -50.473    11.789     0.060     3.000         0
  -50.668    11.820     0.060     3.000         0
  -50.863    11.840     0.060     3.000         0
  -51.063    11.890     0.060     3.000         0
  -51.258    11.911     0.060     3.000         0
  -51.450    11.954     0.060     3.000         0
  -51.641    11.967     0.060     3.000         0
  -51.835    12.020     0.060     3.000         0
  -52.039    12.046     0.060     3.000         0
  -52.230    12.068     0.060     3.000         0
  -52.428    12.111     0.060     3.000         0
  -52.646    12.132     0.060     3.000         0
  -52.838    12.156     0.060     3.000         0
  -53.040    12.170     0.060     3.000         0
  -53.261    12.176     0.060     3.000         0
  -53.453    12.201     0.060     3.000         0
  -53.648    12.207     0.060     3.000         0
  -53.839    12.231     0.060     3.000         0
  -54.034    12.256     0.060     3.000         0
  -54.238    12.270     0.060     3.000         0
  -54.456    12.253     0.060     3.000         0
  -54.649    12.266     0.060     3.000         0
  -54.841    12.293     0.060     3.000         0
  -55.062    12.303     0.060     3.000         0
  -55.254    12.344     0.060     3.000         0
  -55.457    12.357     0.060     3.000         0
  -55.652    12.390     0.060     3.000         0
  -55.844    12.393     0.060     3.000         0
  -56.064    12.429     0.060     3.000         0
  -56.255    12.463     0.060     3.000         0
  -56.450    12.467     0.060     3.000         0
  -56.654    12.492     0.060     3.000         0
  -56.846    12.525     0.060     3.000         0
  -57.040    12.566     0.060     3.000         0
  -57.235    12.587     0.060     3.000         0
  -57.410    12.615     0.060     3.000         0
  -57.601    12.655     0.060     3.000         0
  -57.769    12.667     0.060     3.000         0
  -57.972    12.715     0.060     3.000         0
  -58.138    12.731     0.060     3.000         0
  -58.333    12.767     0.060     3.000         0
  -58.507    12.770     0.060     3.000         0
  -58.676    12.808     0.060     3.000         0
  -58.867    12.828     0.060     3.000         0
  -59.044    12.858     0.060     3.000         0
  -59.209    12.875     0.060     3.000         0
  -59.413    12.919     0.060     3.000         0
  -59.579    12.941     0.060     3.000         0
  -59.747    12.984     0.060     3.000         0
  -59.948    13.023     0.060     3.000         0
  -60.143    13.047     0.060     3.000         0
  -60.308    13.076     0.060     3.000         0
  -60.512    13.122     0.060     3.000         0
  -60.679    13.149     0.060     3.000         0
  -60.871    13.164     0.060     3.000         0
  -61.048    13.177     0.060     3.000         0
  -61.214    13.208     0.060     3.000         0
  -61.409    13.223     0.060     3.000         0
  -61.583    13.248     0.060     3.000         0
  -61.752    13.302     0.060     3.000         0
  -61.944    13.331     0.060     3.000         0
  -62.120    13.360     0.060     3.000         0
  -62.285    13.367     0.060     3.000         0
  -62.489    13.388     0.060     3.000         0
  -62.655    13.409     0.060     3.000         0
  -62.823    13.460     0.060     3.000         0
  -63.024    13.487     0.060     3.000         0
  -63.192    13.512     0.060     3.000         0
  -63.370    13.564     0.060     3.000         0
  -63.562    13.589     0.060     3.000         0
  -63.727    13.633     0.060     3.000         0
  -68.394    14.308     0.060     3.000         0
  -68.563    14.313     0.060     3.000         0
  -68.755    14.340     0.060     3.000         0
  -69.124    14.393     0.060     3.000         0
  -69.493    14.433     0.060     3.000         0
  -69.662    14.445     0.060     3.000         0
  -69.836    14.469     0.060     3.000         0
  -70.195    14.514     0.060     3.000         0
  -70.399    14.538     0.060     3.000         0
  -70.568    14.561     0.060     3.000         0
   -5.691     4.720     0.060     7.000         0
   -5.911     4.742     0.060     7.000         0
   -6.102     4.769     0.060     7.000         0
   -6.297     4.786     0.060     7.000         0
   -6.489     4.814     0.060     7.000         0
   -6.692     4.852     0.060     7.000         0
   -6.910     4.888     0.060     7.000         0
   -7.105     4.916     0.060     7.000         0
   -7.296     4.948     0.060     7.000         0
   -7.490     4.971     0.060     7.000         0
   -7.711     4.997     0.060     7.000         0
   -7.905     5.025     0.060     7.000         0
   -8.106     5.065     0.060     7.000         0
   -8.327     5.105     0.060     7.000         0
   -8.521     5.149     0.060     7.000         0
   -8.713     5.193     0.060     7.000         0
   -8.907     5.228     0.060     7.000         0
   -9.124     5.284     0.060     7.000         0
   -9.325     5.332     0.060     7.000         0
   -9.519     5.384     0.060     7.000         0
   -9.740     5.436     0.060     7.000         0
   -9.958     5.488     0.060     7.000         0
  -10.153     5.525     0.060     7.000         0
  -10.346     5.579     0.060     7.000         0
  -10.564     5.629     0.060     7.000         0
  -10.759     5.668     0.060     7.000         0
  -10.980     5.718     0.060     7.000         0
  -11.180     5.759     0.060     7.000         0
  -11.401     5.803     0.060     7.000         0
  -11.593     5.833     0.060     7.000         0
  -11.787     5.857     0.060     7.000         0
  -12.005     5.886     0.060     7.000         0
  -12.199     5.911     0.060     7.000         0
  -12.420     5.950     0.060     7.000         0
  -12.620     5.980     0.060     7.000         0
  -12.841     6.014     0.060     7.000         0
  -13.036     6.044     0.060     7.000         0
  -13.253     6.080     0.060     7.000         0
  -13.447     6.122     0.060     7.000         0
  -13.639     6.153     0.060     7.000         0
  -13.859     6.200     0.060     7.000         0
  -14.054     6.238     0.060     7.000         0
  -14.255     6.272     0.060     7.000         0
  -14.475     6.305     0.060     7.000         0
  -14.667     6.343     0.060     7.000         0
  -14.862     6.377     0.060     7.000         0
  -15.082     6.409     0.060     7.000         0
  -15.273     6.438     0.060     7.000         0
  -15.477     6.474     0.060     7.000         0
  -15.668     6.513     0.060     7.000         0
  -15.863     6.548     0.060     7.000         0
  -16.081     6.587     0.060     7.000         0
  -16.276     6.616     0.060     7.000         0
  -16.469     6.655     0.060     7.000         0
  -16.670     6.690     0.060     7.000         0
  -16.864     6.723     0.060     7.000         0
  -17.059     6.766     0.060     7.000         0
  -17.277     6.783     0.060     7.000         0
  -17.472     6.826     0.060     7.000         0
  -17.672     6.860     0.060     7.000         0
  -17.867     6.904     0.060     7.000         0
  -18.058     6.947     0.060     7.000         0
  -18.252     6.990     0.060     7.000         0
  -18.473     7.049     0.060     7.000         0
  -18.664     7.079     0.060     7.000         0
  -18.868     7.111     0.060     7.000         0
  -19.060     7.146     0.060     7.000         0
  -19.254     7.191     0.060     7.000         0
  -19.472     7.226     0.060     7.000         0
  -19.666     7.276     0.060     7.000         0
  -19.869     7.293     0.060     7.000         0
  -20.061     7.338     0.060     7.000         0
  -20.256     7.372     0.060     7.000         0
  -20.473     7.430     0.060     7.000         0
  -20.668     7.449     0.060     7.000         0
  -20.863     7.508     0.060     7.000         0
  -21.063     7.548     0.060     7.000         0
  -21.257     7.576     0.060     7.000         0
  -21.478     7.596     0.060     7.000         0
  -21.669     7.636     0.060     7.000         0
  -21.864     7.657     0.060     7.000         0
  -22.065     7.684     0.060     7.000         0
  -22.259     7.710     0.060     7.000         0
  -22.451     7.746     0.060     7.000         0
  -22.645     7.802     0.060     7.000         0
  -22.836     7.827     0.060     7.000         0
  -23.014     7.863     0.060     7.000         0
  -23.208     7.890     0.060     7.000         0
  -23.400     7.913     0.060     7.000         0
  -23.603     7.937     0.060     7.000         0
  -23.795     7.964     0.060     7.000         0
  -23.990     7.982     0.060     7.000         0
  -24.184     8.015     0.060     7.000         0
  -24.375     8.037     0.060     7.000         0
  -24.579     8.076     0.060     7.000         0
  -24.770     8.113     0.060     7.000         0
  -24.965     8.145     0.060     7.000         0
  -25.157     8.167     0.060     7.000         0
  -25.360     8.211     0.060     7.000         0
  -25.554     8.238     0.060     7.000         0
  -25.746     8.267     0.060     7.000         0
  -25.940     8.311     0.060     7.000         0
  -26.158     8.334     0.060     7.000         0
  -26.353     8.378     0.060     7.000         0
  -25.157     8.332     0.060    10.000         0
  -25.360     8.355     0.060    10.000         0
  -25.554     8.357     0.060    10.000         0
  -25.746     8.379     0.060    10.000         0
  -25.940     8.411     0.060    10.000         0
  -26.158     8.435     0.060    10.000         0
  -26.353     8.453     0.060    10.000         0
  -26.556     8.461     0.060    10.000         0
  -26.748     8.485     0.060    10.000         0
  -26.943     8.504     0.060    10.000         0
  -27.134     8.524     0.060    10.000         0
  -27.337     8.534     0.060    10.000         0
  -27.532     8.554     0.060    10.000         0
  -27.723     8.573     0.060    10.000         0
  -27.918     8.588     0.060    10.000         0
  -28.110     8.627     0.060    10.000         0
  -28.313     8.648     0.060    10.000         0
  -28.481     8.669     0.060    10.000         0
  -28.655     8.681     0.060    10.000         0
  -28.847     8.695     0.060    10.000         0
  -29.015     8.723     0.060    10.000         0
  -29.190     8.748     0.060    10.000         0
  -29.384     8.760     0.060    10.000         0
  -29.550     8.783     0.060    10.000         0
  -29.727     8.812     0.060    10.000         0
  -29.896     8.835     0.060    10.000         0
  -30.070     8.859     0.060    10.000         0
  -30.262     8.886     0.060    10.000         0
  -30.429     8.919     0.060    10.000         0
  -30.604     8.943     0.060    10.000         0
  -30.772     8.966     0.060    10.000         0
  -30.967     8.999     0.060    10.000         0
  -31.141     9.031     0.060    10.000         0
  -31.310     9.053     0.060    10.000         0
  -31.484     9.075     0.060    10.000         0
  -31.678     9.080     0.060    10.000         0
  -31.843     9.106     0.060    10.000         0
  -32.021     9.129     0.060    10.000         0
  -32.186     9.160     0.060    10.000         0
  -32.390     9.173     0.060    10.000         0
  -32.555     9.190     0.060    10.000         0
  -32.724     9.223     0.060    10.000         0
  -32.924     9.230     0.060    10.000         0
  -33.093     9.253     0.060    10.000         0
  -33.267     9.291     0.060    10.000         0
  -33.435     9.289     0.060    10.000         0
  -33.600     9.306     0.060    10.000         0
  -33.804     9.338     0.060    10.000         0
  -33.969     9.351     0.060    10.000         0
  -34.147     9.400     0.060    10.000         0
  -34.341     9.413     0.060    10.000         0
  -34.507     9.450     0.060    10.000         0
  -34.681     9.454     0.060    10.000         0
  -34.875     9.502     0.060    10.000         0
  -35.043     9.510     0.060    10.000         0
  -35.218     9.534     0.060    10.000         0
  -35.413     9.576     0.060    10.000         0
  -35.578     9.594     0.060    10.000         0
  -35.782     9.613     0.060    10.000         0
  -35.947     9.656     0.060    10.000         0
  -36.142     9.684     0.060    10.000         0
  -36.316     9.703     0.060    10.000         0
  -36.510     9.736     0.060    10.000         0
  -36.675     9.759     0.060    10.000         0
  -36.879     9.773     0.060    10.000         0
  -37.044     9.796     0.060    10.000         0
  -37.239     9.824     0.060    10.000         0
  -37.417     9.869     0.060    10.000         0
  -37.608     9.881     0.060    10.000         0
  -37.776     9.899     0.060    10.000         0
  -37.976     9.928     0.060    10.000         0
  -38.145     9.951     0.060    10.000         0
  -38.337     9.984     0.060    10.000         0
  -38.514    10.008     0.060    10.000         0
  -38.706    10.036     0.060    10.000         0
  -38.874    10.069     0.060    10.000         0
  -39.048    10.092     0.060    10.000         0
  -39.243    10.129     0.060    10.000         0
  -39.418    10.162     0.060    10.000         0
  -39.611    10.204     0.060    10.000         0
  -39.777    10.240     0.060    10.000         0
  -39.972    10.292     0.060    10.000         0
  -40.172    10.325     0.060    10.000         0
  -40.341    10.362     0.060    10.000         0
  -40.535    10.399     0.060    10.000         0
  -40.710    10.422     0.060    10.000         0
  -40.903    10.474     0.060    10.000         0
  -41.095    10.506     0.060    10.000         0
  -41.290    10.543     0.060    10.000         0
  -41.493    10.608     0.060    10.000         0
  -41.659    10.643     0.060    10.000         0
  -41.854    10.685     0.060    10.000         0
  -42.054    10.729     0.060    10.000         0
  -42.249    10.752     0.060    10.000         0
  -42.441    10.803     0.060    10.000         0
  -42.634    10.855     0.060    10.000         0
  -42.826    10.877     0.060    10.000         0
  -43.003    10.915     0.060    10.000         0
  -43.198    10.957     0.060    10.000         0
  -43.390    11.004     0.060    10.000         0
  -43.593    11.049     0.060    10.000         0
  -43.785    11.100     0.060    10.000         0
    0.000     0.000     0.000        -1
