    0.000     1.000     0.000         0
    6.049     4.815     0.060     1.000         0
    5.858     4.711     0.060     1.000         0
    5.637     4.611     0.060     1.000         0
    5.416     4.496     0.060     1.000         0
    5.225     4.392     0.060     1.000         0
    5.005     4.277     0.060     1.000         0
    4.784     4.176     0.060     1.000         0
    4.589     4.068     0.060     1.000         0
    4.372     3.964     0.060     1.000         0
    4.151     3.868     0.060     1.000         0
    3.951     3.763     0.060     1.000         0
    3.731     3.675     0.060     1.000         0
    3.541     3.577     0.060     1.000         0
    3.319     3.473     0.060     1.000         0
    3.124     3.387     0.060     1.000         0
    2.903     3.304     0.060     1.000         0
    2.686     3.223     0.060     1.000         0
    2.491     3.160     0.060     1.000         0
    2.275     3.089     0.060     1.000         0
    2.072     3.023     0.060     1.000         0
    1.851     2.966     0.060     1.000         0
    1.661     2.918     0.060     1.000         0
    1.440     2.883     0.060     1.000         0
    1.245     2.844     0.060     1.000         0
    1.029     2.811     0.060     1.000         0
    0.842     2.782     0.060     1.000         0
    0.650     2.753     0.060     1.000         0
    0.431     2.742     0.060     1.000         0
    0.251     2.733     0.060     1.000         0
    0.112     2.726     0.060     1.000         0
    0.233     2.726     0.060     1.000         0
    0.405     2.730     0.060     1.000         0
    0.618     2.753     0.060     1.000         0
    0.810     2.777     0.060     1.000         0
    1.027     2.805     0.060     1.000         0
   54.853    11.759     0.060     3.000         0
   54.632    11.723     0.060     3.000         0
   54.412    11.718     0.060     3.000         0
   54.194    11.673     0.060     3.000         0
   53.975    11.662     0.060     3.000         0
   53.757    11.617     0.060     3.000         0
   53.536    11.602     0.060     3.000         0
   53.316    11.583     0.060     3.000         0
   53.098    11.554     0.060     3.000         0
   52.877    11.515     0.060     3.000         0
   52.658    11.479     0.060     3.000         0
   52.440    11.479     0.060     3.000         0
   52.237    11.441     0.060     3.000         0
   52.042    11.434     0.060     3.000         0
   51.877    11.416     0.060     3.000         0
   51.677    11.384     0.060     3.000         0
   51.482    11.363     0.060     3.000         0
   51.314    11.357     0.060     3.000         0
   51.122    11.316     0.060     3.000         0
   50.922    11.304     0.060     3.000         0
   50.729    11.272     0.060     3.000         0
   50.534    11.275     0.060     3.000         0
   50.316    11.254     0.060     3.000         0
   50.122    11.222     0.060     3.000         0
   49.919    11.205     0.060     3.000         0
   49.701    11.166     0.060     3.000         0
   49.507    11.156     0.060     3.000         0
   49.316    11.108     0.060     3.000         0
   49.095    11.077     0.060     3.000         0
   48.901    11.042     0.060     3.000         0
   48.683    11.024     0.060     3.000         0
   48.489    10.989     0.060     3.000         0
   48.285    10.963     0.060     3.000         0
   48.068    10.955     0.060     3.000         0
   47.874    10.930     0.060     3.000         0
   47.657    10.892     0.060     3.000         0
   47.462    10.851     0.060     3.000         0
   47.271    10.820     0.060     3.000         0
   47.050    10.785     0.060     3.000         0
   46.850    10.763     0.060     3.000         0
   46.629    10.732     0.060     3.000         0
   46.435    10.686     0.060     3.000         0
   46.244    10.646     0.060     3.000         0
   46.023    10.605     0.060     3.000         0
   45.829    10.585     0.060     3.000         0
   45.637    10.539     0.060     3.000         0
   45.417    10.515     0.060     3.000         0
   45.213    10.512     0.060     3.000         0
   45.022    10.498     0.060     3.000         0
   44.804    10.502     0.060     3.000         0
   44.611    10.483     0.060     3.000         0
   44.416    10.454     0.060     3.000         0
   44.198    10.453     0.060     3.000         0
   43.995    10.418     0.060     3.000         0
   43.775    10.407     0.060     3.000         0
   43.583    10.383     0.060     3.000         0
   43.390    10.354     0.060     3.000         0
   43.198    10.346     0.060     3.000         0
   42.977    10.319     0.060     3.000         0
   42.786    10.296     0.060     3.000         0
   42.583    10.261     0.060     3.000         0
   42.365    10.235     0.060     3.000         0
   42.167    10.203     0.060     3.000         0
   41.976    10.188     0.060     3.000         0
   41.782    10.182     0.060     3.000         0
   41.565    10.148     0.060     3.000         0
   41.361    10.136     0.060     3.000         0
   41.144    10.102     0.060     3.000         0
   40.949    10.101     0.060     3.000         0
   40.732    10.068     0.060     3.000         0
   40.537    10.067     0.060     3.000         0
   40.343    10.034     0.060     3.000         0
   40.126    10.013     0.060     3.000         0
   39.931     9.985     0.060     3.000         0
   39.731     9.971     0.060     3.000         0
   39.536     9.954     0.060     3.000         0
   39.345     9.922     0.060     3.000         0
   39.147     9.880     0.060     3.000         0
   38.930     9.859     0.060     3.000         0
   30.029     8.470     0.060     7.000         0
   29.808     8.431     0.060     7.000         0
   29.617     8.402     0.060     7.000         0
   29.397     8.373     0.060     7.000         0
   29.179     8.345     0.060     7.000         0
   28.976     8.314     0.060     7.000         0
   28.755     8.295     0.060     7.000         0
   28.538     8.276     0.060     7.000         0
   28.343     8.252     0.060     7.000         0
   28.123     8.223     0.060     7.000         0
   27.906     8.189     0.060     7.000         0
   27.711     8.155     0.060     7.000         0
   27.493     8.138     0.060     7.000         0
   27.273     8.112     0.060     7.000         0
   27.052     8.075     0.060     7.000         0
   26.860     8.058     0.060     7.000         0
   26.640     8.021     0.060     7.000         0
   26.420     7.989     0.060     7.000         0
   26.220     7.976     0.060     7.000         0
   26.025     7.949     0.060     7.000         0
   26.025     7.934     0.060     7.000         0
   25.613     7.890     0.060     7.000         0
   25.392     7.863     0.060     7.000         0
   25.201     7.836     0.060     7.000         0
   24.981     7.815     0.060     7.000         0
   24.789     7.788     0.060     7.000         0
   24.586     7.774     0.060     7.000         0
   24.368     7.737     0.060     7.000         0
   24.174     7.689     0.060     7.000         0
   23.979     7.656     0.060     7.000         0
   23.758     7.616     0.060     7.000         0
   23.567     7.599     0.060     7.000         0
   23.347     7.560     0.060     7.000         0
   23.147     7.515     0.060     7.000         0
   22.952     7.482     0.060     7.000         0
   22.735     7.434     0.060     7.000         0
   22.540     7.406     0.060     7.000         0
   22.345     7.397     0.060     7.000         0
   22.154     7.349     0.060     7.000         0
   21.934     7.316     0.060     7.000         0
   21.734     7.287     0.060     7.000         0
   21.539     7.258     0.060     7.000         0
   21.319     7.239     0.060     7.000         0
   21.127     7.204     0.060     7.000         0
   20.932     7.169     0.060     7.000         0
   20.715     7.150     0.060     7.000         0
   20.511     7.128     0.060     7.000         0
   20.318     7.098     0.060     7.000         0
   20.126     7.064     0.060     7.000         0
   19.932     7.039     0.060     7.000         0
   19.714     7.010     0.060     7.000         0
   19.519     6.988     0.060     7.000         0
   19.319     6.961     0.060     7.000         0
   19.098     6.925     0.060     7.000         0
   18.905     6.890     0.060     7.000         0
   18.687     6.849     0.060     7.000         0
   18.493     6.823     0.060     7.000         0
   18.298     6.792     0.060     7.000         0
   18.077     6.771     0.060     7.000         0
   17.877     6.736     0.060     7.000         0
   17.682     6.707     0.060     7.000         0
   17.465     6.674     0.060     7.000         0
   17.273     6.635     0.060     7.000         0
   17.053     6.606     0.060     7.000         0
   16.859     6.572     0.060     7.000         0
   16.667     6.559     0.060     7.000         0
   16.446     6.520     0.060     7.000         0
   16.243     6.484     0.060     7.000         0
   16.025     6.460     0.060     7.000         0
   15.832     6.426     0.060     7.000         0
   15.637     6.401     0.060     7.000         0
   15.420     6.362     0.060     7.000         0
   15.225     6.342     0.060     7.000         0
   15.007     6.320     0.060     7.000         0
   14.786     6.308     0.060     7.000         0
   14.566     6.300     0.060     7.000         0
   14.348     6.279     0.060     7.000         0
   14.128     6.257     0.060     7.000         0
   13.925     6.223     0.060     7.000         0
   13.704     6.192     0.060     7.000         0
   13.487     6.155     0.060     7.000         0
   13.269     6.134     0.060     7.000         0
   13.048     6.107     0.060     7.000         0
   12.855     6.080     0.060     7.000         0
   12.634     6.053     0.060     7.000         0
   12.416     6.032     0.060     7.000         0
   12.195     6.002     0.060     7.000         0
   11.978     5.983     0.060     7.000         0
   11.783     5.952     0.060     7.000         0
   11.562     5.937     0.060     7.000         0
   11.345     5.918     0.060     7.000         0
   11.151     5.882     0.060     7.000         0
   10.934     5.873     0.060     7.000         0
   10.713     5.848     0.060     7.000         0
   10.518     5.812     0.060     7.000         0
   10.300     5.788     0.060     7.000         0
   10.080     5.767     0.060     7.000         0
    9.877     5.734     0.060     7.000         0
    9.660     5.693     0.060     7.000         0
    9.439     5.657     0.060     7.000         0
    9.218     5.625     0.060     7.000         0
    9.000     5.594     0.060     7.000         0
    8.806     5.568     0.060     7.000         0
    8.585     5.535     0.060     7.000         0
    8.367     5.493     0.060     7.000         0
    8.147     5.441     0.060     7.000         0
    7.956     5.398     0.060     7.000         0
    7.735     5.331     0.060     7.000         0
    7.544     5.267     0.060     7.000         0
    7.323     5.210     0.060     7.000         0
    7.102     5.149     0.060     7.000         0
    6.902     5.100     0.060     7.000         0
    6.682     5.016     0.060     7.000         0
    6.487     4.980     0.060     7.000         0
   39.147    10.064     0.060    10.000         0
   38.930    10.018     0.060    10.000         0
   38.727     9.971     0.060    10.000         0
   38.510     9.920     0.060    10.000         0
   38.315     9.875     0.060    10.000         0
   38.124     9.827     0.060    10.000         0
   37.903     9.765     0.060    10.000         0
   37.708     9.710     0.060    10.000         0
   37.517     9.667     0.060    10.000         0
   37.297     9.615     0.060    10.000         0
   37.097     9.574     0.060    10.000         0
   36.902     9.534     0.060    10.000         0
   36.685     9.505     0.060    10.000         0
   36.490     9.475     0.060    10.000         0
   36.270     9.441     0.060    10.000         0
   36.078     9.413     0.060    10.000         0
   35.857     9.398     0.060    10.000         0
   35.655     9.385     0.060    10.000         0
   35.437     9.380     0.060    10.000         0
   35.243     9.345     0.060    10.000         0
   35.025     9.322     0.060    10.000         0
   34.831     9.313     0.060    10.000         0
   34.610     9.294     0.060    10.000         0
   34.418     9.275     0.060    10.000         0
   34.201     9.242     0.060    10.000         0
   34.004     9.212     0.060    10.000         0
   33.786     9.194     0.060    10.000         0
   33.583     9.155     0.060    10.000         0
   33.366     9.123     0.060    10.000         0
   33.145     9.111     0.060    10.000         0
   32.953     9.059     0.060    10.000         0
   32.733     9.027     0.060    10.000         0
   32.539     8.999     0.060    10.000         0
   32.348     8.978     0.060    10.000         0
   32.127     8.959     0.060    10.000         0
   31.909     8.910     0.060    10.000         0
   31.706     8.884     0.060    10.000         0
   31.485     8.850     0.060    10.000         0
   31.294     8.847     0.060    10.000         0
   31.074     8.808     0.060    10.000         0
   30.879     8.773     0.060    10.000         0
   30.662     8.723     0.060    10.000         0
   30.441     8.662     0.060    10.000         0
   30.250     8.643     0.060    10.000         0
   30.029     8.587     0.060    10.000         0
   29.808     8.555     0.060    10.000         0
   29.617     8.505     0.060    10.000         0
   29.397     8.469     0.060    10.000         0
   29.179     8.443     0.060    10.000         0
   28.976     8.410     0.060    10.000         0
   28.755     8.394     0.060    10.000         0
   28.538     8.374     0.060    10.000         0
   28.343     8.352     0.060    10.000         0
   28.123     8.306     0.060    10.000         0
   27.906     8.295     0.060    10.000         0
   27.711     8.273     0.060    10.000         0
   27.493     8.243     0.060    10.000         0
   27.273     8.212     0.060    10.000         0
   27.052     8.190     0.060    10.000         0
   26.860     8.177     0.060    10.000         0
   26.640     8.135     0.060    10.000         0
   26.420     8.134     0.060    10.000         0
   26.220     8.095     0.060    10.000         0
   26.025     8.082     0.060    10.000         0
   26.025     8.072     0.060    10.000         0
   25.613     8.027     0.060    10.000         0
   25.392     8.005     0.060    10.000         0
   25.201     7.988     0.060    10.000         0
   24.981     7.966     0.060    10.000         0
   24.789     7.953     0.060    10.000         0
   24.586     7.936     0.060    10.000         0
   24.368     7.938     0.060    10.000         0
   24.174     7.902     0.060    10.000         0
   23.979     7.912     0.060    10.000         0
   23.758     7.898     0.060    10.000         0
   23.567     7.883     0.060    10.000         0
   23.347     7.869     0.060    10.000         0
   23.147     7.843     0.060    10.000         0
   22.952     7.837     0.060    10.000         0
    0.000    -1.000     0.000         0
   -1.228     2.850     0.060     1.000         0
   -1.447     2.895     0.060     1.000         0
   -1.640     2.943     0.060     1.000         0
   -1.858     2.997     0.060     1.000         0
   -2.052     3.045     0.060     1.000         0
   -2.270     3.106     0.060     1.000         0
   -2.463     3.169     0.060     1.000         0
   -2.657     3.239     0.060     1.000         0
   -2.876     3.318     0.060     1.000         0
   -3.078     3.391     0.060     1.000         0
   -3.270     3.461     0.060     1.000         0
   -3.464     3.556     0.060     1.000         0
   -3.684     3.644     0.060     1.000         0
   -3.878     3.730     0.060     1.000         0
   -4.077     3.823     0.060     1.000         0
   -4.271     3.924     0.060     1.000         0
   -4.491     4.012     0.060     1.000         0
   -4.685     4.116     0.060     1.000         0
   -4.880     4.215     0.060     1.000         0
   -5.098     4.327     0.060     1.000         0
   -5.290     4.445     0.060     1.000         0
   -5.492     4.554     0.060     1.000         0
  -35.701    10.103     0.060     3.000         0
  -35.895    10.127     0.060     3.000         0
  -36.086    10.151     0.060     3.000         0
  -36.281    10.165     0.060     3.000         0
  -36.499    10.178     0.060     3.000         0
  -36.694    10.202     0.060     3.000         0
  -36.897    10.228     0.060     3.000         0
  -37.089    10.231     0.060     3.000         0
  -37.283    10.244     0.060     3.000         0
  -37.475    10.262     0.060     3.000         0
  -37.678    10.277     0.060     3.000         0
  -37.872    10.290     0.060     3.000         0
  -38.064    10.318     0.060     3.000         0
  -38.259    10.341     0.060     3.000         0
  -38.450    10.368     0.060     3.000         0
  -38.654    10.382     0.060     3.000         0
  -38.821    10.391     0.060     3.000         0
  -38.996    10.411     0.060     3.000         0
  -39.187    10.433     0.060     3.000         0
  -39.356    10.447     0.060     3.000         0
  -39.530    10.471     0.060     3.000         0
  -39.725    10.484     0.060     3.000         0
  -39.891    10.515     0.060     3.000         0
  -40.068    10.537     0.060     3.000         0
  -40.236    10.563     0.060     3.000         0
  -40.411    10.585     0.060     3.000         0
  -40.602    10.605     0.060     3.000         0
  -40.770    10.621     0.060     3.000         0
  -40.944    10.648     0.060     3.000         0
  -41.113    10.669     0.060     3.000         0
  -41.308    10.710     0.060     3.000         0
  -41.482    10.729     0.060     3.000         0
  -41.650    10.766     0.060     3.000         0
  -41.825    10.811     0.060     3.000         0
  -42.018    10.844     0.060     3.000         0
  -42.184    10.866     0.060     3.000         0
  -42.361    10.893     0.060     3.000         0
  -42.527    10.923     0.060     3.000         0
  -42.730    10.945     0.060     3.000         0
  -42.896    10.980     0.060     3.000         0
  -43.064    10.991     0.060     3.000         0
  -43.265    11.003     0.060     3.000         0
  -43.433    11.044     0.060     3.000         0
  -43.608    11.047     0.060     3.000         0
  -43.775    11.063     0.060     3.000         0
  -43.941    11.085     0.060     3.000         0
  -44.144    11.117     0.060     3.000         0
  -44.310    11.154     0.060     3.000         0
  -44.487    11.158     0.060     3.000         0
  -44.682    11.200     0.060     3.000         0
  -44.848    11.199     0.060     3.000         0
  -45.022    11.243     0.060     3.000         0
  -45.216    11.266     0.060     3.000         0
  -45.384    11.264     0.060     3.000         0
  -45.558    11.294     0.060     3.000         0
  -45.753    11.306     0.060     3.000         0
  -45.919    11.325     0.060     3.000         0
  -46.122    11.348     0.060     3.000         0
  -46.288    11.377     0.060     3.000         0
  -46.482    11.409     0.060     3.000         0
  -46.657    11.419     0.060     3.000         0
  -46.851    11.456     0.060     3.000         0
  -47.016    11.465     0.060     3.000         0
  -47.220    11.498     0.060     3.000         0
  -47.385    11.507     0.060     3.000         0
  -47.580    11.507     0.060     3.000         0
  -47.757    11.521     0.060     3.000         0
  -47.949    11.541     0.060     3.000         0
  -48.116    11.578     0.060     3.000         0
  -48.317    11.588     0.060     3.000         0
  -48.486    11.621     0.060     3.000         0
  -48.677    11.638     0.060     3.000         0
  -48.855    11.668     0.060     3.000         0
  -49.046    11.700     0.060     3.000         0
  -49.215    11.738     0.060     3.000         0
  -49.389    11.775     0.060     3.000         0
  -49.584    11.791     0.060     3.000         0
  -49.758    11.823     0.060     3.000         0
  -49.952    11.856     0.060     3.000         0
  -50.118    11.899     0.060     3.000         0
  -50.312    11.957     0.060     3.000         0
  -50.513    11.992     0.060     3.000         0
  -50.681    12.023     0.060     3.000         0
  -50.876    12.058     0.060     3.000         0
  -51.050    12.085     0.060     3.000         0
  -51.244    12.125     0.060     3.000         0
  -51.436    12.145     0.060     3.000         0
  -51.631    12.184     0.060     3.000         0
  -51.834    12.190     0.060     3.000         0
  -52.000    12.211     0.060     3.000         0
  -52.194    12.245     0.060     3.000         0
  -52.395    12.280     0.060     3.000         0
  -52.590    12.288     0.060     3.000         0
  -52.781    12.307     0.060     3.000         0
  -52.975    12.335     0.060     3.000         0
  -53.167    12.364     0.060     3.000         0
  -53.344    12.396     0.060     3.000         0
  -53.539    12.415     0.060     3.000         0
  -53.731    12.438     0.060     3.000         0
  -53.934    12.459     0.060     3.000         0
  -54.126    12.497     0.060     3.000         0
  -54.320    12.515     0.060     3.000         0
  -54.511    12.553     0.060     3.000         0
  -54.706    12.587     0.060     3.000         0
  -54.910    12.627     0.060     3.000         0
  -55.101    12.655     0.060     3.000         0
  -55.296    12.704     0.060     3.000         0
  -55.488    12.738     0.060     3.000         0
  -55.691    12.773     0.060     3.000         0
  -55.885    12.822     0.060     3.000         0
  -56.077    12.854     0.060     3.000         0
  -56.298    12.912     0.060     3.000         0
  -56.489    12.939     0.060     3.000         0
  -56.684    12.982     0.060     3.000         0
  -56.888    13.016     0.060     3.000         0
  -57.079    13.048     0.060     3.000         0
  -57.273    13.070     0.060     3.000         0
  -57.465    13.103     0.060     3.000         0
  -57.668    13.128     0.060     3.000         0
  -57.860    13.141     0.060     3.000         0
  -58.055    13.165     0.060     3.000         0
  -58.250    13.189     0.060     3.000         0
  -58.441    13.209     0.060     3.000         0
  -58.645    13.262     0.060     3.000         0
  -58.837    13.293     0.060     3.000         0
  -59.030    13.313     0.060     3.000         0
  -59.225    13.350     0.060     3.000         0
  -59.426    13.357     0.060     3.000         0
  -59.620    13.403     0.060     3.000         0
  -59.812    13.430     0.060     3.000         0
  -60.007    13.436     0.060     3.000         0
  -60.201    13.467     0.060     3.000         0
  -60.418    13.492     0.060     3.000         0
  -60.622    13.529     0.060     3.000         0
  -60.814    13.546     0.060     3.000         0
  -61.008    13.578     0.060     3.000         0
  -61.203    13.620     0.060     3.000         0
  -61.404    13.638     0.060     3.000         0
  -61.599    13.654     0.060     3.000         0
  -61.790    13.700     0.060     3.000         0
  -61.982    13.715     0.060     3.000         0
  -62.176    13.731     0.060     3.000         0
  -62.379    13.758     0.060     3.000         0
  -62.571    13.794     0.060     3.000         0
  -62.769    13.805     0.060     3.000         0
  -62.987    13.829     0.060     3.000         0
  -63.178    13.850     0.060     3.000         0
  -63.381    13.892     0.060     3.000         0
  -63.602    13.896     0.060     3.000         0
  -63.794    13.927     0.060     3.000         0
  -63.988    13.945     0.060     3.000         0
  -64.180    13.974     0.060     3.000         0
  -64.375    13.992     0.060     3.000         0
  -64.578    14.012     0.060     3.000         0
  -64.796    14.022     0.060     3.000         0
  -64.990    14.032     0.060     3.000         0
  -65.182    14.067     0.060     3.000         0
  -65.403    14.090     0.060     3.000         0
  -65.594    14.094     0.060     3.000         0
  -65.798    14.135     0.060     3.000         0
  -65.993    14.145     0.060     3.000         0
  -66.185    14.170     0.060     3.000         0
  -66.404    14.208     0.060     3.000         0
  -66.596    14.218     0.060     3.000         0
  -66.791    14.238     0.060     3.000         0
  -66.995    14.274     0.060     3.000         0
  -67.186    14.307     0.060     3.000         0
  -67.381    14.340     0.060     3.000         0
  -67.576    14.369     0.060     3.000         0
  -67.750    14.389     0.060     3.000         0
  -67.942    14.412     0.060     3.000         0
  -68.110    14.447     0.060     3.000         0
  -68.313    14.466     0.060     3.000         0
  -68.479    14.479     0.060     3.000         0
  -68.674    14.505     0.060     3.000         0
  -68.848    14.549     0.060     3.000         0
  -69.016    14.562     0.060     3.000         0
  -69.208    14.601     0.060     3.000         0
  -69.385    14.613     0.060     3.000         0
  -69.550    14.654     0.060     3.000         0
  -69.754    14.685     0.060     3.000         0
  -69.919    14.710     0.060     3.000         0
  -70.088    14.736     0.060     3.000         0
  -70.288    14.757     0.060     3.000         0
  -70.483    14.804     0.060     3.000         0
  -70.649    14.836     0.060     3.000         0
  -70.852    14.865     0.060     3.000         0
  -71.020    14.892     0.060     3.000         0
  -71.212    14.944     0.060     3.000         0
  -71.389    14.968     0.060     3.000         0
  -71.555    14.988     0.060     3.000         0
  -71.750    15.001     0.060     3.000         0
  -71.924    15.021     0.060     3.000         0
  -72.093    15.041     0.060     3.000         0
  -72.284    15.064     0.060     3.000         0
  -72.461    15.084     0.060     3.000         0
  -72.626    15.114     0.060     3.000         0
  -75.854    15.592     0.060     3.000         0
  -76.045    15.639     0.060     3.000         0
  -76.223    15.654     0.060     3.000         0
  -76.414    15.702     0.060     3.000         0
  -76.583    15.725     0.060     3.000         0
  -76.757    15.775     0.060     3.000         0
  -76.926    15.803     0.060     3.000         0
  -77.118    15.821     0.060     3.000         0
  -77.294    15.857     0.060     3.000         0
  -77.460    15.877     0.060     3.000         0
  -77.663    15.881     0.060     3.000         0
  -77.832    15.902     0.060     3.000         0
  -78.024    15.930     0.060     3.000         0
  -78.198    15.946     0.060     3.000         0
  -78.367    15.966     0.060     3.000         0
  -78.561    15.999     0.060     3.000         0
  -78.735    16.008     0.060     3.000         0
  -78.904    16.042     0.060     3.000         0
  -79.095    16.058     0.060     3.000         0
  -79.273    16.083     0.060     3.000         0
  -79.465    16.090     0.060     3.000         0
  -79.642    16.109     0.060     3.000         0
  -79.834    16.151     0.060     3.000         0
  -80.003    16.149     0.060     3.000         0
  -80.177    16.169     0.060     3.000         0
  -80.371    16.210     0.060     3.000         0
  -80.536    16.219     0.060     3.000         0
  -85.423    16.830     0.060     3.000         0
  -85.591    16.851     0.060     3.000         0
  -85.795    16.887     0.060     3.000         0
  -85.961    16.913     0.060     3.000         0
  -86.155    16.924     0.060     3.000         0
  -86.330    16.946     0.060     3.000         0
  -86.524    16.971     0.060     3.000         0
  -86.689    16.992     0.060     3.000         0
  -86.893    17.029     0.060     3.000         0
  -87.084    17.043     0.060     3.000         0
  -87.253    17.075     0.060     3.000         0
  -87.448    17.105     0.060     3.000         0
  -89.133    17.263     0.060     3.000         0
  -89.310    17.270     0.060     3.000         0
  -89.504    17.289     0.060     3.000         0
  -89.696    17.313     0.060     3.000         0
  -89.891    17.332     0.060     3.000         0
  -90.065    17.359     0.060     3.000         0
  -90.260    17.378     0.060     3.000         0
  -90.452    17.382     0.060     3.000         0
  -90.647    17.406     0.060     3.000         0
  -90.847    17.441     0.060     3.000         0
  -91.041    17.460     0.060     3.000         0
  -91.210    17.466     0.060     3.000         0
  -91.402    17.477     0.060     3.000         0
  -91.605    17.499     0.060     3.000         0
  -91.797    17.520     0.060     3.000         0
  -91.992    17.541     0.060     3.000         0
  -92.184    17.571     0.060     3.000         0
  -92.361    17.601     0.060     3.000         0
  -92.553    17.606     0.060     3.000         0
  -92.747    17.622     0.060     3.000         0
  -92.942    17.643     0.060     3.000         0
  -93.142    17.685     0.060     3.000         0
  -93.337    17.706     0.060     3.000         0
  -93.529    17.707     0.060     3.000         0
  -93.724    17.738     0.060     3.000         0
   -5.878     4.706     0.060     7.000         0
   -6.072     4.772     0.060     7.000         0
   -6.273     4.835     0.060     7.000         0
   -6.494     4.900     0.060     7.000         0
   -6.688     4.972     0.060     7.000         0
   -6.880     5.012     0.060     7.000         0
   -7.073     5.093     0.060     7.000         0
   -7.265     5.134     0.060     7.000         0
   -7.468     5.203     0.060     7.000         0
   -7.660     5.279     0.060     7.000         0
   -7.855     5.340     0.060     7.000         0
   -8.046     5.401     0.060     7.000         0
   -8.250     5.455     0.060     7.000         0
   -8.441     5.510     0.060     7.000         0
   -8.635     5.546     0.060     7.000         0
   -8.829     5.597     0.060     7.000         0
   -9.021     5.638     0.060     7.000         0
   -9.224     5.682     0.060     7.000         0
   -9.416     5.713     0.060     7.000         0
   -9.611     5.762     0.060     7.000         0
   -9.829     5.794     0.060     7.000         0
  -10.023     5.818     0.060     7.000         0
  -10.226     5.847     0.060     7.000         0
  -10.417     5.890     0.060     7.000         0
  -10.612     5.918     0.060     7.000         0
  -10.806     5.936     0.060     7.000         0
  -10.998     5.943     0.060     7.000         0
  -11.201     5.972     0.060     7.000         0
  -11.393     5.990     0.060     7.000         0
  -11.587     5.998     0.060     7.000         0
  -11.807     6.025     0.060     7.000         0
  -11.999     6.048     0.060     7.000         0
  -12.202     6.078     0.060     7.000         0
  -12.394     6.105     0.060     7.000         0
  -12.615     6.138     0.060     7.000         0
  -12.810     6.166     0.060     7.000         0
  -13.001     6.204     0.060     7.000         0
  -13.221     6.245     0.060     7.000         0
  -13.413     6.279     0.060     7.000         0
  -13.616     6.321     0.060     7.000         0
  -13.808     6.365     0.060     7.000         0
  -14.029     6.406     0.060     7.000         0
  -14.223     6.451     0.060     7.000         0
  -14.415     6.490     0.060     7.000         0
  -14.617     6.537     0.060     7.000         0
  -14.835     6.587     0.060     7.000         0
  -15.030     6.631     0.060     7.000         0
  -15.224     6.664     0.060     7.000         0
  -15.442     6.702     0.060     7.000         0
  -15.637     6.725     0.060     7.000         0
  -15.828     6.734     0.060     7.000         0
  -16.032     6.750     0.060     7.000         0
  -16.252     6.762     0.060     7.000         0
  -16.443     6.776     0.060     7.000         0
  -16.638     6.796     0.060     7.000         0
  -16.830     6.815     0.060     7.000         0
  -17.033     6.833     0.060     7.000         0
  -17.251     6.862     0.060     7.000         0
  -17.445     6.879     0.060     7.000         0
  -17.637     6.895     0.060     7.000         0
  -17.831     6.927     0.060     7.000         0
  -18.052     6.977     0.060     7.000         0
  -18.246     7.011     0.060     7.000         0
  -18.447     7.047     0.060     7.000         0
  -18.667     7.087     0.060     7.000         0
  -18.862     7.112     0.060     7.000         0
  -19.054     7.164     0.060     7.000         0
  -19.247     7.201     0.060     7.000         0
  -19.465     7.244     0.060     7.000         0
  -19.666     7.264     0.060     7.000         0
  -19.860     7.311     0.060     7.000         0
  -20.081     7.360     0.060     7.000         0
  -20.299     7.398     0.060     7.000         0
  -20.494     7.458     0.060     7.000         0
  -20.687     7.503     0.060     7.000         0
  -20.905     7.555     0.060     7.000         0
  -21.100     7.593     0.060     7.000         0
  -21.320     7.621     0.060     7.000         0
  -21.521     7.655     0.060     7.000         0
  -21.742     7.678     0.060     7.000         0
  -21.933     7.706     0.060     7.000         0
  -22.128     7.734     0.060     7.000         0
  -22.346     7.760     0.060     7.000         0
  -22.540     7.790     0.060     7.000         0
  -22.760     7.826     0.060     7.000         0
  -22.961     7.858     0.060     7.000         0
  -23.182     7.894     0.060     7.000         0
  -23.376     7.925     0.060     7.000         0
  -23.594     7.960     0.060     7.000         0
  -23.788     7.991     0.060     7.000         0
  -23.979     8.027     0.060     7.000         0
  -24.200     8.058     0.060     7.000         0
  -24.395     8.089     0.060     7.000         0
  -24.595     8.121     0.060     7.000         0
  -24.816     8.166     0.060     7.000         0
  -25.008     8.193     0.060     7.000         0
  -25.202     8.229     0.060     7.000         0
  -25.422     8.271     0.060     7.000         0
  -25.614     8.308     0.060     7.000         0
  -25.817     8.346     0.060     7.000         0
  -26.009     8.402     0.060     7.000         0
  -26.204     8.424     0.060     7.000         0
  -26.422     8.471     0.060     7.000         0
  -26.616     8.513     0.060     7.000         0
  -26.810     8.541     0.060     7.000         0
  -27.010     8.580     0.060     7.000         0
  -27.205     8.638     0.060     7.000         0
  -27.400     8.675     0.060     7.000         0
  -27.618     8.718     0.060     7.000         0
  -27.812     8.751     0.060     7.000         0
  -28.013     8.775     0.060     7.000         0
  -28.207     8.823     0.060     7.000         0
  -28.399     8.855     0.060     7.000         0
  -28.593     8.892     0.060     7.000         0
  -28.813     8.936     0.060     7.000         0
  -29.005     8.978     0.060     7.000         0
  -29.209     9.013     0.060     7.000         0
  -29.400     9.055     0.060     7.000         0
  -29.595     9.088     0.060     7.000         0
  -29.813     9.106     0.060     7.000         0
  -30.006     9.177     0.060     7.000         0
  -30.210     9.218     0.060     7.000         0
  -30.402     9.246     0.060     7.000         0
  -30.596     9.270     0.060     7.000         0
  -30.814     9.319     0.060     7.000         0
  -31.009     9.360     0.060     7.000         0
  -31.203     9.390     0.060     7.000         0
  -31.404     9.453     0.060     7.000         0
  -31.598     9.493     0.060     7.000         0
  -31.818     9.525     0.060     7.000         0
  -32.010     9.560     0.060     7.000         0
  -32.205     9.621     0.060     7.000         0
  -20.494     8.226     0.060    10.000         0
  -20.687     8.251     0.060    10.000         0
  -20.905     8.278     0.060    10.000         0
  -21.100     8.293     0.060    10.000         0
  -21.320     8.301     0.060    10.000         0
  -21.521     8.322     0.060    10.000         0
  -21.742     8.345     0.060    10.000         0
  -21.933     8.369     0.060    10.000         0
  -22.128     8.384     0.060    10.000         0
  -22.346     8.407     0.060    10.000         0
  -22.540     8.427     0.060    10.000         0
  -22.760     8.450     0.060    10.000         0
  -22.961     8.475     0.060    10.000         0
  -23.182     8.504     0.060    10.000         0
  -23.376     8.533     0.060    10.000         0
  -23.594     8.561     0.060    10.000         0
  -23.788     8.590     0.060    10.000         0
  -23.979     8.633     0.060    10.000         0
  -24.200     8.647     0.060    10.000         0
  -24.395     8.677     0.060    10.000         0
  -24.595     8.712     0.060    10.000         0
  -24.816     8.740     0.060    10.000         0
  -25.008     8.769     0.060    10.000         0
  -25.202     8.798     0.060    10.000         0
  -25.422     8.832     0.060    10.000         0
  -25.614     8.861     0.060    10.000         0
  -25.817     8.906     0.060    10.000         0
  -26.009     8.921     0.060    10.000         0
  -26.204     8.952     0.060    10.000         0
  -26.422     8.976     0.060    10.000         0
  -26.616     9.001     0.060    10.000         0
  -26.810     9.026     0.060    10.000         0
  -27.010     9.052     0.060    10.000         0
  -27.205     9.078     0.060    10.000         0
  -27.400     9.108     0.060    10.000         0
  -27.618     9.132     0.060    10.000         0
  -27.812     9.162     0.060    10.000         0
  -28.013     9.194     0.060    10.000         0
  -28.207     9.219     0.060    10.000         0
  -28.399     9.244     0.060    10.000         0
  -28.593     9.260     0.060    10.000         0
  -28.813     9.289     0.060    10.000         0
  -29.005     9.314     0.060    10.000         0
  -29.209     9.351     0.060    10.000         0
  -29.400     9.386     0.060    10.000         0
  -29.595     9.417     0.060    10.000         0
  -29.813     9.446     0.060    10.000         0
  -30.006     9.471     0.060    10.000         0
  -30.210     9.498     0.060    10.000         0
  -30.402     9.502     0.060    10.000         0
  -30.596     9.538     0.060    10.000         0
  -30.814     9.562     0.060    10.000         0
  -31.009     9.592     0.060    10.000         0
  -31.203     9.617     0.060    10.000         0
  -31.404     9.644     0.060    10.000         0
  -31.598     9.671     0.060    10.000         0
  -31.818     9.692     0.060    10.000         0
  -32.010     9.703     0.060    10.000         0
  -32.205     9.725     0.060    10.000         0
  -32.405     9.748     0.060    10.000         0
  -32.600     9.770     0.060    10.000         0
  -32.792     9.792     0.060    10.000         0
  -32.985     9.814     0.060    10.000         0
  -33.177     9.841     0.060    10.000         0
  -33.354     9.871     0.060    10.000         0
  -33.549     9.893     0.060    10.000         0
  -33.741     9.911     0.060    10.000         0
  -33.944     9.961     0.060    10.000         0
  -34.136     9.990     0.060    10.000         0
  -34.331    10.018     0.060    10.000         0
  -34.524    10.027     0.060    10.000         0
  -34.716    10.075     0.060    10.000         0
  -34.919    10.105     0.060    10.000         0
  -35.111    10.134     0.060    10.000         0
  -35.306    10.152     0.060    10.000         0
  -35.497    10.189     0.060    10.000         0
  -35.701    10.218     0.060    10.000         0
  -35.895    10.250     0.060    10.000         0
  -36.086    10.277     0.060    10.000         0
  -36.281    10.285     0.060    10.000         0
  -36.499    10.316     0.060    10.000         0
  -36.694    10.344     0.060    10.000         0
  -36.897    10.372     0.060    10.000         0
  -37.089    10.399     0.060    10.000         0
  -37.283    10.442     0.060    10.000         0
  -37.475    10.464     0.060    10.000         0
    0.000     0.000     0.000        -1
