    0.000     1.000     0.000         0
    5.911     4.809     0.060     1.000         0
    5.708     4.696     0.060     1.000         0
    5.490     4.587     0.060     1.000         0
    5.297     4.492     0.060     1.000         0
    5.102     4.391     0.060     1.000         0
    4.885     4.279     0.060     1.000         0
    4.690     4.182     0.060     1.000         0
    4.472     4.073     0.060     1.000         0
    4.251     3.967     0.060     1.000         0
    4.030     3.844     0.060     1.000         0
    3.813     3.736     0.060     1.000         0
    3.594     3.631     0.060     1.000         0
    3.390     3.533     0.060     1.000         0
    3.169     3.446     0.060     1.000         0
    2.952     3.361     0.060     1.000         0
    2.735     3.276     0.060     1.000         0
    2.514     3.197     0.060     1.000         0
    2.320     3.113     0.060     1.000         0
    2.099     3.053     0.060     1.000         0
    1.883     2.994     0.060     1.000         0
    1.662     2.939     0.060     1.000         0
    1.446     2.884     0.060     1.000         0
    1.250     2.843     0.060     1.000         0
    1.029     2.804     0.060     1.000         0
    0.815     2.770     0.060     1.000         0
    0.623     2.747     0.060     1.000         0
    0.415     2.726     0.060     1.000         0
    0.206     2.705     0.060     1.000         0
    0.092     2.703     0.060     1.000         0
    0.260     2.713     0.060     1.000         0
    0.466     2.730     0.060     1.000         0
    0.665     2.750     0.060     1.000         0
    0.883     2.777     0.060     1.000         0
    1.101     2.811     0.060     1.000         0
   59.559    13.021     0.060     3.000         0
   59.339    12.964     0.060     3.000         0
   59.101    12.923     0.060     3.000         0
   58.883    12.879     0.060     3.000         0
   58.681    12.827     0.060     3.000         0
   58.461    12.775     0.060     3.000         0
   58.223    12.743     0.060     3.000         0
   58.002    12.690     0.060     3.000         0
   57.782    12.658     0.060     3.000         0
   57.564    12.610     0.060     3.000         0
   57.344    12.585     0.060     3.000         0
   57.127    12.557     0.060     3.000         0
   56.909    12.520     0.060     3.000         0
   56.662    12.475     0.060     3.000         0
   56.445    12.443     0.060     3.000         0
   56.224    12.418     0.060     3.000         0
   56.006    12.370     0.060     3.000         0
   55.786    12.334     0.060     3.000         0
   55.568    12.294     0.060     3.000         0
   55.349    12.253     0.060     3.000         0
   55.131    12.201     0.060     3.000         0
   54.910    12.176     0.060     3.000         0
   54.693    12.124     0.060     3.000         0
   54.475    12.100     0.060     3.000         0
   54.255    12.023     0.060     3.000         0
   54.037    11.989     0.060     3.000         0
   53.816    11.938     0.060     3.000         0
   53.599    11.915     0.060     3.000         0
   53.352    11.855     0.060     3.000         0
   53.132    11.816     0.060     3.000         0
   52.943    11.780     0.060     3.000         0
   52.697    11.751     0.060     3.000         0
   52.477    11.697     0.060     3.000         0
   52.259    11.666     0.060     3.000         0
   52.038    11.628     0.060     3.000         0
   51.818    11.614     0.060     3.000         0
   51.600    11.564     0.060     3.000         0
   51.409    11.539     0.060     3.000         0
   51.163    11.512     0.060     3.000         0
   50.968    11.488     0.060     3.000         0
   50.725    11.439     0.060     3.000         0
   50.504    11.395     0.060     3.000         0
   50.286    11.363     0.060     3.000         0
   50.066    11.327     0.060     3.000         0
   49.845    11.304     0.060     3.000         0
   49.626    11.259     0.060     3.000         0
   49.408    11.237     0.060     3.000         0
   49.187    11.207     0.060     3.000         0
   48.970    11.166     0.060     3.000         0
   48.723    11.139     0.060     3.000         0
   48.505    11.105     0.060     3.000         0
   48.285    11.079     0.060     3.000         0
   48.065    11.053     0.060     3.000         0
   47.845    11.039     0.060     3.000         0
   47.627    11.017     0.060     3.000         0
   47.406    10.979     0.060     3.000         0
   47.168    10.949     0.060     3.000         0
   46.951    10.930     0.060     3.000         0
   46.730    10.915     0.060     3.000         0
   46.512    10.876     0.060     3.000         0
   46.293    10.869     0.060     3.000         0
   46.072    10.838     0.060     3.000         0
   45.855    10.811     0.060     3.000         0
   45.634    10.766     0.060     3.000         0
   45.413    10.730     0.060     3.000         0
   45.194    10.710     0.060     3.000         0
   44.976    10.674     0.060     3.000         0
   44.755    10.637     0.060     3.000         0
   44.538    10.589     0.060     3.000         0
   44.317    10.555     0.060     3.000         0
   44.097    10.504     0.060     3.000         0
   43.876    10.466     0.060     3.000         0
   43.658    10.436     0.060     3.000         0
   43.439    10.409     0.060     3.000         0
   43.221    10.373     0.060     3.000         0
   43.000    10.329     0.060     3.000         0
   42.780    10.313     0.060     3.000         0
   42.562    10.274     0.060     3.000         0
   42.342    10.262     0.060     3.000         0
   42.122    10.230     0.060     3.000         0
   41.904    10.223     0.060     3.000         0
   41.701    10.201     0.060     3.000         0
   41.507    10.196     0.060     3.000         0
   41.341    10.166     0.060     3.000         0
   41.141    10.144     0.060     3.000         0
   40.946    10.126     0.060     3.000         0
   40.778    10.113     0.060     3.000         0
   40.587    10.076     0.060     3.000         0
   40.386    10.070     0.060     3.000         0
   40.193    10.049     0.060     3.000         0
   39.998    10.015     0.060     3.000         0
   39.781     9.991     0.060     3.000         0
   39.586     9.971     0.060     3.000         0
   39.383     9.929     0.060     3.000         0
   39.165     9.908     0.060     3.000         0
   38.972     9.880     0.060     3.000         0
   38.780     9.855     0.060     3.000         0
   38.560     9.803     0.060     3.000         0
   38.365     9.789     0.060     3.000         0
   38.147     9.738     0.060     3.000         0
   37.953     9.712     0.060     3.000         0
   37.750     9.673     0.060     3.000         0
   37.532     9.655     0.060     3.000         0
   37.338     9.614     0.060     3.000         0
   37.121     9.574     0.060     3.000         0
   36.926     9.563     0.060     3.000         0
   36.735     9.524     0.060     3.000         0
   36.514     9.484     0.060     3.000         0
   36.314     9.464     0.060     3.000         0
   36.093     9.426     0.060     3.000         0
   35.900     9.375     0.060     3.000         0
   35.708     9.340     0.060     3.000         0
   35.488     9.324     0.060     3.000         0
   35.293     9.288     0.060     3.000         0
   35.101     9.278     0.060     3.000         0
   34.881     9.247     0.060     3.000         0
   34.678     9.235     0.060     3.000         0
   34.486     9.209     0.060     3.000         0
   34.268     9.177     0.060     3.000         0
   34.075     9.135     0.060     3.000         0
   33.880     9.093     0.060     3.000         0
   28.394     8.443     0.060     7.000         0
   28.192     8.402     0.060     7.000         0
   27.974     8.350     0.060     7.000         0
   27.779     8.313     0.060     7.000         0
   27.588     8.253     0.060     7.000         0
   27.367     8.221     0.060     7.000         0
   27.173     8.168     0.060     7.000         0
   26.981     8.125     0.060     7.000         0
   26.761     8.050     0.060     7.000         0
   26.561     8.004     0.060     7.000         0
   26.367     7.986     0.060     7.000         0
   26.149     7.947     0.060     7.000         0
   25.954     7.920     0.060     7.000         0
   25.734     7.875     0.060     7.000         0
   25.542     7.855     0.060     7.000         0
   25.322     7.810     0.060     7.000         0
   25.119     7.780     0.060     7.000         0
   24.902     7.757     0.060     7.000         0
   24.707     7.748     0.060     7.000         0
   24.489     7.728     0.060     7.000         0
   24.295     7.699     0.060     7.000         0
   24.074     7.659     0.060     7.000         0
   23.883     7.632     0.060     7.000         0
   23.665     7.600     0.060     7.000         0
   23.468     7.572     0.060     7.000         0
   23.251     7.552     0.060     7.000         0
   23.047     7.519     0.060     7.000         0
   22.830     7.480     0.060     7.000         0
   22.609     7.444     0.060     7.000         0
   22.418     7.417     0.060     7.000         0
   22.197     7.390     0.060     7.000         0
   22.003     7.350     0.060     7.000         0
   21.812     7.337     0.060     7.000         0
   21.591     7.307     0.060     7.000         0
   21.373     7.271     0.060     7.000         0
   21.170     7.247     0.060     7.000         0
   20.949     7.222     0.060     7.000         0
   20.758     7.209     0.060     7.000         0
   20.538     7.156     0.060     7.000         0
   20.344     7.109     0.060     7.000         0
   20.126     7.060     0.060     7.000         0
   19.905     7.023     0.060     7.000         0
   19.714     6.977     0.060     7.000         0
   19.493     6.936     0.060     7.000         0
   19.272     6.879     0.060     7.000         0
   19.081     6.843     0.060     7.000         0
   18.861     6.811     0.060     7.000         0
   18.644     6.779     0.060     7.000         0
   18.440     6.749     0.060     7.000         0
   18.219     6.725     0.060     7.000         0
   18.002     6.687     0.060     7.000         0
   17.807     6.669     0.060     7.000         0
   17.587     6.630     0.060     7.000         0
   17.370     6.605     0.060     7.000         0
   17.175     6.574     0.060     7.000         0
   16.958     6.544     0.060     7.000         0
   16.737     6.522     0.060     7.000         0
   16.516     6.483     0.060     7.000         0
   16.325     6.457     0.060     7.000         0
   16.104     6.422     0.060     7.000         0
   15.884     6.377     0.060     7.000         0
   15.684     6.347     0.060     7.000         0
   15.489     6.321     0.060     7.000         0
   15.489     6.313     0.060     7.000         0
   15.077     6.255     0.060     7.000         0
   14.856     6.202     0.060     7.000         0
   14.665     6.169     0.060     7.000         0
   14.445     6.140     0.060     7.000         0
   14.254     6.117     0.060     7.000         0
   14.050     6.101     0.060     7.000         0
   13.833     6.092     0.060     7.000         0
   13.638     6.077     0.060     7.000         0
   13.443     6.061     0.060     7.000         0
   13.223     6.035     0.060     7.000         0
   13.031     6.012     0.060     7.000         0
   12.811     5.977     0.060     7.000         0
   12.611     5.951     0.060     7.000         0
   12.417     5.913     0.060     7.000         0
   12.199     5.871     0.060     7.000         0
   12.004     5.842     0.060     7.000         0
   11.810     5.812     0.060     7.000         0
   11.618     5.779     0.060     7.000         0
   11.399     5.725     0.060     7.000         0
   11.198     5.691     0.060     7.000         0
   11.004     5.665     0.060     7.000         0
   10.783     5.632     0.060     7.000         0
   10.592     5.600     0.060     7.000         0
   10.397     5.576     0.060     7.000         0
   10.179     5.536     0.060     7.000         0
    9.976     5.506     0.060     7.000         0
    9.782     5.477     0.060     7.000         0
    9.591     5.457     0.060     7.000         0
    9.396     5.420     0.060     7.000         0
    9.179     5.396     0.060     7.000         0
    8.984     5.360     0.060     7.000         0
    8.784     5.330     0.060     7.000         0
    8.563     5.294     0.060     7.000         0
    8.369     5.261     0.060     7.000         0
    8.152     5.225     0.060     7.000         0
    7.957     5.177     0.060     7.000         0
    7.762     5.152     0.060     7.000         0
    7.541     5.124     0.060     7.000         0
    7.341     5.092     0.060     7.000         0
    7.147     5.060     0.060     7.000         0
    6.929     5.016     0.060     7.000         0
    6.738     4.993     0.060     7.000         0
    6.518     4.949     0.060     7.000         0
    6.323     4.918     0.060     7.000         0
   33.663     9.091     0.060    10.000         0
   33.459     9.073     0.060    10.000         0
   33.239     9.041     0.060    10.000         0
   33.047     9.005     0.060    10.000         0
   32.854     8.976     0.060    10.000         0
   32.662     8.956     0.060    10.000         0
   32.442     8.929     0.060    10.000         0
   32.250     8.912     0.060    10.000         0
   32.047     8.891     0.060    10.000         0
   31.829     8.887     0.060    10.000         0
   31.632     8.867     0.060    10.000         0
   31.440     8.834     0.060    10.000         0
   31.246     8.818     0.060    10.000         0
   31.029     8.799     0.060    10.000         0
   30.826     8.797     0.060    10.000         0
   30.608     8.761     0.060    10.000         0
   30.413     8.741     0.060    10.000         0
   30.196     8.738     0.060    10.000         0
   30.001     8.717     0.060    10.000         0
   29.808     8.701     0.060    10.000         0
   29.590     8.677     0.060    10.000         0
   29.395     8.657     0.060    10.000         0
   29.195     8.627     0.060    10.000         0
   29.001     8.627     0.060    10.000         0
   28.809     8.599     0.060    10.000         0
    0.000    -1.000     0.000         0
   -1.320     2.842     0.060     1.000         0
   -1.539     2.894     0.060     1.000         0
   -1.732     2.947     0.060     1.000         0
   -1.952     3.008     0.060     1.000         0
   -2.171     3.069     0.060     1.000         0
   -2.390     3.137     0.060     1.000         0
   -2.582     3.212     0.060     1.000         0
   -2.802     3.289     0.060     1.000         0
   -2.994     3.372     0.060     1.000         0
   -3.214     3.458     0.060     1.000         0
   -3.435     3.551     0.060     1.000         0
   -3.635     3.642     0.060     1.000         0
   -3.855     3.742     0.060     1.000         0
   -4.049     3.831     0.060     1.000         0
   -4.270     3.939     0.060     1.000         0
   -4.488     4.040     0.060     1.000         0
   -4.680     4.144     0.060     1.000         0
   -4.900     4.250     0.060     1.000         0
   -5.121     4.356     0.060     1.000         0
   -5.313     4.460     0.060     1.000         0
   -5.532     4.581     0.060     1.000         0
   -5.753     4.695     0.060     1.000         0
   -5.947     4.810     0.060     1.000         0
   -6.165     4.930     0.060     1.000         0
   -6.386     5.071     0.060     1.000         0
   -6.586     5.199     0.060     1.000         0
   -6.806     5.274     0.060     1.000         0
  -39.936    10.727     0.060     3.000         0
  -40.131    10.751     0.060     3.000         0
  -40.348    10.783     0.060     3.000         0
  -40.542    10.811     0.060     3.000         0
  -40.745    10.856     0.060     3.000         0
  -40.937    10.879     0.060     3.000         0
  -41.132    10.915     0.060     3.000         0
  -41.350    10.935     0.060     3.000         0
  -41.544    10.967     0.060     3.000         0
  -41.739    11.007     0.060     3.000         0
  -41.939    11.024     0.060     3.000         0
  -42.133    11.060     0.060     3.000         0
  -42.354    11.084     0.060     3.000         0
  -42.546    11.124     0.060     3.000         0
  -42.740    11.151     0.060     3.000         0
  -42.941    11.161     0.060     3.000         0
  -43.136    11.199     0.060     3.000         0
  -43.327    11.216     0.060     3.000         0
  -43.521    11.233     0.060     3.000         0
  -43.713    11.242     0.060     3.000         0
  -43.890    11.261     0.060     3.000         0
  -44.085    11.286     0.060     3.000         0
  -44.276    11.291     0.060     3.000         0
  -44.480    11.325     0.060     3.000         0
  -44.671    11.346     0.060     3.000         0
  -44.866    11.352     0.060     3.000         0
  -45.060    11.377     0.060     3.000         0
  -45.252    11.406     0.060     3.000         0
  -45.455    11.429     0.060     3.000         0
  -45.647    11.474     0.060     3.000         0
  -45.841    11.507     0.060     3.000         0
  -46.033    11.520     0.060     3.000         0
  -46.236    11.571     0.060     3.000         0
  -46.430    11.584     0.060     3.000         0
  -46.622    11.629     0.060     3.000         0
  -46.817    11.647     0.060     3.000         0
  -47.034    11.696     0.060     3.000         0
  -47.229    11.726     0.060     3.000         0
  -47.433    11.753     0.060     3.000         0
  -47.624    11.765     0.060     3.000         0
  -47.819    11.789     0.060     3.000         0
  -48.011    11.813     0.060     3.000         0
  -48.213    11.847     0.060     3.000         0
  -48.408    11.871     0.060     3.000         0
  -48.600    11.891     0.060     3.000         0
  -48.794    11.900     0.060     3.000         0
  -48.986    11.936     0.060     3.000         0
  -49.189    11.949     0.060     3.000         0
  -49.357    11.981     0.060     3.000         0
  -49.531    12.001     0.060     3.000         0
  -49.723    12.016     0.060     3.000         0
  -49.892    12.031     0.060     3.000         0
  -50.066    12.072     0.060     3.000         0
  -50.261    12.095     0.060     3.000         0
  -50.426    12.102     0.060     3.000         0
  -50.603    12.139     0.060     3.000         0
  -50.772    12.146     0.060     3.000         0
  -50.946    12.183     0.060     3.000         0
  -51.138    12.194     0.060     3.000         0
  -51.306    12.225     0.060     3.000         0
  -51.480    12.241     0.060     3.000         0
  -51.648    12.276     0.060     3.000         0
  -51.843    12.300     0.060     3.000         0
  -52.017    12.316     0.060     3.000         0
  -52.186    12.343     0.060     3.000         0
  -52.360    12.366     0.060     3.000         0
  -52.554    12.389     0.060     3.000         0
  -52.720    12.407     0.060     3.000         0
  -52.897    12.414     0.060     3.000         0
  -53.062    12.452     0.060     3.000         0
  -53.266    12.460     0.060     3.000         0
  -53.431    12.486     0.060     3.000         0
  -53.600    12.501     0.060     3.000         0
  -53.800    12.528     0.060     3.000         0
  -53.969    12.562     0.060     3.000         0
  -54.143    12.586     0.060     3.000         0
  -54.311    12.592     0.060     3.000         0
  -54.476    12.618     0.060     3.000         0
  -54.680    12.651     0.060     3.000         0
  -54.845    12.657     0.060     3.000         0
  -55.023    12.693     0.060     3.000         0
  -55.218    12.705     0.060     3.000         0
  -55.383    12.735     0.060     3.000         0
  -55.557    12.763     0.060     3.000         0
  -55.751    12.786     0.060     3.000         0
  -55.920    12.809     0.060     3.000         0
  -56.094    12.817     0.060     3.000         0
  -56.289    12.856     0.060     3.000         0
  -56.454    12.862     0.060     3.000         0
  -56.658    12.887     0.060     3.000         0
  -56.823    12.905     0.060     3.000         0
  -57.018    12.933     0.060     3.000         0
  -57.192    12.968     0.060     3.000         0
  -57.386    12.979     0.060     3.000         0
  -57.552    13.002     0.060     3.000         0
  -57.755    13.034     0.060     3.000         0
  -57.921    13.057     0.060     3.000         0
  -58.115    13.080     0.060     3.000         0
  -58.293    13.096     0.060     3.000         0
  -58.484    13.142     0.060     3.000         0
  -58.652    13.165     0.060     3.000         0
  -58.852    13.197     0.060     3.000         0
  -59.021    13.211     0.060     3.000         0
  -59.213    13.248     0.060     3.000         0
  -59.390    13.279     0.060     3.000         0
  -59.582    13.296     0.060     3.000         0
  -59.750    13.332     0.060     3.000         0
  -59.925    13.354     0.060     3.000         0
  -60.119    13.404     0.060     3.000         0
  -60.294    13.426     0.060     3.000         0
  -60.488    13.459     0.060     3.000         0
  -60.653    13.492     0.060     3.000         0
  -60.848    13.522     0.060     3.000         0
  -61.048    13.536     0.060     3.000         0
  -61.217    13.578     0.060     3.000         0
  -61.412    13.592     0.060     3.000         0
  -61.586    13.618     0.060     3.000         0
  -61.780    13.648     0.060     3.000         0
  -61.971    13.677     0.060     3.000         0
  -62.166    13.707     0.060     3.000         0
  -62.370    13.729     0.060     3.000         0
  -62.535    13.761     0.060     3.000         0
  -62.730    13.795     0.060     3.000         0
  -62.930    13.822     0.060     3.000         0
  -63.125    13.837     0.060     3.000         0
  -63.317    13.876     0.060     3.000         0
  -63.511    13.903     0.060     3.000         0
  -63.702    13.914     0.060     3.000         0
  -63.880    13.934     0.060     3.000         0
  -64.074    13.958     0.060     3.000         0
  -64.266    13.980     0.060     3.000         0
  -64.470    14.025     0.060     3.000         0
  -64.661    14.048     0.060     3.000         0
  -64.855    14.067     0.060     3.000         0
  -65.047    14.102     0.060     3.000         0
  -65.242    14.153     0.060     3.000         0
  -65.445    14.174     0.060     3.000         0
  -65.637    14.216     0.060     3.000         0
  -65.832    14.259     0.060     3.000         0
  -66.023    14.278     0.060     3.000         0
  -66.227    14.319     0.060     3.000         0
  -66.421    14.353     0.060     3.000         0
  -66.612    14.396     0.060     3.000         0
  -66.833    14.428     0.060     3.000         0
  -67.025    14.458     0.060     3.000         0
  -67.220    14.493     0.060     3.000         0
  -67.423    14.546     0.060     3.000         0
  -67.615    14.581     0.060     3.000         0
  -67.809    14.616     0.060     3.000         0
  -68.000    14.650     0.060     3.000         0
  -68.204    14.687     0.060     3.000         0
  -68.396    14.721     0.060     3.000         0
  -68.590    14.740     0.060     3.000         0
  -68.785    14.783     0.060     3.000         0
  -68.977    14.816     0.060     3.000         0
  -69.180    14.849     0.060     3.000         0
  -69.372    14.877     0.060     3.000         0
  -69.566    14.902     0.060     3.000         0
  -69.761    14.922     0.060     3.000         0
  -69.961    14.948     0.060     3.000         0
  -70.156    14.992     0.060     3.000         0
  -70.348    15.004     0.060     3.000         0
  -70.542    15.041     0.060     3.000         0
  -70.736    15.069     0.060     3.000         0
   -7.218     5.363     0.060     7.000         0
   -7.413     5.407     0.060     7.000         0
   -7.633     5.448     0.060     7.000         0
   -7.851     5.488     0.060     7.000         0
   -8.046     5.509     0.060     7.000         0
   -8.264     5.565     0.060     7.000         0
   -8.466     5.587     0.060     7.000         0
   -8.687     5.644     0.060     7.000         0
   -8.878     5.680     0.060     7.000         0
   -9.099     5.721     0.060     7.000         0
   -9.293     5.753     0.060     7.000         0
   -9.511     5.790     0.060     7.000         0
   -9.703     5.817     0.060     7.000         0
   -9.897     5.869     0.060     7.000         0
  -10.117     5.894     0.060     7.000         0
  -10.318     5.944     0.060     7.000         0
  -10.512     5.980     0.060     7.000         0
  -10.730     6.021     0.060     7.000         0
  -10.925     6.061     0.060     7.000         0
  -11.145     6.094     0.060     7.000         0
  -11.337     6.133     0.060     7.000         0
  -11.557     6.169     0.060     7.000         0
  -11.760     6.202     0.060     7.000         0
  -11.978     6.238     0.060     7.000         0
  -12.173     6.270     0.060     7.000         0
  -12.390     6.305     0.060     7.000         0
  -12.585     6.337     0.060     7.000         0
  -12.803     6.373     0.060     7.000         0
  -12.996     6.404     0.060     7.000         0
  -13.191     6.420     0.060     7.000         0
  -13.409     6.456     0.060     7.000         0
  -13.612     6.505     0.060     7.000         0
  -13.804     6.525     0.060     7.000         0
  -13.998     6.564     0.060     7.000         0
  -14.219     6.596     0.060     7.000         0
  -14.413     6.624     0.060     7.000         0
  -14.611     6.661     0.060     7.000         0
  -14.805     6.701     0.060     7.000         0
  -15.026     6.737     0.060     7.000         0
  -15.220     6.769     0.060     7.000         0
  -15.415     6.801     0.060     7.000         0
  -15.633     6.837     0.060     7.000         0
  -15.824     6.869     0.060     7.000         0
  -16.027     6.902     0.060     7.000         0
  -16.221     6.934     0.060     7.000         0
  -16.413     6.950     0.060     7.000         0
  -16.607     6.990     0.060     7.000         0
  -16.808     7.031     0.060     7.000         0
  -17.029     7.052     0.060     7.000         0
  -17.223     7.096     0.060     7.000         0
  -17.415     7.116     0.060     7.000         0
  -17.609     7.148     0.060     7.000         0
  -17.800     7.187     0.060     7.000         0
  -18.004     7.225     0.060     7.000         0
  -18.195     7.252     0.060     7.000         0
  -18.390     7.289     0.060     7.000         0
  -18.582     7.310     0.060     7.000         0
  -18.785     7.332     0.060     7.000         0
  -18.977     7.365     0.060     7.000         0
  -19.170     7.406     0.060     7.000         0
  -19.365     7.419     0.060     7.000         0
  -19.556     7.447     0.060     7.000         0
  -19.760     7.494     0.060     7.000         0
  -19.951     7.514     0.060     7.000         0
  -20.146     7.547     0.060     7.000         0
  -20.364     7.576     0.060     7.000         0
  -20.559     7.593     0.060     7.000         0
  -20.761     7.619     0.060     7.000         0
  -20.953     7.620     0.060     7.000         0
  -21.147     7.637     0.060     7.000         0
  -21.342     7.655     0.060     7.000         0
  -21.533     7.672     0.060     7.000         0
  -21.737     7.690     0.060     7.000         0
  -21.928     7.723     0.060     7.000         0
  -22.122     7.740     0.060     7.000         0
  -22.343     7.752     0.060     7.000         0
  -22.535     7.782     0.060     7.000         0
  -22.738     7.804     0.060     7.000         0
  -22.930     7.826     0.060     7.000         0
  -23.150     7.835     0.060     7.000         0
  -23.345     7.857     0.060     7.000         0
  -23.537     7.886     0.060     7.000         0
  -23.756     7.911     0.060     7.000         0
  -23.948     7.957     0.060     7.000         0
  -24.151     8.001     0.060     7.000         0
  -24.343     8.047     0.060     7.000         0
  -24.564     8.083     0.060     7.000         0
  -24.759     8.134     0.060     7.000         0
  -24.950     8.168     0.060     7.000         0
  -25.153     8.208     0.060     7.000         0
  -25.370     8.268     0.060     7.000         0
  -25.565     8.306     0.060     7.000         0
  -25.760     8.349     0.060     7.000         0
  -25.978     8.360     0.060     7.000         0
  -26.172     8.377     0.060     7.000         0
  -26.364     8.410     0.060     7.000         0
  -26.567     8.412     0.060     7.000         0
  -26.787     8.431     0.060     7.000         0
  -26.979     8.448     0.060     7.000         0
  -27.173     8.465     0.060     7.000         0
  -27.365     8.482     0.060     7.000         0
  -27.568     8.500     0.060     7.000         0
  -27.786     8.519     0.060     7.000         0
  -27.981     8.544     0.060     7.000         0
  -28.173     8.584     0.060     7.000         0
  -28.366     8.605     0.060     7.000         0
  -28.587     8.638     0.060     7.000         0
  -28.782     8.687     0.060     7.000         0
  -28.982     8.721     0.060     7.000         0
  -29.203     8.743     0.060     7.000         0
  -29.398     8.784     0.060     7.000         0
  -29.589     8.808     0.060     7.000         0
  -29.783     8.853     0.060     7.000         0
  -30.001     8.886     0.060     7.000         0
  -30.201     8.921     0.060     7.000         0
  -30.396     8.980     0.060     7.000         0
  -30.617     9.020     0.060     7.000         0
  -30.834     9.059     0.060     7.000         0
  -31.029     9.101     0.060     7.000         0
  -31.223     9.159     0.060     7.000         0
  -31.441     9.202     0.060     7.000         0
  -31.635     9.240     0.060     7.000         0
  -31.441     9.433     0.060    10.000         0
  -31.635     9.448     0.060    10.000         0
  -31.856     9.470     0.060    10.000         0
  -32.056     9.490     0.060    10.000         0
  -32.277     9.513     0.060    10.000         0
  -32.469     9.551     0.060    10.000         0
  -32.664     9.554     0.060    10.000         0
  -32.881     9.576     0.060    10.000         0
  -33.075     9.607     0.060    10.000         0
  -33.296     9.638     0.060    10.000         0
  -33.496     9.642     0.060    10.000         0
  -33.717     9.672     0.060    10.000         0
  -33.912     9.701     0.060    10.000         0
  -34.130     9.738     0.060    10.000         0
  -34.323     9.770     0.060    10.000         0
  -34.515     9.822     0.060    10.000         0
  -34.736     9.848     0.060    10.000         0
  -34.930     9.877     0.060    10.000         0
  -35.131     9.922     0.060    10.000         0
  -35.352     9.952     0.060    10.000         0
  -35.543     9.984     0.060    10.000         0
  -35.738    10.017     0.060    10.000         0
  -35.958    10.067     0.060    10.000         0
  -36.149    10.102     0.060    10.000         0
  -36.353    10.125     0.060    10.000         0
  -36.545    10.161     0.060    10.000         0
  -36.739    10.193     0.060    10.000         0
  -36.957    10.234     0.060    10.000         0
  -37.152    10.283     0.060    10.000         0
  -37.345    10.303     0.060    10.000         0
  -37.546    10.337     0.060    10.000         0
  -37.741    10.373     0.060    10.000         0
  -37.935    10.402     0.060    10.000         0
  -38.153    10.439     0.060    10.000         0
  -38.348    10.484     0.060    10.000         0
  -38.548    10.514     0.060    10.000         0
  -38.743    10.552     0.060    10.000         0
  -38.935    10.593     0.060    10.000         0
  -39.128    10.646     0.060    10.000         0
  -39.349    10.673     0.060    10.000         0
  -39.541    10.718     0.060    10.000         0
  -39.744    10.769     0.060    10.000         0
  -39.936    10.806     0.060    10.000         0
  -40.131    10.847     0.060    10.000         0
  -40.348    10.890     0.060    10.000         0
  -40.542    10.927     0.060    10.000         0
  -40.745    10.963     0.060    10.000         0
    0.000     0.000     0.000        -1
