    0.000     1.000     0.000         0
    5.751     4.526     0.060     1.000         0
    5.530     4.419     0.060     1.000         0
    5.310     4.313     0.060     1.000         0
    5.110     4.237     0.060     1.000         0
    4.915     4.138     0.060     1.000         0
    4.915     4.146     0.060     1.000         0
    4.503     3.911     0.060     1.000         0
    4.282     3.777     0.060     1.000         0
    4.092     3.668     0.060     1.000         0
    3.872     3.579     0.060     1.000         0
    3.681     3.482     0.060     1.000         0
    3.478     3.388     0.060     1.000         0
    3.261     3.300     0.060     1.000         0
    3.066     3.213     0.060     1.000         0
    2.871     3.138     0.060     1.000         0
    2.650     3.063     0.060     1.000         0
    2.459     2.998     0.060     1.000         0
    2.240     2.931     0.060     1.000         0
    2.042     2.863     0.060     1.000         0
    1.847     2.805     0.060     1.000         0
    1.632     2.749     0.060     1.000         0
    1.437     2.699     0.060     1.000         0
    1.242     2.657     0.060     1.000         0
    1.054     2.619     0.060     1.000         0
    0.837     2.594     0.060     1.000         0
    0.646     2.572     0.060     1.000         0
    0.457     2.549     0.060     1.000         0
    0.254     2.519     0.060     1.000         0
    0.166     2.519     0.060     1.000         0
    0.234     2.521     0.060     1.000         0
    0.432     2.539     0.060     1.000         0
    0.620     2.560     0.060     1.000         0
    0.808     2.585     0.060     1.000         0
    0.999     2.611     0.060     1.000         0
    1.190     2.641     0.060     1.000         0
    1.408     2.691     0.060     1.000         0
    1.600     2.741     0.060     1.000         0
    1.801     2.793     0.060     1.000         0
   43.899    15.496     0.060     5.000         0
   43.679    15.461     0.060     5.000         0
   43.461    15.414     0.060     5.000         0
   43.240    15.374     0.060     5.000         0
   43.023    15.331     0.060     5.000         0
   42.776    15.283     0.060     5.000         0
   42.556    15.223     0.060     5.000         0
   42.367    15.202     0.060     5.000         0
   42.121    15.153     0.060     5.000         0
   41.901    15.094     0.060     5.000         0
   41.683    15.059     0.060     5.000         0
   41.462    15.009     0.060     5.000         0
   41.242    14.984     0.060     5.000         0
   41.024    14.935     0.060     5.000         0
   40.833    14.891     0.060     5.000         0
   40.587    14.861     0.060     5.000         0
   40.393    14.824     0.060     5.000         0
   40.149    14.762     0.060     5.000         0
   39.928    14.721     0.060     5.000         0
   39.711    14.680     0.060     5.000         0
   39.490    14.646     0.060     5.000         0
   39.269    14.592     0.060     5.000         0
   39.050    14.562     0.060     5.000         0
   38.832    14.500     0.060     5.000         0
   38.612    14.454     0.060     5.000         0
   38.394    14.424     0.060     5.000         0
   38.147    14.372     0.060     5.000         0
   37.930    14.318     0.060     5.000         0
   37.709    14.273     0.060     5.000         0
   37.489    14.240     0.060     5.000         0
   37.269    14.214     0.060     5.000         0
   37.051    14.177     0.060     5.000         0
   36.831    14.124     0.060     5.000         0
   36.592    14.099     0.060     5.000         0
   36.375    14.062     0.060     5.000         0
   36.154    14.025     0.060     5.000         0
   35.937    13.972     0.060     5.000         0
   35.717    13.943     0.060     5.000         0
   35.496    13.910     0.060     5.000         0
   35.279    13.879     0.060     5.000         0
   35.058    13.866     0.060     5.000         0
   34.838    13.830     0.060     5.000         0
   34.618    13.819     0.060     5.000         0
   34.400    13.800     0.060     5.000         0
   34.180    13.781     0.060     5.000         0
   33.962    13.762     0.060     5.000         0
   33.741    13.743     0.060     5.000         0
   33.521    13.716     0.060     5.000         0
   33.300    13.689     0.060     5.000         0
   33.083    13.670     0.060     5.000         0
   32.863    13.651     0.060     5.000         0
   32.645    13.641     0.060     5.000         0
   32.425    13.626     0.060     5.000         0
   32.204    13.627     0.060     5.000         0
   31.986    13.605     0.060     5.000         0
   31.766    13.569     0.060     5.000         0
   31.546    13.554     0.060     5.000         0
   31.329    13.526     0.060     5.000         0
   31.125    13.520     0.060     5.000         0
   30.931    13.483     0.060     5.000         0
   30.765    13.486     0.060     5.000         0
   30.565    13.464     0.060     5.000         0
   30.371    13.439     0.060     5.000         0
   30.202    13.429     0.060     5.000         0
   30.011    13.397     0.060     5.000         0
   29.811    13.391     0.060     5.000         0
   29.617    13.362     0.060     5.000         0
   29.422    13.349     0.060     5.000         0
   29.205    13.313     0.060     5.000         0
   29.010    13.300     0.060     5.000         0
   28.807    13.274     0.060     5.000         0
   28.589    13.234     0.060     5.000         0
   28.396    13.210     0.060     5.000         0
   28.204    13.182     0.060     5.000         0
   27.984    13.169     0.060     5.000         0
   27.789    13.141     0.060     5.000         0
   27.572    13.105     0.060     5.000         0
   27.377    13.066     0.060     5.000         0
   27.174    13.010     0.060     5.000         0
   26.956    12.940     0.060     5.000         0
   26.763    12.890     0.060     5.000         0
   26.545    12.859     0.060     5.000         0
   26.350    12.808     0.060     5.000         0
   23.499     7.513     0.060     7.000         0
   23.305     7.477     0.060     7.000         0
   23.087     7.464     0.060     7.000         0
   22.884     7.434     0.060     7.000         0
   22.663     7.402     0.060     7.000         0
   22.472     7.378     0.060     7.000         0
   22.278     7.337     0.060     7.000         0
   22.087     7.310     0.060     7.000         0
   21.866     7.297     0.060     7.000         0
   21.674     7.261     0.060     7.000         0
   21.471     7.239     0.060     7.000         0
   21.254     7.211     0.060     7.000         0
   21.056     7.174     0.060     7.000         0
   20.864     7.156     0.060     7.000         0
   20.671     7.150     0.060     7.000         0
   20.453     7.131     0.060     7.000         0
   20.250     7.113     0.060     7.000         0
   20.032     7.106     0.060     7.000         0
   19.838     7.067     0.060     7.000         0
   19.620     7.048     0.060     7.000         0
   19.426     7.017     0.060     7.000         0
   19.232     6.974     0.060     7.000         0
   19.014     6.946     0.060     7.000         0
   18.820     6.907     0.060     7.000         0
   18.620     6.875     0.060     7.000         0
   18.425     6.844     0.060     7.000         0
   18.234     6.813     0.060     7.000         0
   18.036     6.802     0.060     7.000         0
   17.818     6.758     0.060     7.000         0
   17.616     6.712     0.060     7.000         0
   17.398     6.652     0.060     7.000         0
   17.204     6.604     0.060     7.000         0
   17.012     6.536     0.060     7.000         0
   16.792     6.484     0.060     7.000         0
   16.597     6.443     0.060     7.000         0
   16.406     6.426     0.060     7.000         0
   16.186     6.381     0.060     7.000         0
   15.986     6.343     0.060     7.000         0
   15.791     6.310     0.060     7.000         0
   15.574     6.289     0.060     7.000         0
   15.379     6.256     0.060     7.000         0
   15.158     6.222     0.060     7.000         0
   14.967     6.174     0.060     7.000         0
   14.746     6.140     0.060     7.000         0
   14.544     6.110     0.060     7.000         0
   14.326     6.068     0.060     7.000         0
   14.132     6.043     0.060     7.000         0
   13.914     6.021     0.060     7.000         0
   13.719     5.994     0.060     7.000         0
   13.499     5.951     0.060     7.000         0
   13.307     5.924     0.060     7.000         0
   13.090     5.893     0.060     7.000         0
   12.893     5.882     0.060     7.000         0
   12.675     5.839     0.060     7.000         0
   12.472     5.819     0.060     7.000         0
   12.255     5.771     0.060     7.000         0
   12.034     5.743     0.060     7.000         0
   11.842     5.716     0.060     7.000         0
   11.622     5.676     0.060     7.000         0
   11.428     5.625     0.060     7.000         0
   11.237     5.606     0.060     7.000         0
   11.016     5.566     0.060     7.000         0
   10.798     5.514     0.060     7.000         0
   10.595     5.477     0.060     7.000         0
   10.374     5.444     0.060     7.000         0
   10.183     5.397     0.060     7.000         0
    9.963     5.354     0.060     7.000         0
    9.768     5.314     0.060     7.000         0
    9.551     5.284     0.060     7.000         0
    9.330     5.238     0.060     7.000         0
    9.139     5.202     0.060     7.000         0
    8.918     5.151     0.060     7.000         0
    8.697     5.101     0.060     7.000         0
    8.506     5.053     0.060     7.000         0
    8.286     5.011     0.060     7.000         0
    8.069     4.977     0.060     7.000         0
    7.865     4.939     0.060     7.000         0
    7.644     4.876     0.060     7.000         0
    7.427     4.843     0.060     7.000         0
    7.232     4.798     0.060     7.000         0
    7.013     4.756     0.060     7.000         0
    6.795     4.718     0.060     7.000         0
    6.601     4.689     0.060     7.000         0
    6.383     4.647     0.060     7.000         0
    6.163     4.609     0.060     7.000         0
   27.377     8.256     0.060    10.000         0
   27.174     8.200     0.060    10.000         0
   26.956     8.144     0.060    10.000         0
   26.763     8.099     0.060    10.000         0
   26.545     8.047     0.060    10.000         0
   26.350     8.013     0.060    10.000         0
   26.159     7.949     0.060    10.000         0
   25.938     7.900     0.060    10.000         0
   25.738     7.879     0.060    10.000         0
   25.518     7.831     0.060    10.000         0
   25.324     7.816     0.060    10.000         0
   25.133     7.785     0.060    10.000         0
   24.912     7.753     0.060    10.000         0
   24.717     7.721     0.060    10.000         0
   24.526     7.679     0.060    10.000         0
   24.305     7.642     0.060    10.000         0
   24.102     7.629     0.060    10.000         0
   23.910     7.590     0.060    10.000         0
   23.693     7.567     0.060    10.000         0
   23.499     7.550     0.060    10.000         0
   23.305     7.532     0.060    10.000         0
   23.087     7.525     0.060    10.000         0
   22.884     7.515     0.060    10.000         0
   22.663     7.498     0.060    10.000         0
   22.472     7.474     0.060    10.000         0
   22.278     7.460     0.060    10.000         0
   22.087     7.434     0.060    10.000         0
   21.866     7.433     0.060    10.000         0
   21.674     7.399     0.060    10.000         0
   21.471     7.400     0.060    10.000         0
   21.254     7.371     0.060    10.000         0
   21.056     7.348     0.060    10.000         0
   20.864     7.346     0.060    10.000         0
   20.671     7.319     0.060    10.000         0
   20.453     7.310     0.060    10.000         0
   20.250     7.283     0.060    10.000         0
    0.000    -1.000     0.000         0
   -2.019     2.842     0.060     1.000         0
   -2.212     2.903     0.060     1.000         0
   -2.431     2.981     0.060     1.000         0
   -2.624     3.050     0.060     1.000         0
   -2.817     3.131     0.060     1.000         0
   -3.037     3.206     0.060     1.000         0
   -3.238     3.296     0.060     1.000         0
   -3.432     3.383     0.060     1.000         0
   -3.650     3.486     0.060     1.000         0
   -3.842     3.576     0.060     1.000         0
   -4.062     3.679     0.060     1.000         0
   -4.256     3.774     0.060     1.000         0
   -4.448     3.869     0.060     1.000         0
   -4.668     3.979     0.060     1.000         0
   -4.870     4.088     0.060     1.000         0
   -5.089     4.205     0.060     1.000         0
   -5.282     4.309     0.060     1.000         0
   -5.476     4.421     0.060     1.000         0
   -5.694     4.532     0.060     1.000         0
   -5.888     4.645     0.060     1.000         0
  -43.458    10.790     0.060     3.000         0
  -43.651    10.824     0.060     3.000         0
  -43.872    10.855     0.060     3.000         0
  -44.073    10.895     0.060     3.000         0
  -44.293    10.922     0.060     3.000         0
  -44.488    10.957     0.060     3.000         0
  -44.706    10.988     0.060     3.000         0
  -44.900    11.019     0.060     3.000         0
  -45.091    11.062     0.060     3.000         0
  -45.312    11.085     0.060     3.000         0
  -45.507    11.132     0.060     3.000         0
  -45.707    11.160     0.060     3.000         0
  -45.928    11.183     0.060     3.000         0
  -46.120    11.214     0.060     3.000         0
  -46.314    11.261     0.060     3.000         0
  -46.534    11.280     0.060     3.000         0
  -46.726    11.319     0.060     3.000         0
  -46.929    11.352     0.060     3.000         0
  -47.121    11.375     0.060     3.000         0
  -47.316    11.406     0.060     3.000         0
  -47.533    11.457     0.060     3.000         0
  -47.728    11.489     0.060     3.000         0
  -47.922    11.504     0.060     3.000         0
  -48.122    11.552     0.060     3.000         0
  -48.317    11.568     0.060     3.000         0
  -48.512    11.607     0.060     3.000         0
  -48.729    11.638     0.060     3.000         0
  -48.924    11.682     0.060     3.000         0
  -49.125    11.714     0.060     3.000         0
  -49.319    11.741     0.060     3.000         0
  -49.511    11.776     0.060     3.000         0
  -49.705    11.800     0.060     3.000         0
  -49.925    11.827     0.060     3.000         0
  -50.117    11.858     0.060     3.000         0
  -50.321    11.899     0.060     3.000         0
  -50.512    11.922     0.060     3.000         0
  -50.707    11.969     0.060     3.000         0
  -50.925    11.996     0.060     3.000         0
  -51.118    12.019     0.060     3.000         0
  -51.322    12.052     0.060     3.000         0
  -51.514    12.099     0.060     3.000         0
  -51.708    12.130     0.060     3.000         0
  -51.926    12.154     0.060     3.000         0
  -52.121    12.181     0.060     3.000         0
  -52.315    12.212     0.060     3.000         0
  -52.516    12.261     0.060     3.000         0
  -52.710    12.292     0.060     3.000         0
  -52.930    12.311     0.060     3.000         0
  -53.122    12.346     0.060     3.000         0
  -53.317    12.374     0.060     3.000         0
  -53.517    12.414     0.060     3.000         0
  -53.712    12.446     0.060     3.000         0
  -53.904    12.465     0.060     3.000         0
  -54.097    12.477     0.060     3.000         0
  -54.289    12.516     0.060     3.000         0
  -54.466    12.538     0.060     3.000         0
  -54.661    12.545     0.060     3.000         0
  -54.853    12.573     0.060     3.000         0
  -55.056    12.593     0.060     3.000         0
  -55.248    12.617     0.060     3.000         0
  -55.443    12.653     0.060     3.000         0
  -55.636    12.672     0.060     3.000         0
  -55.828    12.704     0.060     3.000         0
  -56.031    12.712     0.060     3.000         0
  -56.223    12.752     0.060     3.000         0
  -56.418    12.763     0.060     3.000         0
  -56.609    12.799     0.060     3.000         0
  -56.813    12.808     0.060     3.000         0
  -57.007    12.839     0.060     3.000         0
  -57.198    12.862     0.060     3.000         0
  -57.393    12.892     0.060     3.000         0
  -57.611    12.917     0.060     3.000         0
  -57.806    12.923     0.060     3.000         0
   -6.107     4.737     0.060     7.000         0
   -6.327     4.770     0.060     7.000         0
   -6.547     4.804     0.060     7.000         0
   -6.765     4.834     0.060     7.000         0
   -6.985     4.864     0.060     7.000         0
   -7.188     4.888     0.060     7.000         0
   -7.408     4.914     0.060     7.000         0
   -7.626     4.943     0.060     7.000         0
   -7.845     4.980     0.060     7.000         0
   -8.065     5.017     0.060     7.000         0
   -8.258     5.058     0.060     7.000         0
   -8.479     5.100     0.060     7.000         0
   -8.697     5.144     0.060     7.000         0
   -8.917     5.186     0.060     7.000         0
   -9.135     5.238     0.060     7.000         0
   -9.330     5.291     0.060     7.000         0
   -9.550     5.346     0.060     7.000         0
   -9.768     5.405     0.060     7.000         0
   -9.962     5.454     0.060     7.000         0
  -10.180     5.500     0.060     7.000         0
  -10.400     5.556     0.060     7.000         0
  -10.595     5.598     0.060     7.000         0
  -10.813     5.646     0.060     7.000         0
  -11.033     5.694     0.060     7.000         0
  -11.236     5.730     0.060     7.000         0
  -11.453     5.773     0.060     7.000         0
  -11.674     5.792     0.060     7.000         0
  -11.895     5.828     0.060     7.000         0
  -12.113     5.875     0.060     7.000         0
  -12.307     5.910     0.060     7.000         0
  -12.528     5.945     0.060     7.000         0
  -12.745     5.980     0.060     7.000         0
  -12.965     6.015     0.060     7.000         0
  -13.157     6.046     0.060     7.000         0
  -13.378     6.074     0.060     7.000         0
  -13.569     6.104     0.060     7.000         0
  -13.790     6.149     0.060     7.000         0
  -14.011     6.185     0.060     7.000         0
  -14.211     6.229     0.060     7.000         0
  -14.431     6.276     0.060     7.000         0
  -14.625     6.327     0.060     7.000         0
  -14.846     6.360     0.060     7.000         0
  -15.064     6.416     0.060     7.000         0
  -15.255     6.463     0.060     7.000         0
  -15.476     6.509     0.060     7.000         0
  -15.697     6.555     0.060     7.000         0
  -15.888     6.595     0.060     7.000         0
  -16.108     6.632     0.060     7.000         0
  -16.329     6.674     0.060     7.000         0
  -16.523     6.704     0.060     7.000         0
  -16.741     6.734     0.060     7.000         0
  -16.962     6.768     0.060     7.000         0
  -17.162     6.803     0.060     7.000         0
  -17.382     6.826     0.060     7.000         0
  -17.574     6.855     0.060     7.000         0
  -17.794     6.893     0.060     7.000         0
  -17.989     6.917     0.060     7.000         0
  -18.210     6.954     0.060     7.000         0
  -18.428     6.990     0.060     7.000         0
  -18.622     7.038     0.060     7.000         0
  -18.840     7.073     0.060     7.000         0
  -19.042     7.099     0.060     7.000         0
  -19.263     7.139     0.060     7.000         0
  -19.455     7.171     0.060     7.000         0
  -19.675     7.211     0.060     7.000         0
  -19.870     7.243     0.060     7.000         0
  -20.088     7.279     0.060     7.000         0
  -20.279     7.310     0.060     7.000         0
  -20.473     7.334     0.060     7.000         0
  -20.694     7.370     0.060     7.000         0
  -20.894     7.411     0.060     7.000         0
  -21.089     7.427     0.060     7.000         0
  -21.307     7.474     0.060     7.000         0
  -21.501     7.510     0.060     7.000         0
  -21.722     7.546     0.060     7.000         0
  -21.913     7.577     0.060     7.000         0
  -22.133     7.613     0.060     7.000         0
  -22.337     7.643     0.060     7.000         0
  -22.554     7.682     0.060     7.000         0
  -22.749     7.698     0.060     7.000         0
  -22.967     7.741     0.060     7.000         0
  -23.161     7.765     0.060     7.000         0
  -23.379     7.800     0.060     7.000         0
  -23.573     7.831     0.060     7.000         0
  -23.767     7.874     0.060     7.000         0
  -23.985     7.897     0.060     7.000         0
  -24.188     7.929     0.060     7.000         0
  -24.380     7.968     0.060     7.000         0
  -24.575     8.000     0.060     7.000         0
  -24.795     8.035     0.060     7.000         0
  -24.989     8.075     0.060     7.000         0
  -25.188     8.107     0.060     7.000         0
  -25.381     8.131     0.060     7.000         0
  -25.602     8.163     0.060     7.000         0
  -25.797     8.207     0.060     7.000         0
  -25.991     8.238     0.060     7.000         0
  -26.209     8.274     0.060     7.000         0
  -26.401     8.305     0.060     7.000         0
  -26.603     8.330     0.060     7.000         0
  -26.798     8.361     0.060     7.000         0
  -26.989     8.375     0.060     7.000         0
  -27.184     8.418     0.060     7.000         0
  -27.384     8.429     0.060     7.000         0
  -27.605     8.471     0.060     7.000         0
  -27.800     8.490     0.060     7.000         0
  -27.991     8.516     0.060     7.000         0
  -28.185     8.546     0.060     7.000         0
  -28.377     8.572     0.060     7.000         0
  -28.580     8.596     0.060     7.000         0
  -28.772     8.635     0.060     7.000         0
  -28.966     8.662     0.060     7.000         0
  -29.158     8.688     0.060     7.000         0
  -29.361     8.700     0.060     7.000         0
  -29.553     8.726     0.060     7.000         0
  -29.747     8.769     0.060     7.000         0
  -29.941     8.788     0.060     7.000         0
  -30.133     8.812     0.060     7.000         0
  -30.336     8.833     0.060     7.000         0
  -30.528     8.853     0.060     7.000         0
  -30.722     8.877     0.060     7.000         0
  -30.940     8.912     0.060     7.000         0
  -31.135     8.928     0.060     7.000         0
  -31.337     8.961     0.060     7.000         0
  -31.529     8.976     0.060     7.000         0
  -31.724     9.007     0.060     7.000         0
  -31.918     9.022     0.060     7.000         0
  -32.110     9.057     0.060     7.000         0
  -32.313     9.089     0.060     7.000         0
  -32.505     9.115     0.060     7.000         0
  -32.699     9.134     0.060     7.000         0
  -32.919     9.153     0.060     7.000         0
  -33.111     9.180     0.060     7.000         0
  -33.314     9.204     0.060     7.000         0
  -33.506     9.247     0.060     7.000         0
  -33.727     9.274     0.060     7.000         0
  -33.921     9.284     0.060     7.000         0
  -34.113     9.315     0.060     7.000         0
  -19.042     7.654     0.060    10.000         0
  -19.263     7.672     0.060    10.000         0
  -19.455     7.710     0.060    10.000         0
  -19.675     7.725     0.060    10.000         0
  -19.870     7.767     0.060    10.000         0
  -20.088     7.777     0.060    10.000         0
  -20.279     7.815     0.060    10.000         0
  -20.473     7.834     0.060    10.000         0
  -20.694     7.872     0.060    10.000         0
  -20.894     7.880     0.060    10.000         0
  -21.089     7.906     0.060    10.000         0
  -21.307     7.932     0.060    10.000         0
  -21.501     7.959     0.060    10.000         0
  -21.722     7.985     0.060    10.000         0
  -21.913     8.027     0.060    10.000         0
  -22.133     8.038     0.060    10.000         0
  -22.337     8.070     0.060    10.000         0
  -22.554     8.092     0.060    10.000         0
  -22.749     8.118     0.060    10.000         0
  -22.967     8.144     0.060    10.000         0
  -23.161     8.171     0.060    10.000         0
  -23.379     8.201     0.060    10.000         0
  -23.573     8.223     0.060    10.000         0
  -23.767     8.250     0.060    10.000         0
  -23.985     8.284     0.060    10.000         0
  -24.188     8.305     0.060    10.000         0
  -24.380     8.336     0.060    10.000         0
  -24.575     8.355     0.060    10.000         0
  -24.795     8.383     0.060    10.000         0
  -24.989     8.410     0.060    10.000         0
  -25.188     8.438     0.060    10.000         0
  -25.381     8.461     0.060    10.000         0
  -25.602     8.493     0.060    10.000         0
  -25.797     8.533     0.060    10.000         0
  -25.991     8.544     0.060    10.000         0
  -26.209     8.587     0.060    10.000         0
  -26.401     8.598     0.060    10.000         0
  -26.603     8.623     0.060    10.000         0
  -26.798     8.666     0.060    10.000         0
  -26.989     8.693     0.060    10.000         0
  -27.184     8.705     0.060    10.000         0
  -27.384     8.745     0.060    10.000         0
  -27.605     8.765     0.060    10.000         0
  -27.800     8.782     0.060    10.000         0
  -27.991     8.806     0.060    10.000         0
  -28.185     8.831     0.060    10.000         0
  -28.377     8.852     0.060    10.000         0
  -28.580     8.874     0.060    10.000         0
  -28.772     8.915     0.060    10.000         0
  -28.966     8.936     0.060    10.000         0
  -29.158     8.952     0.060    10.000         0
  -29.361     8.978     0.060    10.000         0
  -29.553     9.004     0.060    10.000         0
  -29.747     9.026     0.060    10.000         0
  -29.941     9.045     0.060    10.000         0
  -30.133     9.051     0.060    10.000         0
  -30.336     9.082     0.060    10.000         0
  -30.528     9.099     0.060    10.000         0
  -30.722     9.099     0.060    10.000         0
  -30.940     9.106     0.060    10.000         0
  -31.135     9.135     0.060    10.000         0
  -31.337     9.129     0.060    10.000         0
  -31.529     9.141     0.060    10.000         0
  -31.724     9.162     0.060    10.000         0
  -31.918     9.174     0.060    10.000         0
  -32.110     9.171     0.060    10.000         0
  -32.313     9.179     0.060    10.000         0
  -32.505     9.188     0.060    10.000         0
  -32.699     9.197     0.060    10.000         0
  -32.919     9.214     0.060    10.000         0
  -33.111     9.231     0.060    10.000         0
  -33.314     9.246     0.060    10.000         0
  -33.506     9.271     0.060    10.000         0
  -33.727     9.312     0.060    10.000         0
  -33.921     9.336     0.060    10.000         0
  -34.113     9.364     0.060    10.000         0
  -34.333     9.410     0.060    10.000         0
  -34.525     9.421     0.060    10.000         0
  -34.728     9.455     0.060    10.000         0
  -34.920     9.487     0.060    10.000         0
  -35.140     9.520     0.060    10.000         0
  -35.335     9.561     0.060    10.000         0
  -35.527     9.600     0.060    10.000         0
  -35.729     9.637     0.060    10.000         0
  -35.947     9.674     0.060    10.000         0
  -36.141     9.709     0.060    10.000         0
  -36.336     9.741     0.060    10.000         0
  -36.554     9.774     0.060    10.000         0
  -36.749     9.814     0.060    10.000         0
  -36.940     9.849     0.060    10.000         0
  -37.144     9.878     0.060    10.000         0
    0.000     0.000     0.000        -1
