    0.000     1.000     0.000         0
    5.391     4.315     0.060     1.000         0
    5.196     4.215     0.060     1.000         0
    4.979     4.128     0.060     1.000         0
    4.784     4.036     0.060     1.000         0
    4.563     3.924     0.060     1.000         0
    4.372     3.831     0.060     1.000         0
    4.151     3.724     0.060     1.000         0
    3.949     3.629     0.060     1.000         0
    3.732     3.528     0.060     1.000         0
    3.537     3.437     0.060     1.000         0
    3.320     3.340     0.060     1.000         0
    3.125     3.253     0.060     1.000         0
    2.904     3.170     0.060     1.000         0
    2.713     3.097     0.060     1.000         0
    2.496     3.020     0.060     1.000         0
    2.298     2.949     0.060     1.000         0
    2.081     2.879     0.060     1.000         0
    1.878     2.815     0.060     1.000         0
    1.661     2.755     0.060     1.000         0
    1.440     2.698     0.060     1.000         0
    1.250     2.649     0.060     1.000         0
    1.029     2.611     0.060     1.000         0
    0.836     2.581     0.060     1.000         0
    0.648     2.555     0.060     1.000         0
    0.428     2.529     0.060     1.000         0
    0.227     2.522     0.060     1.000         0
    0.089     2.511     0.060     1.000         0
    0.234     2.518     0.060     1.000         0
    0.423     2.529     0.060     1.000         0
    0.639     2.554     0.060     1.000         0
    0.830     2.576     0.060     1.000         0
    1.049     2.610     0.060     1.000         0
   32.866     9.035     0.060     3.000         0
   32.645     9.000     0.060     3.000         0
   32.428     8.946     0.060     3.000         0
   32.181     8.906     0.060     3.000         0
   31.961     8.847     0.060     3.000         0
   31.772     8.808     0.060     3.000         0
   31.526     8.759     0.060     3.000         0
   31.306     8.717     0.060     3.000         0
   31.088     8.671     0.060     3.000         0
   30.867     8.632     0.060     3.000         0
   30.647     8.581     0.060     3.000         0
   30.429     8.547     0.060     3.000         0
   30.238     8.508     0.060     3.000         0
   29.992     8.473     0.060     3.000         0
   29.797     8.444     0.060     3.000         0
   29.554     8.382     0.060     3.000         0
   29.333     8.348     0.060     3.000         0
   29.116     8.307     0.060     3.000         0
   28.895     8.274     0.060     3.000         0
   28.674     8.236     0.060     3.000         0
   28.455     8.187     0.060     3.000         0
   28.237     8.166     0.060     3.000         0
   28.016     8.124     0.060     3.000         0
   27.799     8.071     0.060     3.000         0
   27.552     8.028     0.060     3.000         0
   27.335     7.987     0.060     3.000         0
   27.114     7.950     0.060     3.000         0
   26.894     7.916     0.060     3.000         0
   26.674     7.876     0.060     3.000         0
   26.456     7.861     0.060     3.000         0
   26.235     7.816     0.060     3.000         0
   25.997     7.789     0.060     3.000         0
   25.780     7.754     0.060     3.000         0
   25.559     7.713     0.060     3.000         0
   25.342     7.682     0.060     3.000         0
   25.122     7.641     0.060     3.000         0
   24.901     7.628     0.060     3.000         0
   24.684     7.580     0.060     3.000         0
   24.463     7.567     0.060     3.000         0
   24.242     7.535     0.060     3.000         0
   24.023     7.490     0.060     3.000         0
   23.805     7.470     0.060     3.000         0
   23.585     7.452     0.060     3.000         0
   23.367     7.418     0.060     3.000         0
   23.146     7.404     0.060     3.000         0
   22.926     7.382     0.060     3.000         0
   22.705     7.344     0.060     3.000         0
   22.487     7.323     0.060     3.000         0
   22.268     7.305     0.060     3.000         0
   22.050     7.285     0.060     3.000         0
   21.830     7.261     0.060     3.000         0
   21.609     7.217     0.060     3.000         0
   21.391     7.194     0.060     3.000         0
   21.171     7.178     0.060     3.000         0
   20.951     7.149     0.060     3.000         0
   20.733     7.117     0.060     3.000         0
   20.530     7.103     0.060     3.000         0
   20.336     7.087     0.060     3.000         0
   20.170     7.067     0.060     3.000         0
   19.970     7.033     0.060     3.000         0
   19.776     7.019     0.060     3.000         0
   19.607     6.997     0.060     3.000         0
   19.416     6.964     0.060     3.000         0
   19.215     6.949     0.060     3.000         0
   19.022     6.915     0.060     3.000         0
   18.827     6.898     0.060     3.000         0
   18.610     6.861     0.060     3.000         0
   18.415     6.844     0.060     3.000         0
   18.212     6.826     0.060     3.000         0
   17.994     6.797     0.060     3.000         0
   17.801     6.776     0.060     3.000         0
   17.609     6.743     0.060     3.000         0
   17.389     6.720     0.060     3.000         0
   17.194     6.689     0.060     3.000         0
   16.977     6.659     0.060     3.000         0
   16.782     6.616     0.060     3.000         0
   16.579     6.588     0.060     3.000         0
   16.361     6.544     0.060     3.000         0
   16.168     6.480     0.060     3.000         0
   15.950     6.429     0.060     3.000         0
   15.755     6.380     0.060     3.000         0
   15.564     6.344     0.060     3.000         0
   14.537     6.046     0.060     7.000         0
   14.317     6.006     0.060     7.000         0
   14.122     5.979     0.060     7.000         0
   13.931     5.937     0.060     7.000         0
   13.710     5.916     0.060     7.000         0
   13.507     5.873     0.060     7.000         0
   13.315     5.848     0.060     7.000         0
   13.098     5.827     0.060     7.000         0
   12.904     5.794     0.060     7.000         0
   12.709     5.776     0.060     7.000         0
   12.492     5.727     0.060     7.000         0
   12.289     5.688     0.060     7.000         0
   12.068     5.650     0.060     7.000         0
   11.876     5.618     0.060     7.000         0
   11.683     5.581     0.060     7.000         0
   11.492     5.550     0.060     7.000         0
   11.271     5.530     0.060     7.000         0
   11.079     5.487     0.060     7.000         0
   10.876     5.462     0.060     7.000         0
   10.659     5.434     0.060     7.000         0
   10.461     5.419     0.060     7.000         0
   10.269     5.396     0.060     7.000         0
   10.076     5.369     0.060     7.000         0
    9.858     5.331     0.060     7.000         0
    9.655     5.307     0.060     7.000         0
    9.437     5.281     0.060     7.000         0
    9.243     5.265     0.060     7.000         0
    9.025     5.228     0.060     7.000         0
    8.830     5.199     0.060     7.000         0
    8.637     5.169     0.060     7.000         0
    8.419     5.132     0.060     7.000         0
    8.225     5.099     0.060     7.000         0
    8.025     5.056     0.060     7.000         0
    7.830     5.008     0.060     7.000         0
    7.639     4.962     0.060     7.000         0
    7.441     4.893     0.060     7.000         0
    7.223     4.851     0.060     7.000         0
    7.021     4.797     0.060     7.000         0
    6.803     4.698     0.060     7.000         0
    6.609     4.618     0.060     7.000         0
    6.417     4.565     0.060     7.000         0
    6.197     4.513     0.060     7.000         0
    6.002     4.467     0.060     7.000         0
    5.811     4.430     0.060     7.000         0
   15.143     6.286     0.060    10.000         0
   14.922     6.256     0.060    10.000         0
   14.729     6.215     0.060    10.000         0
   14.537     6.179     0.060    10.000         0
   14.317     6.145     0.060    10.000         0
   14.122     6.120     0.060    10.000         0
   13.931     6.107     0.060    10.000         0
   13.710     6.078     0.060    10.000         0
   13.507     6.056     0.060    10.000         0
   13.315     6.019     0.060    10.000         0
   13.098     6.003     0.060    10.000         0
   12.904     5.982     0.060    10.000         0
   12.709     5.948     0.060    10.000         0
   12.492     5.936     0.060    10.000         0
   12.289     5.909     0.060    10.000         0
   12.068     5.893     0.060    10.000         0
   11.876     5.872     0.060    10.000         0
   11.683     5.838     0.060    10.000         0
   11.492     5.826     0.060    10.000         0
   11.271     5.805     0.060    10.000         0
   11.079     5.784     0.060    10.000         0
    0.000    -1.000     0.000         0
   -1.268     2.655     0.060     1.000         0
   -1.460     2.696     0.060     1.000         0
   -1.679     2.753     0.060     1.000         0
   -1.899     2.806     0.060     1.000         0
   -2.091     2.867     0.060     1.000         0
   -2.311     2.928     0.060     1.000         0
   -2.529     3.008     0.060     1.000         0
   -2.732     3.066     0.060     1.000         0
   -2.952     3.143     0.060     1.000         0
   -3.170     3.227     0.060     1.000         0
   -3.364     3.321     0.060     1.000         0
   -3.584     3.419     0.060     1.000         0
   -3.802     3.524     0.060     1.000         0
   -3.996     3.629     0.060     1.000         0
   -4.214     3.730     0.060     1.000         0
   -4.434     3.835     0.060     1.000         0
   -4.655     3.940     0.060     1.000         0
   -4.847     4.043     0.060     1.000         0
   -5.067     4.156     0.060     1.000         0
   -5.287     4.288     0.060     1.000         0
   -5.487     4.394     0.060     1.000         0
   -5.682     4.514     0.060     1.000         0
   -5.682     4.522     0.060     1.000         0
  -36.391    14.746     0.060     5.000         0
  -36.586    14.768     0.060     5.000         0
  -36.803    14.792     0.060     5.000         0
  -36.995    14.821     0.060     5.000         0
  -37.197    14.844     0.060     5.000         0
  -37.392    14.869     0.060     5.000         0
  -37.583    14.906     0.060     5.000         0
  -37.778    14.931     0.060     5.000         0
  -37.978    14.949     0.060     5.000         0
  -38.199    14.986     0.060     5.000         0
  -38.394    15.004     0.060     5.000         0
  -38.586    15.033     0.060     5.000         0
  -38.779    15.058     0.060     5.000         0
  -38.971    15.067     0.060     5.000         0
  -39.174    15.110     0.060     5.000         0
  -39.366    15.135     0.060     5.000         0
  -39.560    15.144     0.060     5.000         0
  -39.752    15.166     0.060     5.000         0
  -39.955    15.208     0.060     5.000         0
  -40.147    15.221     0.060     5.000         0
  -40.341    15.259     0.060     5.000         0
  -40.535    15.276     0.060     5.000         0
  -40.727    15.308     0.060     5.000         0
  -40.930    15.313     0.060     5.000         0
  -41.122    15.337     0.060     5.000         0
  -41.317    15.362     0.060     5.000         0
  -41.534    15.405     0.060     5.000         0
  -41.729    15.417     0.060     5.000         0
  -41.932    15.439     0.060     5.000         0
  -42.123    15.474     0.060     5.000         0
  -42.318    15.483     0.060     5.000         0
  -42.513    15.515     0.060     5.000         0
  -42.704    15.549     0.060     5.000         0
  -42.908    15.562     0.060     5.000         0
  -43.099    15.592     0.060     5.000         0
  -43.293    15.623     0.060     5.000         0
  -43.514    15.658     0.060     5.000         0
  -43.705    15.684     0.060     5.000         0
  -43.909    15.705     0.060     5.000         0
  -44.100    15.732     0.060     5.000         0
  -44.321    15.762     0.060     5.000         0
  -44.516    15.802     0.060     5.000         0
  -44.707    15.826     0.060     5.000         0
  -44.927    15.879     0.060     5.000         0
  -45.119    15.895     0.060     5.000         0
  -45.322    15.941     0.060     5.000         0
  -45.514    15.973     0.060     5.000         0
  -45.735    16.010     0.060     5.000         0
  -45.929    16.027     0.060     5.000         0
  -46.121    16.059     0.060     5.000         0
  -46.323    16.104     0.060     5.000         0
  -46.541    16.133     0.060     5.000         0
  -46.736    16.169     0.060     5.000         0
  -46.930    16.196     0.060     5.000         0
  -47.148    16.223     0.060     5.000         0
  -47.343    16.250     0.060     5.000         0
  -47.535    16.277     0.060     5.000         0
  -47.738    16.306     0.060     5.000         0
  -47.958    16.321     0.060     5.000         0
  -48.149    16.348     0.060     5.000         0
  -48.344    16.387     0.060     5.000         0
  -48.536    16.414     0.060     5.000         0
  -48.739    16.438     0.060     5.000         0
  -48.957    16.462     0.060     5.000         0
  -49.152    16.501     0.060     5.000         0
  -49.343    16.524     0.060     5.000         0
  -49.537    16.535     0.060     5.000         0
  -49.758    16.566     0.060     5.000         0
  -49.952    16.593     0.060     5.000         0
  -50.153    16.630     0.060     5.000         0
  -50.374    16.649     0.060     5.000         0
  -50.568    16.693     0.060     5.000         0
  -50.760    16.712     0.060     5.000         0
  -50.954    16.747     0.060     5.000         0
  -51.171    16.758     0.060     5.000         0
  -51.372    16.803     0.060     5.000         0
  -51.566    16.826     0.060     5.000         0
  -51.787    16.862     0.060     5.000         0
  -52.005    16.877     0.060     5.000         0
  -52.200    16.913     0.060     5.000         0
  -52.393    16.936     0.060     5.000         0
  -52.611    16.968     0.060     5.000         0
  -52.806    17.012     0.060     5.000         0
  -53.027    17.045     0.060     5.000         0
  -53.227    17.062     0.060     5.000         0
  -53.448    17.114     0.060     5.000         0
  -53.640    17.130     0.060     5.000         0
  -53.834    17.170     0.060     5.000         0
  -54.052    17.194     0.060     5.000         0
  -54.246    17.225     0.060     5.000         0
  -54.467    17.262     0.060     5.000         0
  -54.667    17.295     0.060     5.000         0
  -54.888    17.344     0.060     5.000         0
  -55.082    17.363     0.060     5.000         0
  -55.300    17.411     0.060     5.000         0
  -55.494    17.427     0.060     5.000         0
  -55.686    17.459     0.060     5.000         0
  -55.906    17.491     0.060     5.000         0
  -56.101    17.531     0.060     5.000         0
  -56.301    17.565     0.060     5.000         0
  -56.522    17.606     0.060     5.000         0
  -56.714    17.622     0.060     5.000         0
  -56.909    17.659     0.060     5.000         0
  -57.129    17.708     0.060     5.000         0
  -57.320    17.732     0.060     5.000         0
  -57.524    17.774     0.060     5.000         0
  -57.715    17.806     0.060     5.000         0
  -57.910    17.827     0.060     5.000         0
  -58.128    17.864     0.060     5.000         0
  -58.322    17.903     0.060     5.000         0
  -58.516    17.919     0.060     5.000         0
  -58.717    17.952     0.060     5.000         0
  -58.911    17.991     0.060     5.000         0
  -59.106    18.011     0.060     5.000         0
  -59.324    18.063     0.060     5.000         0
  -59.518    18.094     0.060     5.000         0
  -59.719    18.119     0.060     5.000         0
  -59.914    18.139     0.060     5.000         0
  -60.105    18.178     0.060     5.000         0
  -23.122    12.894     0.060     6.000         0
  -23.339    12.930     0.060     6.000         0
  -23.559    12.967     0.060     6.000         0
  -23.751    12.979     0.060     6.000         0
  -23.972    13.008     0.060     6.000         0
  -24.163    13.035     0.060     6.000         0
  -24.384    13.068     0.060     6.000         0
  -24.605    13.105     0.060     6.000         0
  -24.805    13.142     0.060     6.000         0
  -25.025    13.175     0.060     6.000         0
  -25.219    13.187     0.060     6.000         0
  -25.440    13.220     0.060     6.000         0
  -25.658    13.249     0.060     6.000         0
  -25.849    13.284     0.060     6.000         0
  -26.070    13.316     0.060     6.000         0
  -26.291    13.340     0.060     6.000         0
  -26.483    13.371     0.060     6.000         0
  -26.702    13.395     0.060     6.000         0
  -26.923    13.426     0.060     6.000         0
  -27.118    13.454     0.060     6.000         0
  -27.335    13.481     0.060     6.000         0
  -27.556    13.513     0.060     6.000         0
  -27.756    13.541     0.060     6.000         0
  -27.976    13.573     0.060     6.000         0
  -28.168    13.604     0.060     6.000         0
  -28.389    13.628     0.060     6.000         0
  -28.583    13.656     0.060     6.000         0
  -28.804    13.704     0.060     6.000         0
  -29.022    13.731     0.060     6.000         0
  -29.216    13.759     0.060     6.000         0
  -29.434    13.790     0.060     6.000         0
  -29.636    13.815     0.060     6.000         0
  -29.857    13.843     0.060     6.000         0
  -30.049    13.870     0.060     6.000         0
  -30.270    13.906     0.060     6.000         0
  -30.464    13.934     0.060     6.000         0
  -30.682    13.961     0.060     6.000         0
  -30.874    13.980     0.060     6.000         0
  -31.067    14.013     0.060     6.000         0
  -31.288    14.039     0.060     6.000         0
  -31.488    14.066     0.060     6.000         0
  -31.683    14.107     0.060     6.000         0
  -31.901    14.140     0.060     6.000         0
  -32.095    14.170     0.060     6.000         0
  -32.316    14.204     0.060     6.000         0
  -32.508    14.232     0.060     6.000         0
  -32.727    14.262     0.060     6.000         0
  -32.931    14.293     0.060     6.000         0
  -33.149    14.318     0.060     6.000         0
   -6.094     4.590     0.060     7.000         0
   -6.314     4.633     0.060     7.000         0
   -6.506     4.640     0.060     7.000         0
   -6.726     4.675     0.060     7.000         0
   -6.918     4.707     0.060     7.000         0
   -7.121     4.717     0.060     7.000         0
   -7.339     4.761     0.060     7.000         0
   -7.533     4.769     0.060     7.000         0
   -7.727     4.802     0.060     7.000         0
   -7.948     4.842     0.060     7.000         0
   -8.140     4.887     0.060     7.000         0
   -8.359     4.947     0.060     7.000         0
   -8.560     4.974     0.060     7.000         0
   -8.754     5.027     0.060     7.000         0
   -8.972     5.075     0.060     7.000         0
   -9.166     5.113     0.060     7.000         0
   -9.361     5.159     0.060     7.000         0
   -9.553     5.213     0.060     7.000         0
   -9.772     5.274     0.060     7.000         0
   -9.973     5.315     0.060     7.000         0
  -10.167     5.361     0.060     7.000         0
  -10.388     5.405     0.060     7.000         0
  -10.580     5.435     0.060     7.000         0
  -10.774     5.469     0.060     7.000         0
  -10.992     5.497     0.060     7.000         0
  -11.195     5.521     0.060     7.000         0
  -11.389     5.563     0.060     7.000         0
  -11.580     5.581     0.060     7.000         0
  -11.775     5.620     0.060     7.000         0
  -11.993     5.643     0.060     7.000         0
  -12.187     5.685     0.060     7.000         0
  -12.387     5.713     0.060     7.000         0
  -12.608     5.729     0.060     7.000         0
  -12.802     5.759     0.060     7.000         0
  -13.019     5.789     0.060     7.000         0
  -13.214     5.824     0.060     7.000         0
  -13.408     5.850     0.060     7.000         0
  -13.629     5.894     0.060     7.000         0
  -13.830     5.916     0.060     7.000         0
  -14.024     5.966     0.060     7.000         0
  -14.242     5.996     0.060     7.000         0
  -14.434     6.037     0.060     7.000         0
  -14.653     6.075     0.060     7.000         0
  -14.848     6.093     0.060     7.000         0
  -15.039     6.146     0.060     7.000         0
  -15.260     6.181     0.060     7.000         0
  -15.463     6.221     0.060     7.000         0
  -15.681     6.247     0.060     7.000         0
  -15.875     6.287     0.060     7.000         0
  -16.069     6.303     0.060     7.000         0
  -16.287     6.340     0.060     7.000         0
  -16.482     6.360     0.060     7.000         0
  -16.699     6.392     0.060     7.000         0
  -16.920     6.441     0.060     7.000         0
  -17.141     6.471     0.060     7.000         0
  -17.358     6.491     0.060     7.000         0
  -17.578     6.532     0.060     7.000         0
  -17.781     6.559     0.060     7.000         0
  -18.002     6.598     0.060     7.000         0
  -18.220     6.649     0.060     7.000         0
  -18.438     6.685     0.060     7.000         0
  -18.658     6.737     0.060     7.000         0
  -18.852     6.767     0.060     7.000         0
  -19.073     6.819     0.060     7.000         0
  -19.290     6.863     0.060     7.000         0
  -19.511     6.911     0.060     7.000         0
  -19.729     6.946     0.060     7.000         0
  -19.923     6.999     0.060     7.000         0
  -20.144     7.034     0.060     7.000         0
  -20.362     7.088     0.060     7.000         0
  -20.556     7.117     0.060     7.000         0
  -20.773     7.159     0.060     7.000         0
  -20.994     7.193     0.060     7.000         0
  -21.189     7.215     0.060     7.000         0
  -21.406     7.241     0.060     7.000         0
  -21.627     7.295     0.060     7.000         0
  -21.829     7.314     0.060     7.000         0
  -22.047     7.368     0.060     7.000         0
  -22.268     7.387     0.060     7.000         0
  -22.489     7.425     0.060     7.000         0
  -22.706     7.479     0.060     7.000         0
  -22.901     7.493     0.060     7.000         0
  -23.122     7.547     0.060     7.000         0
  -23.339     7.569     0.060     7.000         0
  -23.559     7.619     0.060     7.000         0
  -23.751     7.652     0.060     7.000         0
  -23.972     7.679     0.060     7.000         0
  -24.163     7.724     0.060     7.000         0
  -24.384     7.750     0.060     7.000         0
  -24.605     7.797     0.060     7.000         0
  -24.805     7.823     0.060     7.000         0
    0.000     0.000     0.000        -1
