    0.000     1.000     0.000         0
    5.120     4.187     0.060     1.000         0
    4.929     4.090     0.060     1.000         0
    4.708     3.980     0.060     1.000         0
    4.508     3.878     0.060     1.000         0
    4.287     3.782     0.060     1.000         0
    4.094     3.699     0.060     1.000         0
    3.903     3.601     0.060     1.000         0
    3.682     3.515     0.060     1.000         0
    3.487     3.447     0.060     1.000         0
    3.296     3.364     0.060     1.000         0
    3.075     3.278     0.060     1.000         0
    2.871     3.190     0.060     1.000         0
    2.681     3.111     0.060     1.000         0
    2.464     3.018     0.060     1.000         0
    2.271     2.946     0.060     1.000         0
    2.076     2.882     0.060     1.000         0
    1.860     2.820     0.060     1.000         0
    1.656     2.762     0.060     1.000         0
    1.435     2.706     0.060     1.000         0
    1.245     2.663     0.060     1.000         0
    1.052     2.627     0.060     1.000         0
    0.865     2.600     0.060     1.000         0
    0.645     2.573     0.060     1.000         0
    0.463     2.555     0.060     1.000         0
    0.269     2.539     0.060     1.000         0
    0.144     2.528     0.060     1.000         0
    0.199     2.533     0.060     1.000         0
    0.383     2.540     0.060     1.000         0
    0.570     2.564     0.060     1.000         0
    0.788     2.583     0.060     1.000         0
    0.988     2.615     0.060     1.000         0
    1.206     2.656     0.060     1.000         0
   17.601     6.590     0.060     7.000         0
   17.380     6.537     0.060     7.000         0
   17.163     6.496     0.060     7.000         0
   16.916     6.450     0.060     7.000         0
   16.698     6.409     0.060     7.000         0
   16.478     6.372     0.060     7.000         0
   16.258     6.330     0.060     7.000         0
   16.037     6.289     0.060     7.000         0
   15.820     6.240     0.060     7.000         0
   15.599     6.211     0.060     7.000         0
   15.361     6.166     0.060     7.000         0
   15.144     6.121     0.060     7.000         0
   14.923     6.080     0.060     7.000         0
   14.705     6.039     0.060     7.000         0
   14.486     5.990     0.060     7.000         0
   14.265     5.964     0.060     7.000         0
   14.048     5.934     0.060     7.000         0
   13.827     5.904     0.060     7.000         0
   13.606     5.861     0.060     7.000         0
   13.387     5.834     0.060     7.000         0
   13.169     5.811     0.060     7.000         0
   12.948     5.771     0.060     7.000         0
   12.731     5.748     0.060     7.000         0
   12.510     5.721     0.060     7.000         0
   12.289     5.698     0.060     7.000         0
   12.069     5.664     0.060     7.000         0
   11.851     5.618     0.060     7.000         0
   11.632     5.603     0.060     7.000         0
   11.414     5.569     0.060     7.000         0
   11.193     5.530     0.060     7.000         0
   10.973     5.501     0.060     7.000         0
   10.755     5.452     0.060     7.000         0
   10.534     5.422     0.060     7.000         0
   10.315     5.376     0.060     7.000         0
   10.097     5.331     0.060     7.000         0
    9.894     5.295     0.060     7.000         0
    9.699     5.266     0.060     7.000         0
    9.534     5.241     0.060     7.000         0
    9.334     5.194     0.060     7.000         0
    9.139     5.157     0.060     7.000         0
    8.971     5.124     0.060     7.000         0
    8.780     5.087     0.060     7.000         0
    8.580     5.056     0.060     7.000         0
    8.386     5.022     0.060     7.000         0
    8.191     4.987     0.060     7.000         0
    7.974     4.948     0.060     7.000         0
    7.779     4.906     0.060     7.000         0
    7.576     4.870     0.060     7.000         0
    7.359     4.823     0.060     7.000         0
    7.165     4.776     0.060     7.000         0
    6.974     4.744     0.060     7.000         0
    6.753     4.685     0.060     7.000         0
    6.558     4.626     0.060     7.000         0
    6.341     4.555     0.060     7.000         0
    6.146     4.510     0.060     7.000         0
    5.943     4.439     0.060     7.000         0
    5.725     4.372     0.060     7.000         0
   16.916     6.500     0.060    10.000         0
   16.698     6.464     0.060    10.000         0
   16.478     6.428     0.060    10.000         0
   16.258     6.392     0.060    10.000         0
   16.037     6.355     0.060    10.000         0
   15.820     6.335     0.060    10.000         0
   15.599     6.287     0.060    10.000         0
   15.361     6.251     0.060    10.000         0
   15.144     6.227     0.060    10.000         0
   14.923     6.198     0.060    10.000         0
   14.705     6.162     0.060    10.000         0
   14.486     6.134     0.060    10.000         0
   14.265     6.097     0.060    10.000         0
   14.048     6.061     0.060    10.000         0
   13.827     6.017     0.060    10.000         0
   13.606     5.980     0.060    10.000         0
   13.387     5.948     0.060    10.000         0
   13.169     5.916     0.060    10.000         0
   12.948     5.883     0.060    10.000         0
   12.731     5.851     0.060    10.000         0
   12.510     5.823     0.060    10.000         0
   12.289     5.803     0.060    10.000         0
   12.069     5.771     0.060    10.000         0
   11.851     5.744     0.060    10.000         0
   11.632     5.717     0.060    10.000         0
   11.414     5.686     0.060    10.000         0
   11.193     5.650     0.060    10.000         0
   10.973     5.623     0.060    10.000         0
   10.755     5.599     0.060    10.000         0
   10.534     5.572     0.060    10.000         0
   10.315     5.528     0.060    10.000         0
   10.097     5.501     0.060    10.000         0
    9.894     5.480     0.060    10.000         0
    9.699     5.460     0.060    10.000         0
    9.534     5.441     0.060    10.000         0
    9.334     5.416     0.060    10.000         0
    9.139     5.376     0.060    10.000         0
    8.971     5.352     0.060    10.000         0
    0.000    -1.000     0.000         0
   -1.398     2.696     0.060     1.000         0
   -1.617     2.746     0.060     1.000         0
   -1.810     2.797     0.060     1.000         0
   -2.002     2.852     0.060     1.000         0
   -2.221     2.913     0.060     1.000         0
   -2.414     2.981     0.060     1.000         0
   -2.615     3.060     0.060     1.000         0
   -2.809     3.136     0.060     1.000         0
   -3.001     3.211     0.060     1.000         0
   -3.197     3.288     0.060     1.000         0
   -3.415     3.373     0.060     1.000         0
   -3.617     3.460     0.060     1.000         0
   -3.835     3.561     0.060     1.000         0
   -4.029     3.658     0.060     1.000         0
   -4.221     3.753     0.060     1.000         0
   -4.441     3.863     0.060     1.000         0
   -4.635     3.960     0.060     1.000         0
   -4.827     4.060     0.060     1.000         0
   -5.047     4.173     0.060     1.000         0
   -5.247     4.272     0.060     1.000         0
   -5.441     4.384     0.060     1.000         0
   -5.659     4.479     0.060     1.000         0
   -5.854     4.550     0.060     1.000         0
  -32.043     8.764     0.060     3.000         0
  -32.264     8.801     0.060     3.000         0
  -32.466     8.826     0.060     3.000         0
  -32.684     8.859     0.060     3.000         0
  -32.905     8.880     0.060     3.000         0
  -33.125     8.919     0.060     3.000         0
  -33.343     8.949     0.060     3.000         0
  -33.538     8.964     0.060     3.000         0
  -33.758     8.995     0.060     3.000         0
  -33.976     9.034     0.060     3.000         0
  -34.196     9.055     0.060     3.000         0
  -34.388     9.095     0.060     3.000         0
  -34.608     9.119     0.060     3.000         0
  -34.800     9.154     0.060     3.000         0
  -35.021     9.178     0.060     3.000         0
  -35.241     9.214     0.060     3.000         0
  -35.442     9.258     0.060     3.000         0
  -35.661     9.294     0.060     3.000         0
  -35.856     9.343     0.060     3.000         0
  -36.077     9.391     0.060     3.000         0
  -36.295     9.442     0.060     3.000         0
  -36.486     9.475     0.060     3.000         0
  -36.707     9.515     0.060     3.000         0
  -36.928     9.548     0.060     3.000         0
  -37.119     9.572     0.060     3.000         0
  -37.339     9.590     0.060     3.000         0
  -37.560     9.625     0.060     3.000         0
  -37.754     9.644     0.060     3.000         0
  -37.972     9.662     0.060     3.000         0
  -38.193     9.683     0.060     3.000         0
  -38.393     9.709     0.060     3.000         0
  -38.613     9.753     0.060     3.000         0
  -38.805     9.773     0.060     3.000         0
   -5.854     4.547     0.060     7.000         0
   -6.074     4.568     0.060     7.000         0
   -6.266     4.607     0.060     7.000         0
   -6.486     4.643     0.060     7.000         0
   -6.688     4.657     0.060     7.000         0
   -6.906     4.693     0.060     7.000         0
   -7.101     4.734     0.060     7.000         0
   -7.319     4.762     0.060     7.000         0
   -7.513     4.782     0.060     7.000         0
   -7.733     4.827     0.060     7.000         0
   -7.925     4.858     0.060     7.000         0
   -8.143     4.882     0.060     7.000         0
   -8.339     4.906     0.060     7.000         0
   -8.557     4.955     0.060     7.000         0
   -8.760     4.992     0.060     7.000         0
   -8.978     5.012     0.060     7.000         0
   -9.198     5.045     0.060     7.000         0
   -9.390     5.076     0.060     7.000         0
   -9.611     5.121     0.060     7.000         0
   -9.804     5.162     0.060     7.000         0
   -9.996     5.212     0.060     7.000         0
  -10.217     5.256     0.060     7.000         0
  -10.434     5.304     0.060     7.000         0
  -10.638     5.332     0.060     7.000         0
  -10.858     5.388     0.060     7.000         0
  -11.050     5.434     0.060     7.000         0
  -11.269     5.482     0.060     7.000         0
  -11.464     5.524     0.060     7.000         0
  -11.682     5.560     0.060     7.000         0
  -11.902     5.607     0.060     7.000         0
  -12.094     5.640     0.060     7.000         0
  -12.315     5.680     0.060     7.000         0
  -12.535     5.699     0.060     7.000         0
  -12.727     5.748     0.060     7.000         0
  -12.946     5.787     0.060     7.000         0
  -13.164     5.810     0.060     7.000         0
  -13.367     5.849     0.060     7.000         0
  -13.588     5.904     0.060     7.000         0
  -13.806     5.957     0.060     7.000         0
  -14.000     5.964     0.060     7.000         0
  -14.220     5.980     0.060     7.000         0
  -14.438     5.997     0.060     7.000         0
  -14.632     6.018     0.060     7.000         0
  -14.850     6.051     0.060     7.000         0
  -15.071     6.079     0.060     7.000         0
  -15.291     6.116     0.060     7.000         0
  -15.483     6.147     0.060     7.000         0
  -15.704     6.184     0.060     7.000         0
  -15.923     6.228     0.060     7.000         0
  -16.124     6.257     0.060     7.000         0
  -16.318     6.285     0.060     7.000         0
  -16.318     6.293     0.060     7.000         0
  -16.730     6.358     0.060     7.000         0
  -16.951     6.395     0.060     7.000         0
  -17.143     6.435     0.060     7.000         0
  -17.362     6.479     0.060     7.000         0
  -17.554     6.503     0.060     7.000         0
  -17.757     6.540     0.060     7.000         0
  -17.975     6.572     0.060     7.000         0
  -18.169     6.600     0.060     7.000         0
  -18.364     6.612     0.060     7.000         0
  -18.585     6.644     0.060     7.000         0
  -18.776     6.687     0.060     7.000         0
  -18.996     6.719     0.060     7.000         0
  -19.196     6.740     0.060     7.000         0
  -19.391     6.779     0.060     7.000         0
  -19.609     6.797     0.060     7.000         0
  -19.803     6.827     0.060     7.000         0
  -19.998     6.873     0.060     7.000         0
  -20.189     6.899     0.060     7.000         0
  -20.409     6.934     0.060     7.000         0
  -20.609     6.958     0.060     7.000         0
  -20.804     6.994     0.060     7.000         0
  -21.025     7.018     0.060     7.000         0
  -21.216     7.053     0.060     7.000         0
  -21.411     7.066     0.060     7.000         0
  -21.628     7.098     0.060     7.000         0
  -21.832     7.128     0.060     7.000         0
  -22.025     7.156     0.060     7.000         0
  -22.217     7.200     0.060     7.000         0
  -22.411     7.221     0.060     7.000         0
  -22.629     7.253     0.060     7.000         0
  -22.824     7.272     0.060     7.000         0
  -23.024     7.301     0.060     7.000         0
  -23.245     7.333     0.060     7.000         0
  -23.438     7.360     0.060     7.000         0
  -23.656     7.395     0.060     7.000         0
  -23.851     7.439     0.060     7.000         0
  -24.045     7.454     0.060     7.000         0
  -24.266     7.498     0.060     7.000         0
  -24.466     7.518     0.060     7.000         0
  -24.661     7.560     0.060     7.000         0
  -24.879     7.590     0.060     7.000         0
  -25.070     7.626     0.060     7.000         0
  -25.290     7.657     0.060     7.000         0
  -25.484     7.702     0.060     7.000         0
  -25.676     7.727     0.060     7.000         0
  -25.897     7.763     0.060     7.000         0
  -26.100     7.787     0.060     7.000         0
  -26.318     7.819     0.060     7.000         0
  -26.511     7.855     0.060     7.000         0
  -26.706     7.898     0.060     7.000         0
  -26.924     7.938     0.060     7.000         0
  -27.118     7.962     0.060     7.000         0
  -26.318     8.024     0.060    10.000         0
  -26.511     8.014     0.060    10.000         0
  -26.706     8.020     0.060    10.000         0
  -26.924     8.036     0.060    10.000         0
  -27.118     8.047     0.060    10.000         0
  -27.336     8.065     0.060    10.000         0
  -27.557     8.096     0.060    10.000         0
  -27.777     8.127     0.060    10.000         0
  -27.995     8.145     0.060    10.000         0
  -28.215     8.151     0.060    10.000         0
  -28.418     8.172     0.060    10.000         0
  -28.639     8.202     0.060    10.000         0
  -28.857     8.231     0.060    10.000         0
  -29.074     8.287     0.060    10.000         0
  -29.295     8.328     0.060    10.000         0
  -29.489     8.363     0.060    10.000         0
  -29.709     8.404     0.060    10.000         0
  -29.927     8.440     0.060    10.000         0
  -30.148     8.481     0.060    10.000         0
  -30.366     8.506     0.060    10.000         0
  -30.560     8.541     0.060    10.000         0
  -30.781     8.578     0.060    10.000         0
  -30.999     8.618     0.060    10.000         0
  -31.192     8.657     0.060    10.000         0
  -31.410     8.693     0.060    10.000         0
  -31.631     8.742     0.060    10.000         0
    0.000     0.000     0.000        -1
