    0.000     1.000     0.000         0
    5.120     4.217     0.060     1.000         0
    4.882     4.123     0.060     1.000         0
    4.664     3.987     0.060     1.000         0
    4.443     3.875     0.060     1.000         0
    4.226     3.771     0.060     1.000         0
    4.006     3.675     0.060     1.000         0
    3.786     3.595     0.060     1.000         0
    3.568     3.491     0.060     1.000         0
    3.347     3.394     0.060     1.000         0
    3.127     3.304     0.060     1.000         0
    2.907     3.223     0.060     1.000         0
    2.690     3.142     0.060     1.000         0
    2.469     3.060     0.060     1.000         0
    2.252     2.988     0.060     1.000         0
    2.031     2.917     0.060     1.000         0
    1.810     2.853     0.060     1.000         0
    1.589     2.790     0.060     1.000         0
    1.372     2.737     0.060     1.000         0
    1.152     2.692     0.060     1.000         0
    0.936     2.656     0.060     1.000         0
    0.715     2.627     0.060     1.000         0
    0.494     2.604     0.060     1.000         0
    0.279     2.589     0.060     1.000         0
    0.062     2.582     0.060     1.000         0
    0.166     2.581     0.060     1.000         0
    0.384     2.596     0.060     1.000         0
   26.103     8.276     0.060     3.000         0
   25.882     8.244     0.060     3.000         0
   25.662     8.205     0.060     3.000         0
   25.442     8.190     0.060     3.000         0
   25.222     8.158     0.060     3.000         0
   25.004     8.111     0.060     3.000         0
   24.758     8.081     0.060     3.000         0
   24.540     8.058     0.060     3.000         0
   24.322     8.040     0.060     3.000         0
   24.105     8.038     0.060     3.000         0
   23.884     8.001     0.060     3.000         0
   23.664     7.972     0.060     3.000         0
   23.444     7.936     0.060     3.000         0
   23.224     7.899     0.060     3.000         0
   23.003     7.862     0.060     3.000         0
   22.785     7.826     0.060     3.000         0
   22.565     7.781     0.060     3.000         0
   22.319     7.750     0.060     3.000         0
   22.101     7.716     0.060     3.000         0
   21.884     7.685     0.060     3.000         0
   21.666     7.654     0.060     3.000         0
   21.449     7.632     0.060     3.000         0
   21.228     7.609     0.060     3.000         0
   21.037     7.578     0.060     3.000         0
   20.819     7.551     0.060     3.000         0
   20.572     7.517     0.060     3.000         0
   20.352     7.480     0.060     3.000         0
   20.131     7.435     0.060     3.000         0
   19.912     7.393     0.060     3.000         0
   19.691     7.343     0.060     3.000         0
   19.470     7.310     0.060     3.000         0
   19.250     7.256     0.060     3.000         0
   19.030     7.200     0.060     3.000         0
   18.810     7.155     0.060     3.000         0
   18.592     7.103     0.060     3.000         0
   18.372     7.054     0.060     3.000         0
   18.151     7.021     0.060     3.000         0
   17.931     6.965     0.060     3.000         0
   17.052     6.767     0.060     7.000         0
   16.814     6.724     0.060     7.000         0
   16.597     6.678     0.060     7.000         0
   16.394     6.619     0.060     7.000         0
   16.174     6.589     0.060     7.000         0
   15.936     6.538     0.060     7.000         0
   15.716     6.475     0.060     7.000         0
   15.495     6.428     0.060     7.000         0
   15.277     6.398     0.060     7.000         0
   15.058     6.352     0.060     7.000         0
   14.840     6.289     0.060     7.000         0
   14.622     6.251     0.060     7.000         0
   14.376     6.186     0.060     7.000         0
   14.158     6.151     0.060     7.000         0
   13.937     6.088     0.060     7.000         0
   13.720     6.033     0.060     7.000         0
   13.499     5.982     0.060     7.000         0
   13.281     5.947     0.060     7.000         0
   13.062     5.896     0.060     7.000         0
   12.844     5.829     0.060     7.000         0
   12.624     5.778     0.060     7.000         0
   12.406     5.727     0.060     7.000         0
   12.188     5.685     0.060     7.000         0
   11.968     5.621     0.060     7.000         0
   11.750     5.584     0.060     7.000         0
   11.530     5.554     0.060     7.000         0
   11.312     5.529     0.060     7.000         0
   11.065     5.494     0.060     7.000         0
   10.846     5.477     0.060     7.000         0
   10.656     5.431     0.060     7.000         0
   10.410     5.376     0.060     7.000         0
   10.190     5.319     0.060     7.000         0
    9.972     5.259     0.060     7.000         0
    9.752     5.198     0.060     7.000         0
    9.531     5.141     0.060     7.000         0
    9.313     5.097     0.060     7.000         0
    9.122     5.054     0.060     7.000         0
    8.876     5.008     0.060     7.000         0
    8.682     4.965     0.060     7.000         0
    8.438     4.928     0.060     7.000         0
    8.217     4.887     0.060     7.000         0
    8.000     4.830     0.060     7.000         0
    7.779     4.801     0.060     7.000         0
    7.558     4.747     0.060     7.000         0
    7.339     4.701     0.060     7.000         0
    7.121     4.655     0.060     7.000         0
    6.901     4.616     0.060     7.000         0
    6.683     4.571     0.060     7.000         0
    6.436     4.521     0.060     7.000         0
    6.219     4.476     0.060     7.000         0
    5.998     4.422     0.060     7.000         0
    5.779     4.369     0.060     7.000         0
    5.558     4.319     0.060     7.000         0
    5.340     4.262     0.060     7.000         0
   17.931     7.017     0.060    10.000         0
   17.713     6.975     0.060    10.000         0
   17.493     6.917     0.060    10.000         0
   17.273     6.887     0.060    10.000         0
   17.052     6.832     0.060    10.000         0
   16.814     6.785     0.060    10.000         0
   16.597     6.749     0.060    10.000         0
   16.394     6.731     0.060    10.000         0
   16.174     6.694     0.060    10.000         0
   15.936     6.646     0.060    10.000         0
    0.000    -1.000     0.000         0
   -0.586     2.606     0.060     1.000         0
   -0.779     2.626     0.060     1.000         0
   -0.945     2.651     0.060     1.000         0
   -1.146     2.676     0.060     1.000         0
   -1.340     2.710     0.060     1.000         0
   -1.508     2.751     0.060     1.000         0
   -1.700     2.796     0.060     1.000         0
   -1.900     2.840     0.060     1.000         0
   -2.094     2.910     0.060     1.000         0
   -2.288     2.972     0.060     1.000         0
   -2.506     3.051     0.060     1.000         0
   -2.700     3.121     0.060     1.000         0
   -2.903     3.194     0.060     1.000         0
   -3.121     3.277     0.060     1.000         0
   -3.314     3.350     0.060     1.000         0
   -3.506     3.443     0.060     1.000         0
   -3.726     3.533     0.060     1.000         0
   -3.921     3.624     0.060     1.000         0
   -4.139     3.725     0.060     1.000         0
   -4.333     3.815     0.060     1.000         0
   -4.536     3.913     0.060     1.000         0
   -4.754     4.018     0.060     1.000         0
   -4.947     4.120     0.060     1.000         0
   -5.165     4.260     0.060     1.000         0
   -5.360     4.363     0.060     1.000         0
   -5.551     4.466     0.060     1.000         0
   -5.772     4.513     0.060     7.000         0
   -5.972     4.560     0.060     7.000         0
   -6.193     4.595     0.060     7.000         0
   -6.386     4.617     0.060     7.000         0
   -6.578     4.645     0.060     7.000         0
   -6.798     4.699     0.060     7.000         0
   -6.993     4.732     0.060     7.000         0
   -7.184     4.768     0.060     7.000         0
   -7.405     4.769     0.060     7.000         0
   -7.608     4.786     0.060     7.000         0
   -7.800     4.794     0.060     7.000         0
   -8.018     4.823     0.060     7.000         0
   -8.211     4.837     0.060     7.000         0
   -8.406     4.855     0.060     7.000         0
   -8.623     4.880     0.060     7.000         0
   -8.826     4.911     0.060     7.000         0
   -9.047     4.957     0.060     7.000         0
   -9.239     4.990     0.060     7.000         0
   -9.432     5.023     0.060     7.000         0
   -9.624     5.055     0.060     7.000         0
   -9.844     5.085     0.060     7.000         0
  -10.036     5.117     0.060     7.000         0
  -10.239     5.159     0.060     7.000         0
  -10.457     5.203     0.060     7.000         0
  -10.654     5.247     0.060     7.000         0
  -10.846     5.297     0.060     7.000         0
  -11.039     5.332     0.060     7.000         0
  -11.257     5.380     0.060     7.000         0
  -11.460     5.424     0.060     7.000         0
  -11.678     5.476     0.060     7.000         0
  -11.873     5.515     0.060     7.000         0
  -12.090     5.579     0.060     7.000         0
  -12.285     5.614     0.060     7.000         0
  -12.478     5.667     0.060     7.000         0
  -12.696     5.718     0.060     7.000         0
  -12.891     5.764     0.060     7.000         0
  -13.091     5.810     0.060     7.000         0
  -13.285     5.848     0.060     7.000         0
  -13.477     5.888     0.060     7.000         0
  -13.674     5.934     0.060     7.000         0
  -13.892     5.976     0.060     7.000         0
  -14.094     6.018     0.060     7.000         0
  -14.312     6.064     0.060     7.000         0
  -11.039     5.497     0.060    10.000         0
  -11.257     5.543     0.060    10.000         0
  -11.460     5.579     0.060    10.000         0
  -11.678     5.617     0.060    10.000         0
  -11.873     5.650     0.060    10.000         0
  -12.090     5.688     0.060    10.000         0
  -12.285     5.714     0.060    10.000         0
  -12.478     5.740     0.060    10.000         0
  -12.696     5.778     0.060    10.000         0
  -12.891     5.812     0.060    10.000         0
  -13.091     5.846     0.060    10.000         0
  -13.285     5.888     0.060    10.000         0
  -13.477     5.921     0.060    10.000         0
  -13.674     5.966     0.060    10.000         0
  -13.892     6.004     0.060    10.000         0
  -14.094     6.051     0.060    10.000         0
  -14.312     6.092     0.060    10.000         0
  -14.507     6.122     0.060    10.000         0
    0.000     0.000     0.000        -1
