    0.000     1.000     0.000         0
    5.569     4.737     0.060     1.000         0
    5.332     4.651     0.060     1.000         0
    5.112     4.541     0.060     1.000         0
    4.892     4.423     0.060     1.000         0
    4.673     4.290     0.060     1.000         0
    4.454     4.173     0.060     1.000         0
    4.236     4.064     0.060     1.000         0
    4.018     3.965     0.060     1.000         0
    3.772     3.867     0.060     1.000         0
    3.553     3.771     0.060     1.000         0
    3.333     3.684     0.060     1.000         0
    3.115     3.597     0.060     1.000         0
    2.895     3.519     0.060     1.000         0
    2.677     3.450     0.060     1.000         0
    2.458     3.388     0.060     1.000         0
    2.240     3.319     0.060     1.000         0
    2.020     3.260     0.060     1.000         0
    1.802     3.205     0.060     1.000         0
    1.583     3.154     0.060     1.000         0
    1.364     3.099     0.060     1.000         0
    1.145     3.069     0.060     1.000         0
    0.926     3.040     0.060     1.000         0
    0.707     3.006     0.060     1.000         0
   16.839     6.938     0.060     7.000         0
   16.595     6.894     0.060     7.000         0
   16.375     6.862     0.060     7.000         0
   16.155     6.826     0.060     7.000         0
   15.937     6.795     0.060     7.000         0
   15.717     6.771     0.060     7.000         0
   15.497     6.727     0.060     7.000         0
   15.276     6.695     0.060     7.000         0
   15.056     6.679     0.060     7.000         0
   14.836     6.631     0.060     7.000         0
   14.616     6.595     0.060     7.000         0
   14.398     6.580     0.060     7.000         0
   14.152     6.544     0.060     7.000         0
   13.934     6.508     0.060     7.000         0
   13.716     6.477     0.060     7.000         0
   13.498     6.445     0.060     7.000         0
   13.278     6.413     0.060     7.000         0
   13.057     6.377     0.060     7.000         0
   12.838     6.345     0.060     7.000         0
   12.617     6.313     0.060     7.000         0
   12.397     6.278     0.060     7.000         0
   12.179     6.242     0.060     7.000         0
   11.959     6.206     0.060     7.000         0
   11.713     6.170     0.060     7.000         0
   11.495     6.133     0.060     7.000         0
   11.278     6.088     0.060     7.000         0
   11.060     6.027     0.060     7.000         0
   10.842     5.982     0.060     7.000         0
   10.622     5.936     0.060     7.000         0
   10.430     5.905     0.060     7.000         0
   10.213     5.860     0.060     7.000         0
    9.966     5.799     0.060     7.000         0
    9.745     5.741     0.060     7.000         0
    9.525     5.675     0.060     7.000         0
    9.305     5.630     0.060     7.000         0
    9.085     5.558     0.060     7.000         0
    8.864     5.486     0.060     7.000         0
    8.644     5.418     0.060     7.000         0
    8.424     5.359     0.060     7.000         0
    8.204     5.300     0.060     7.000         0
    7.986     5.227     0.060     7.000         0
    7.766     5.181     0.060     7.000         0
    7.545     5.110     0.060     7.000         0
    7.325     5.062     0.060     7.000         0
    7.107     5.007     0.060     7.000         0
    6.888     4.972     0.060     7.000         0
    6.667     4.920     0.060     7.000         0
    6.447     4.879     0.060     7.000         0
    6.209     4.855     0.060     7.000         0
    5.991     4.814     0.060     7.000         0
    5.789     4.788     0.060     7.000         0
    0.000    -1.000     0.000         0
   -0.463     2.942     0.060     1.000         0
   -0.248     2.930     0.060     1.000         0
   -0.056     2.908     0.060     1.000         0
   -0.197     2.926     0.060     1.000         0
   -0.418     2.935     0.060     1.000         0
   -0.634     2.951     0.060     1.000         0
   -0.855     2.976     0.060     1.000         0
   -1.075     3.009     0.060     1.000         0
   -1.292     3.049     0.060     1.000         0
   -1.484     3.085     0.060     1.000         0
   -1.729     3.131     0.060     1.000         0
   -1.924     3.175     0.060     1.000         0
   -2.167     3.242     0.060     1.000         0
   -2.388     3.311     0.060     1.000         0
   -2.606     3.394     0.060     1.000         0
   -2.826     3.462     0.060     1.000         0
   -3.047     3.515     0.060     1.000         0
   -3.267     3.591     0.060     1.000         0
   -3.484     3.679     0.060     1.000         0
   -3.705     3.778     0.060     1.000         0
   -3.922     3.878     0.060     1.000         0
   -4.169     3.975     0.060     1.000         0
   -4.387     4.078     0.060     1.000         0
   -4.607     4.157     0.060     1.000         0
   -4.827     4.260     0.060     1.000         0
  -23.892     7.331     0.060     3.000         0
  -24.083     7.355     0.060     3.000         0
  -24.281     7.397     0.060     3.000         0
  -24.498     7.428     0.060     3.000         0
  -24.701     7.475     0.060     3.000         0
  -24.918     7.505     0.060     3.000         0
  -25.113     7.543     0.060     3.000         0
  -25.304     7.579     0.060     3.000         0
  -25.525     7.606     0.060     3.000         0
  -25.720     7.652     0.060     3.000         0
  -25.911     7.680     0.060     3.000         0
  -26.131     7.723     0.060     3.000         0
  -26.331     7.742     0.060     3.000         0
  -26.526     7.791     0.060     3.000         0
  -26.743     7.826     0.060     3.000         0
  -26.938     7.843     0.060     3.000         0
  -27.158     7.890     0.060     3.000         0
  -27.350     7.926     0.060     3.000         0
  -27.571     7.952     0.060     3.000         0
  -27.773     7.987     0.060     3.000         0
  -27.991     8.004     0.060     3.000         0
  -28.185     8.049     0.060     3.000         0
  -28.403     8.075     0.060     3.000         0
  -28.597     8.084     0.060     3.000         0
  -28.818     8.079     0.060     3.000         0
  -29.010     8.084     0.060     3.000         0
  -29.227     8.118     0.060     3.000         0
  -29.424     8.121     0.060     3.000         0
  -29.641     8.162     0.060     3.000         0
  -29.845     8.170     0.060     3.000         0
  -30.062     8.192     0.060     3.000         0
  -30.283     8.222     0.060     3.000         0
  -30.475     8.253     0.060     3.000         0
  -30.695     8.284     0.060     3.000         0
  -30.889     8.294     0.060     3.000         0
  -31.080     8.317     0.060     3.000         0
  -31.301     8.364     0.060     3.000         0
  -31.519     8.383     0.060     3.000         0
  -31.722     8.427     0.060     3.000         0
  -31.943     8.448     0.060     3.000         0
  -32.134     8.494     0.060     3.000         0
  -32.354     8.526     0.060     3.000         0
  -32.549     8.552     0.060     3.000         0
  -32.766     8.601     0.060     3.000         0
  -32.987     8.623     0.060     3.000         0
  -33.178     8.659     0.060     3.000         0
  -33.399     8.704     0.060     3.000         0
  -33.620     8.725     0.060     3.000         0
  -33.811     8.753     0.060     3.000         0
  -34.031     8.802     0.060     3.000         0
  -34.249     8.830     0.060     3.000         0
  -34.452     8.868     0.060     3.000         0
  -34.673     8.897     0.060     3.000         0
  -34.890     8.937     0.060     3.000         0
  -35.085     8.953     0.060     3.000         0
  -35.305     8.994     0.060     3.000         0
  -35.522     9.038     0.060     3.000         0
  -35.717     9.058     0.060     3.000         0
  -35.935     9.096     0.060     3.000         0
  -36.155     9.122     0.060     3.000         0
  -36.376     9.148     0.060     3.000         0
  -36.568     9.162     0.060     3.000         0
  -36.788     9.184     0.060     3.000         0
  -37.008     9.230     0.060     3.000         0
  -37.208     9.253     0.060     3.000         0
  -37.403     9.268     0.060     3.000         0
  -37.403     9.280     0.060     3.000         0
  -37.815     9.328     0.060     3.000         0
  -38.036     9.358     0.060     3.000         0
  -38.227     9.376     0.060     3.000         0
  -38.447     9.414     0.060     3.000         0
  -38.639     9.444     0.060     3.000         0
  -38.842     9.460     0.060     3.000         0
  -39.060     9.490     0.060     3.000         0
  -39.254     9.524     0.060     3.000         0
  -39.449     9.555     0.060     3.000         0
  -39.670     9.582     0.060     3.000         0
  -39.861     9.623     0.060     3.000         0
  -40.081     9.658     0.060     3.000         0
  -40.281     9.677     0.060     3.000         0
  -40.476     9.708     0.060     3.000         0
  -40.693     9.739     0.060     3.000         0
  -40.888     9.766     0.060     3.000         0
  -41.083     9.788     0.060     3.000         0
  -41.274     9.815     0.060     3.000         0
  -41.494     9.846     0.060     3.000         0
  -41.694     9.853     0.060     3.000         0
  -41.889     9.880     0.060     3.000         0
  -42.109     9.907     0.060     3.000         0
  -42.301     9.934     0.060     3.000         0
  -42.496     9.973     0.060     3.000         0
  -42.713     9.995     0.060     3.000         0
  -42.917    10.021     0.060     3.000         0
  -43.110    10.048     0.060     3.000         0
  -43.302    10.095     0.060     3.000         0
  -43.496    10.122     0.060     3.000         0
  -43.714    10.158     0.060     3.000         0
  -43.909    10.178     0.060     3.000         0
  -44.109    10.206     0.060     3.000         0
  -44.330    10.241     0.060     3.000         0
  -44.523    10.252     0.060     3.000         0
  -44.741    10.295     0.060     3.000         0
  -44.935    10.306     0.060     3.000         0
  -45.130    10.345     0.060     3.000         0
  -45.351    10.360     0.060     3.000         0
  -45.551    10.384     0.060     3.000         0
  -45.746    10.412     0.060     3.000         0
  -45.963    10.442     0.060     3.000         0
  -46.155    10.465     0.060     3.000         0
  -46.375    10.496     0.060     3.000         0
  -46.569    10.527     0.060     3.000         0
  -46.761    10.554     0.060     3.000         0
  -46.982    10.575     0.060     3.000         0
  -47.185    10.605     0.060     3.000         0
  -47.403    10.649     0.060     3.000         0
  -47.596    10.661     0.060     3.000         0
  -47.791    10.694     0.060     3.000         0
  -48.008    10.732     0.060     3.000         0
  -48.203    10.740     0.060     3.000         0
  -48.421    10.779     0.060     3.000         0
  -48.642    10.814     0.060     3.000         0
  -48.862    10.845     0.060     3.000         0
  -49.080    10.856     0.060     3.000         0
  -49.300    10.896     0.060     3.000         0
  -49.503    10.910     0.060     3.000         0
  -49.724    10.951     0.060     3.000         0
  -49.942    10.963     0.060     3.000         0
  -50.159    10.995     0.060     3.000         0
  -50.380    11.024     0.060     3.000         0
   -5.048     4.317     0.060     7.000         0
   -5.265     4.348     0.060     7.000         0
   -5.486     4.372     0.060     7.000         0
   -5.724     4.406     0.060     7.000         0
   -5.941     4.425     0.060     7.000         0
   -6.162     4.450     0.060     7.000         0
   -6.380     4.474     0.060     7.000         0
   -6.599     4.498     0.060     7.000         0
   -6.820     4.534     0.060     7.000         0
   -7.038     4.560     0.060     7.000         0
   -7.258     4.578     0.060     7.000         0
   -7.479     4.596     0.060     7.000         0
   -7.698     4.618     0.060     7.000         0
   -7.916     4.640     0.060     7.000         0
   -8.137     4.666     0.060     7.000         0
   -8.354     4.699     0.060     7.000         0
   -8.575     4.718     0.060     7.000         0
   -8.796     4.746     0.060     7.000         0
   -9.016     4.779     0.060     7.000         0
   -9.234     4.811     0.060     7.000         0
   -9.453     4.860     0.060     7.000         0
   -9.671     4.888     0.060     7.000         0
   -9.892     4.938     0.060     7.000         0
  -10.112     4.968     0.060     7.000         0
  -10.330     5.009     0.060     7.000         0
  -10.551     5.051     0.060     7.000         0
  -10.770     5.096     0.060     7.000         0
  -10.988     5.145     0.060     7.000         0
  -11.191     5.184     0.060     7.000         0
  -11.386     5.224     0.060     7.000         0
  -11.551     5.262     0.060     7.000         0
  -11.751     5.292     0.060     7.000         0
  -11.946     5.335     0.060     7.000         0
  -12.114     5.369     0.060     7.000         0
  -12.306     5.404     0.060     7.000         0
  -12.506     5.437     0.060     7.000         0
  -12.699     5.480     0.060     7.000         0
  -12.894     5.516     0.060     7.000         0
  -13.112     5.552     0.060     7.000         0
  -13.306     5.591     0.060     7.000         0
  -13.509     5.624     0.060     7.000         0
  -13.727     5.670     0.060     7.000         0
  -13.920     5.708     0.060     7.000         0
  -14.112     5.741     0.060     7.000         0
  -14.333     5.783     0.060     7.000         0
  -14.527     5.816     0.060     7.000         0
  -14.745     5.854     0.060     7.000         0
  -14.939     5.892     0.060     7.000         0
  -15.143     5.923     0.060     7.000         0
  -15.360     5.949     0.060     7.000         0
  -15.554     5.994     0.060     7.000         0
  -15.771     6.042     0.060     7.000         0
  -15.966     6.076     0.060     7.000         0
  -16.157     6.114     0.060     7.000         0
  -16.378     6.150     0.060     7.000         0
  -16.578     6.174     0.060     7.000         0
  -16.799     6.203     0.060     7.000         0
  -16.992     6.244     0.060     7.000         0
  -17.184     6.284     0.060     7.000         0
  -17.405     6.312     0.060     7.000         0
  -17.599     6.328     0.060     7.000         0
  -17.791     6.344     0.060     7.000         0
  -18.011     6.347     0.060     7.000         0
  -18.215     6.359     0.060     7.000         0
  -18.406     6.367     0.060     7.000         0
  -18.624     6.386     0.060     7.000         0
  -18.817     6.411     0.060     7.000         0
  -19.012     6.445     0.060     7.000         0
  -19.229     6.473     0.060     7.000         0
  -19.433     6.491     0.060     7.000         0
  -19.653     6.525     0.060     7.000         0
  -19.845     6.565     0.060     7.000         0
  -20.038     6.614     0.060     7.000         0
  -20.230     6.643     0.060     7.000         0
  -19.229     6.515     0.060    10.000         0
  -19.433     6.544     0.060    10.000         0
  -19.653     6.575     0.060    10.000         0
  -19.845     6.614     0.060    10.000         0
  -20.038     6.644     0.060    10.000         0
  -20.230     6.675     0.060    10.000         0
  -20.451     6.702     0.060    10.000         0
  -20.642     6.743     0.060    10.000         0
  -20.845     6.777     0.060    10.000         0
  -21.063     6.814     0.060    10.000         0
  -21.261     6.848     0.060    10.000         0
  -21.452     6.864     0.060    10.000         0
  -21.646     6.905     0.060    10.000         0
  -21.863     6.942     0.060    10.000         0
  -22.067     6.985     0.060    10.000         0
  -22.284     7.022     0.060    10.000         0
  -22.479     7.063     0.060    10.000         0
  -22.696     7.109     0.060    10.000         0
  -22.891     7.150     0.060    10.000         0
  -23.085     7.191     0.060    10.000         0
  -23.302     7.237     0.060    10.000         0
  -23.497     7.294     0.060    10.000         0
  -23.697     7.328     0.060    10.000         0
    0.000     0.000     0.000        -1
