    0.000     1.000     0.000         0
    5.982     5.062     0.060     1.000         0
    5.761     4.994     0.060     1.000         0
    5.541     4.892     0.060     1.000         0
    5.323     4.786     0.060     1.000         0
    5.104     4.670     0.060     1.000         0
    4.883     4.572     0.060     1.000         0
    4.662     4.474     0.060     1.000         0
    4.442     4.351     0.060     1.000         0
    4.222     4.254     0.060     1.000         0
    4.002     4.156     0.060     1.000         0
    3.784     4.064     0.060     1.000         0
    3.537     3.978     0.060     1.000         0
    3.320     3.892     0.060     1.000         0
    3.102     3.816     0.060     1.000         0
    2.885     3.745     0.060     1.000         0
    2.664     3.668     0.060     1.000         0
    2.444     3.601     0.060     1.000         0
    2.224     3.545     0.060     1.000         0
    2.003     3.494     0.060     1.000         0
    1.783     3.449     0.060     1.000         0
    1.565     3.413     0.060     1.000         0
    1.345     3.358     0.060     1.000         0
    1.099     3.330     0.060     1.000         0
    0.881     3.301     0.060     1.000         0
    0.665     3.247     0.060     1.000         0
    0.449     3.223     0.060     1.000         0
    0.239     3.218     0.060     1.000         0
    0.058     3.208     0.060     1.000         0
    0.197     3.217     0.060     1.000         0
    0.411     3.227     0.060     1.000         0
    0.652     3.245     0.060     1.000         0
   23.922     8.250     0.060     3.000         0
   23.704     8.206     0.060     3.000         0
   23.483     8.198     0.060     3.000         0
   23.266     8.165     0.060     3.000         0
   23.028     8.123     0.060     3.000         0
   22.811     8.090     0.060     3.000         0
   22.590     8.062     0.060     3.000         0
   22.373     8.044     0.060     3.000         0
   22.155     8.011     0.060     3.000         0
   21.910     7.957     0.060     3.000         0
   21.692     7.935     0.060     3.000         0
   21.472     7.887     0.060     3.000         0
   21.254     7.864     0.060     3.000         0
   21.034     7.814     0.060     3.000         0
   20.813     7.784     0.060     3.000         0
   20.567     7.712     0.060     3.000         0
   20.347     7.667     0.060     3.000         0
   20.126     7.615     0.060     3.000         0
   19.902     7.592     0.060     3.000         0
   19.680     7.535     0.060     3.000         0
   19.459     7.489     0.060     3.000         0
   19.239     7.457     0.060     3.000         0
   19.019     7.423     0.060     3.000         0
   18.769     7.405     0.060     3.000         0
   18.549     7.369     0.060     3.000         0
   18.328     7.342     0.060     3.000         0
   18.109     7.321     0.060     3.000         0
   17.888     7.304     0.060     3.000         0
   17.650     7.270     0.060     3.000         0
   17.430     7.263     0.060     3.000         0
   17.212     7.236     0.060     3.000         0
   16.993     7.214     0.060     3.000         0
   16.749     7.178     0.060     3.000         0
   16.532     7.147     0.060     3.000         0
   16.311     7.105     0.060     3.000         0
   91.233    23.879     0.060     5.000         0
   91.064    23.878     0.060     5.000         0
   90.871    23.858     0.060     5.000         0
   90.677    23.843     0.060     5.000         0
   90.500    23.825     0.060     5.000         0
   90.335    23.814     0.060     5.000         0
   90.132    23.792     0.060     5.000         0
   89.967    23.761     0.060     5.000         0
   89.772    23.741     0.060     5.000         0
   89.599    23.729     0.060     5.000         0
   89.405    23.714     0.060     5.000         0
   89.211    23.699     0.060     5.000         0
   89.017    23.679     0.060     5.000         0
   88.817    23.678     0.060     5.000         0
   88.595    23.649     0.060     5.000         0
   88.403    23.625     0.060     5.000         0
   88.206    23.604     0.060     5.000         0
   87.989    23.586     0.060     5.000         0
   87.797    23.571     0.060     5.000         0
   87.577    23.563     0.060     5.000         0
   87.383    23.526     0.060     5.000         0
   87.163    23.514     0.060     5.000         0
   86.963    23.476     0.060     5.000         0
   86.743    23.469     0.060     5.000         0
   86.526    23.433     0.060     5.000         0
   86.334    23.406     0.060     5.000         0
   86.114    23.382     0.060     5.000         0
   85.923    23.368     0.060     5.000         0
   85.702    23.344     0.060     5.000         0
   85.509    23.309     0.060     5.000         0
   85.289    23.291     0.060     5.000         0
   85.089    23.272     0.060     5.000         0
   84.868    23.225     0.060     5.000         0
   84.648    23.219     0.060     5.000         0
   84.457    23.177     0.060     5.000         0
   84.239    23.171     0.060     5.000         0
   84.022    23.129     0.060     5.000         0
   83.801    23.103     0.060     5.000         0
   83.610    23.073     0.060     5.000         0
   83.391    23.070     0.060     5.000         0
   83.197    23.046     0.060     5.000         0
   82.979    23.003     0.060     5.000         0
   82.759    22.989     0.060     5.000         0
   82.565    22.965     0.060     5.000         0
   82.347    22.952     0.060     5.000         0
   82.147    22.931     0.060     5.000         0
   81.928    22.898     0.060     5.000         0
   81.710    22.872     0.060     5.000         0
   81.519    22.837     0.060     5.000         0
   81.302    22.791     0.060     5.000         0
   81.081    22.742     0.060     5.000         0
   80.890    22.725     0.060     5.000         0
   80.670    22.686     0.060     5.000         0
   80.452    22.628     0.060     5.000         0
   80.258    22.595     0.060     5.000         0
   80.037    22.566     0.060     5.000         0
   79.837    22.515     0.060     5.000         0
   79.618    22.489     0.060     5.000         0
   79.398    22.433     0.060     5.000         0
   79.206    22.394     0.060     5.000         0
   78.986    22.353     0.060     5.000         0
   78.766    22.322     0.060     5.000         0
   78.574    22.283     0.060     5.000         0
   78.355    22.268     0.060     5.000         0
   78.135    22.228     0.060     5.000         0
   77.940    22.179     0.060     5.000         0
   77.720    22.144     0.060     5.000         0
   77.526    22.109     0.060     5.000         0
   77.306    22.090     0.060     5.000         0
   77.106    22.064     0.060     5.000         0
   76.886    22.019     0.060     5.000         0
   76.666    21.980     0.060     5.000         0
   76.471    21.950     0.060     5.000         0
   76.252    21.921     0.060     5.000         0
   76.058    21.896     0.060     5.000         0
   75.840    21.882     0.060     5.000         0
   75.646    21.858     0.060     5.000         0
   75.426    21.828     0.060     5.000         0
   75.223    21.802     0.060     5.000         0
   75.005    21.748     0.060     5.000         0
   74.812    21.724     0.060     5.000         0
   74.591    21.704     0.060     5.000         0
   74.371    21.676     0.060     5.000         0
   74.180    21.639     0.060     5.000         0
   73.962    21.586     0.060     5.000         0
   73.768    21.549     0.060     5.000         0
   73.549    21.520     0.060     5.000         0
   73.331    21.501     0.060     5.000         0
   73.137    21.471     0.060     5.000         0
   72.917    21.457     0.060     5.000         0
   72.717    21.416     0.060     5.000         0
   72.496    21.406     0.060     5.000         0
   72.276    21.372     0.060     5.000         0
   72.082    21.325     0.060     5.000         0
   71.865    21.282     0.060     5.000         0
   71.645    21.244     0.060     5.000         0
   71.450    21.196     0.060     5.000         0
   71.233    21.158     0.060     5.000         0
   71.013    21.120     0.060     5.000         0
   70.819    21.074     0.060     5.000         0
   70.599    21.048     0.060     5.000         0
   54.584    18.822     0.060     5.000         0
   54.337    18.755     0.060     5.000         0
   54.118    18.723     0.060     5.000         0
   53.897    18.670     0.060     5.000         0
   53.651    18.633     0.060     5.000         0
   53.430    18.591     0.060     5.000         0
   53.213    18.542     0.060     5.000         0
   52.992    18.491     0.060     5.000         0
   52.775    18.467     0.060     5.000         0
   52.538    18.408     0.060     5.000         0
   52.318    18.385     0.060     5.000         0
   52.097    18.352     0.060     5.000         0
   51.880    18.349     0.060     5.000         0
   51.659    18.325     0.060     5.000         0
   51.416    18.290     0.060     5.000         0
   51.196    18.278     0.060     5.000         0
   50.976    18.256     0.060     5.000         0
   50.758    18.220     0.060     5.000         0
   50.538    18.203     0.060     5.000         0
   50.317    18.191     0.060     5.000         0
   50.097    18.174     0.060     5.000         0
   49.853    18.177     0.060     5.000         0
   49.634    18.155     0.060     5.000         0
   49.416    18.135     0.060     5.000         0
   49.196    18.100     0.060     5.000         0
   48.979    18.080     0.060     5.000         0
   48.758    18.049     0.060     5.000         0
   48.512    17.993     0.060     5.000         0
   48.294    17.943     0.060     5.000         0
   48.075    17.912     0.060     5.000         0
   47.857    17.877     0.060     5.000         0
   47.611    17.827     0.060     5.000         0
   47.390    17.762     0.060     5.000         0
   47.173    17.728     0.060     5.000         0
   46.935    17.690     0.060     5.000         0
   46.717    17.664     0.060     5.000         0
   46.497    17.654     0.060     5.000         0
   46.277    17.623     0.060     5.000         0
   46.031    17.605     0.060     5.000         0
   45.810    17.569     0.060     5.000         0
   45.564    17.550     0.060     5.000         0
   45.346    17.543     0.060     5.000         0
   45.127    17.526     0.060     5.000         0
   44.880    17.502     0.060     5.000         0
   44.660    17.480     0.060     5.000         0
   44.422    17.461     0.060     5.000         0
   44.205    17.449     0.060     5.000         0
   43.984    17.427     0.060     5.000         0
   43.740    17.387     0.060     5.000         0
   43.521    17.381     0.060     5.000         0
   43.304    17.355     0.060     5.000         0
   43.057    17.315     0.060     5.000         0
   42.840    17.267     0.060     5.000         0
   42.593    17.201     0.060     5.000         0
   42.376    17.133     0.060     5.000         0
   42.155    17.070     0.060     5.000         0
   41.932    17.036     0.060     5.000         0
   41.683    16.966     0.060     5.000         0
   41.465    16.913     0.060     5.000         0
   41.228    16.855     0.060     5.000         0
   41.010    16.810     0.060     5.000         0
   40.791    16.785     0.060     5.000         0
   40.544    16.715     0.060     5.000         0
   40.327    16.671     0.060     5.000         0
   40.106    16.636     0.060     5.000         0
   39.862    16.586     0.060     5.000         0
   39.645    16.556     0.060     5.000         0
   39.425    16.536     0.060     5.000         0
   39.179    16.493     0.060     5.000         0
   38.962    16.453     0.060     5.000         0
   38.741    16.433     0.060     5.000         0
   38.506    16.394     0.060     5.000         0
   38.286    16.356     0.060     5.000         0
   38.068    16.324     0.060     5.000         0
   37.822    16.297     0.060     5.000         0
   37.601    16.252     0.060     5.000         0
   37.384    16.218     0.060     5.000         0
   37.138    16.183     0.060     5.000         0
   36.921    16.164     0.060     5.000         0
   36.700    16.119     0.060     5.000         0
   36.457    16.106     0.060     5.000         0
   36.239    16.066     0.060     5.000         0
   35.996    16.053     0.060     5.000         0
   35.775    16.012     0.060     5.000         0
   35.555    15.977     0.060     5.000         0
   35.337    15.923     0.060     5.000         0
   35.100    15.880     0.060     5.000         0
   34.883    15.850     0.060     5.000         0
   34.640    15.797     0.060     5.000         0
   34.419    15.758     0.060     5.000         0
   34.202    15.715     0.060     5.000         0
   33.955    15.656     0.060     5.000         0
   33.738    15.628     0.060     5.000         0
   33.517    15.569     0.060     5.000         0
   33.270    15.530     0.060     5.000         0
   33.053    15.488     0.060     5.000         0
   32.836    15.442     0.060     5.000         0
   32.599    15.391     0.060     5.000         0
   32.378    15.354     0.060     5.000         0
   32.152    15.325     0.060     5.000         0
   31.932    15.273     0.060     5.000         0
   31.682    15.245     0.060     5.000         0
   31.459    15.234     0.060     5.000         0
   31.236    15.223     0.060     5.000         0
   31.015    15.223     0.060     5.000         0
   30.772    15.200     0.060     5.000         0
   30.552    15.170     0.060     5.000         0
   30.308    15.147     0.060     5.000         0
   30.088    15.129     0.060     5.000         0
   29.841    15.077     0.060     5.000         0
   29.621    15.049     0.060     5.000         0
   29.403    15.020     0.060     5.000         0
   29.165    14.990     0.060     5.000         0
   28.946    14.976     0.060     5.000         0
   28.699    14.939     0.060     5.000         0
   28.482    14.901     0.060     5.000         0
   28.261    14.883     0.060     5.000         0
   28.018    14.851     0.060     5.000         0
   27.797    14.827     0.060     5.000         0
   27.552    14.831     0.060     5.000         0
   27.331    14.811     0.060     5.000         0
   27.093    14.801     0.060     5.000         0
   26.876    14.782     0.060     5.000         0
   26.655    14.752     0.060     5.000         0
   26.411    14.756     0.060     5.000         0
   26.191    14.722     0.060     5.000         0
   25.971    14.728     0.060     5.000         0
   25.728    14.692     0.060     5.000         0
   25.507    14.697     0.060     5.000         0
   25.287    14.663     0.060     5.000         0
   25.069    14.659     0.060     5.000         0
   24.826    14.657     0.060     5.000         0
   24.605    14.631     0.060     5.000         0
   24.388    14.625     0.060     5.000         0
   24.168    14.624     0.060     5.000         0
   23.922    14.612     0.060     5.000         0
   23.704    14.601     0.060     5.000         0
   23.483    14.570     0.060     5.000         0
   23.266    14.580     0.060     5.000         0
   23.028    14.558     0.060     5.000         0
   15.412     6.928     0.060     7.000         0
   15.191     6.875     0.060     7.000         0
   14.974     6.818     0.060     7.000         0
   14.730     6.742     0.060     7.000         0
   14.509     6.678     0.060     7.000         0
   14.290     6.629     0.060     7.000         0
   14.072     6.591     0.060     7.000         0
   13.826     6.511     0.060     7.000         0
   13.608     6.472     0.060     7.000         0
   13.388     6.414     0.060     7.000         0
   13.170     6.350     0.060     7.000         0
   12.935     6.298     0.060     7.000         0
   12.715     6.244     0.060     7.000         0
   12.495     6.186     0.060     7.000         0
   12.275     6.142     0.060     7.000         0
   12.054     6.086     0.060     7.000         0
   11.833     6.031     0.060     7.000         0
   11.613     5.990     0.060     7.000         0
   11.393     5.935     0.060     7.000         0
   11.173     5.889     0.060     7.000         0
   10.926     5.865     0.060     7.000         0
   10.705     5.834     0.060     7.000         0
   10.486     5.797     0.060     7.000         0
   10.265     5.776     0.060     7.000         0
   10.045     5.760     0.060     7.000         0
    9.827     5.719     0.060     7.000         0
    9.610     5.703     0.060     7.000         0
    9.363     5.700     0.060     7.000         0
    9.145     5.689     0.060     7.000         0
    8.928     5.658     0.060     7.000         0
    8.684     5.646     0.060     7.000         0
    8.464     5.644     0.060     7.000         0
    8.246     5.621     0.060     7.000         0
    8.027     5.588     0.060     7.000         0
    7.792     5.543     0.060     7.000         0
    7.571     5.512     0.060     7.000         0
    7.351     5.452     0.060     7.000         0
    7.130     5.422     0.060     7.000         0
    6.912     5.352     0.060     7.000         0
    6.667     5.286     0.060     7.000         0
   15.412     6.985     0.060    11.000         0
   15.191     6.939     0.060    11.000         0
   14.974     6.884     0.060    11.000         0
   14.730     6.823     0.060    11.000         0
   14.509     6.747     0.060    11.000         0
   14.290     6.692     0.060    11.000         0
   14.072     6.637     0.060    11.000         0
   13.826     6.575     0.060    11.000         0
   13.608     6.530     0.060    11.000         0
   13.388     6.475     0.060    11.000         0
   13.170     6.428     0.060    11.000         0
   12.935     6.378     0.060    11.000         0
   12.715     6.321     0.060    11.000         0
   12.495     6.274     0.060    11.000         0
   12.275     6.232     0.060    11.000         0
   12.054     6.180     0.060    11.000         0
   11.833     6.142     0.060    11.000         0
   11.613     6.094     0.060    11.000         0
   11.393     6.056     0.060    11.000         0
   11.173     6.027     0.060    11.000         0
   10.926     5.984     0.060    11.000         0
    0.000    -1.000     0.000         0
   -0.870     3.278     0.060     1.000         0
   -1.089     3.307     0.060     1.000         0
   -1.309     3.347     0.060     1.000         0
   -1.529     3.386     0.060     1.000         0
   -1.749     3.425     0.060     1.000         0
   -1.969     3.475     0.060     1.000         0
   -2.189     3.531     0.060     1.000         0
   -2.409     3.598     0.060     1.000         0
   -2.627     3.663     0.060     1.000         0
   -2.848     3.730     0.060     1.000         0
   -3.068     3.807     0.060     1.000         0
   -3.289     3.882     0.060     1.000         0
   -3.506     3.965     0.060     1.000         0
   -3.726     4.050     0.060     1.000         0
   -3.947     4.140     0.060     1.000         0
   -4.167     4.235     0.060     1.000         0
   -4.405     4.322     0.060     1.000         0
   -4.623     4.427     0.060     1.000         0
   -4.825     4.523     0.060     1.000         0
   -5.046     4.630     0.060     1.000         0
   -5.284     4.735     0.060     1.000         0
   -5.505     4.841     0.060     1.000         0
   -5.725     4.957     0.060     1.000         0
   -5.943     5.027     0.060     1.000         0
  -30.267    14.594     0.060     5.000         0
  -30.459    14.622     0.060     5.000         0
  -30.652    14.661     0.060     5.000         0
  -30.844    14.705     0.060     5.000         0
  -31.064    14.744     0.060     5.000         0
  -31.256    14.803     0.060     5.000         0
  -31.459    14.833     0.060     5.000         0
  -31.677    14.887     0.060     5.000         0
  -31.874    14.927     0.060     5.000         0
  -32.066    14.965     0.060     5.000         0
  -32.260    14.994     0.060     5.000         0
  -32.477    15.029     0.060     5.000         0
  -32.680    15.090     0.060     5.000         0
  -32.898    15.124     0.060     5.000         0
  -33.093    15.169     0.060     5.000         0
  -33.310    15.218     0.060     5.000         0
  -33.505    15.238     0.060     5.000         0
  -33.698    15.287     0.060     5.000         0
  -33.916    15.321     0.060     5.000         0
  -34.111    15.371     0.060     5.000         0
  -34.311    15.395     0.060     5.000         0
  -34.505    15.443     0.060     5.000         0
  -34.697    15.481     0.060     5.000         0
  -34.894    15.515     0.060     5.000         0
  -35.112    15.542     0.060     5.000         0
  -35.314    15.587     0.060     5.000         0
  -35.532    15.604     0.060     5.000         0
  -35.727    15.657     0.060     5.000         0
  -35.918    15.690     0.060     5.000         0
  -36.139    15.718     0.060     5.000         0
  -36.333    15.752     0.060     5.000         0
  -36.525    15.756     0.060     5.000         0
  -36.745    15.803     0.060     5.000         0
  -36.945    15.818     0.060     5.000         0
  -37.139    15.864     0.060     5.000         0
  -37.357    15.899     0.060     5.000         0
  -37.552    15.930     0.060     5.000         0
  -37.772    15.954     0.060     5.000         0
  -37.964    15.961     0.060     5.000         0
  -38.184    16.002     0.060     5.000         0
  -38.387    16.030     0.060     5.000         0
  -38.604    16.041     0.060     5.000         0
  -38.799    16.068     0.060     5.000         0
  -39.017    16.099     0.060     5.000         0
  -39.211    16.126     0.060     5.000         0
  -39.432    16.167     0.060     5.000         0
  -39.623    16.184     0.060     5.000         0
  -39.841    16.206     0.060     5.000         0
  -40.038    16.244     0.060     5.000         0
  -40.255    16.255     0.060     5.000         0
  -40.459    16.289     0.060     5.000         0
  -40.676    16.343     0.060     5.000         0
  -40.897    16.368     0.060     5.000         0
  -41.088    16.400     0.060     5.000         0
  -41.309    16.432     0.060     5.000         0
  -41.503    16.459     0.060     5.000         0
  -41.694    16.466     0.060     5.000         0
  -41.915    16.498     0.060     5.000         0
  -42.133    16.534     0.060     5.000         0
  -42.336    16.563     0.060     5.000         0
  -42.557    16.596     0.060     5.000         0
  -42.748    16.639     0.060     5.000         0
  -42.968    16.682     0.060     5.000         0
  -43.162    16.715     0.060     5.000         0
  -43.380    16.738     0.060     5.000         0
  -43.601    16.775     0.060     5.000         0
  -43.792    16.806     0.060     5.000         0
  -44.013    16.838     0.060     5.000         0
  -44.234    16.855     0.060     5.000         0
  -44.425    16.872     0.060     5.000         0
  -44.645    16.924     0.060     5.000         0
  -44.863    16.950     0.060     5.000         0
  -45.066    16.984     0.060     5.000         0
  -45.287    17.011     0.060     5.000         0
  -45.504    17.032     0.060     5.000         0
  -45.699    17.069     0.060     5.000         0
  -45.919    17.096     0.060     5.000         0
  -46.136    17.107     0.060     5.000         0
  -46.331    17.135     0.060     5.000         0
  -46.548    17.176     0.060     5.000         0
  -46.769    17.198     0.060     5.000         0
  -46.990    17.249     0.060     5.000         0
  -47.181    17.261     0.060     5.000         0
  -47.402    17.298     0.060     5.000         0
  -47.622    17.335     0.060     5.000         0
  -47.822    17.353     0.060     5.000         0
  -48.017    17.391     0.060     5.000         0
  -48.017    17.391     0.060     5.000         0
  -48.429    17.424     0.060     5.000         0
  -48.650    17.461     0.060     5.000         0
  -48.841    17.493     0.060     5.000         0
  -49.061    17.516     0.060     5.000         0
  -49.252    17.525     0.060     5.000         0
  -49.456    17.526     0.060     5.000         0
  -49.673    17.544     0.060     5.000         0
  -49.868    17.574     0.060     5.000         0
  -50.063    17.584     0.060     5.000         0
  -50.283    17.606     0.060     5.000         0
  -50.475    17.628     0.060     5.000         0
  -50.695    17.660     0.060     5.000         0
  -50.895    17.708     0.060     5.000         0
  -51.090    17.735     0.060     5.000         0
  -51.307    17.767     0.060     5.000         0
  -51.502    17.774     0.060     5.000         0
  -51.696    17.796     0.060     5.000         0
  -51.888    17.823     0.060     5.000         0
  -52.108    17.865     0.060     5.000         0
  -52.308    17.883     0.060     5.000         0
  -52.503    17.911     0.060     5.000         0
  -52.723    17.953     0.060     5.000         0
  -52.915    17.985     0.060     5.000         0
  -53.109    17.992     0.060     5.000         0
  -53.327    18.023     0.060     5.000         0
  -53.530    18.062     0.060     5.000         0
  -53.724    18.081     0.060     5.000         0
  -53.916    18.125     0.060     5.000         0
  -54.110    18.144     0.060     5.000         0
  -54.328    18.167     0.060     5.000         0
  -54.522    18.196     0.060     5.000         0
  -54.723    18.246     0.060     5.000         0
  -54.943    18.280     0.060     5.000         0
  -55.137    18.309     0.060     5.000         0
  -55.355    18.327     0.060     5.000         0
  -55.549    18.349     0.060     5.000         0
  -55.744    18.381     0.060     5.000         0
  -55.965    18.429     0.060     5.000         0
  -56.165    18.442     0.060     5.000         0
  -56.360    18.470     0.060     5.000         0
  -56.577    18.495     0.060     5.000         0
  -56.769    18.532     0.060     5.000         0
  -56.989    18.564     0.060     5.000         0
  -57.183    18.591     0.060     5.000         0
  -57.375    18.608     0.060     5.000         0
  -57.595    18.649     0.060     5.000         0
  -57.799    18.667     0.060     5.000         0
  -58.016    18.697     0.060     5.000         0
  -58.210    18.748     0.060     5.000         0
  -58.405    18.769     0.060     5.000         0
  -58.622    18.809     0.060     5.000         0
  -58.817    18.846     0.060     5.000         0
  -59.035    18.866     0.060     5.000         0
   -6.380     5.194     0.060     7.000         0
   -6.597     5.230     0.060     7.000         0
   -6.844     5.272     0.060     7.000         0
   -7.061     5.306     0.060     7.000         0
   -7.282     5.330     0.060     7.000         0
   -7.500     5.384     0.060     7.000         0
   -7.720     5.409     0.060     7.000         0
   -7.938     5.439     0.060     7.000         0
   -8.157     5.479     0.060     7.000         0
   -8.375     5.514     0.060     7.000         0
   -8.596     5.559     0.060     7.000         0
   -8.813     5.593     0.060     7.000         0
   -9.031     5.627     0.060     7.000         0
   -9.251     5.651     0.060     7.000         0
   -9.469     5.675     0.060     7.000         0
   -9.690     5.685     0.060     7.000         0
   -9.907     5.711     0.060     7.000         0
  -10.154     5.704     0.060     7.000         0
  -10.374     5.730     0.060     7.000         0
  -10.563     5.738     0.060     7.000         0
  -10.809     5.763     0.060     7.000         0
  -11.029     5.785     0.060     7.000         0
  -11.247     5.807     0.060     7.000         0
  -11.468     5.850     0.060     7.000         0
  -11.688     5.882     0.060     7.000         0
  -11.906     5.904     0.060     7.000         0
  -12.098     5.941     0.060     7.000         0
  -12.343     5.985     0.060     7.000         0
  -12.538     6.007     0.060     7.000         0
  -12.782     6.041     0.060     7.000         0
  -13.002     6.052     0.060     7.000         0
  -13.220     6.087     0.060     7.000         0
  -13.440     6.121     0.060     7.000         0
  -13.661     6.119     0.060     7.000         0
  -13.880     6.153     0.060     7.000         0
  -14.098     6.186     0.060     7.000         0
  -14.319     6.194     0.060     7.000         0
  -14.536     6.227     0.060     7.000         0
  -14.783     6.249     0.060     7.000         0
  -15.001     6.278     0.060     7.000         0
  -15.221     6.296     0.060     7.000         0
  -15.441     6.305     0.060     7.000         0
  -15.661     6.323     0.060     7.000         0
  -15.879     6.356     0.060     7.000         0
  -16.100     6.387     0.060     7.000         0
  -16.338     6.400     0.060     7.000         0
  -16.555     6.424     0.060     7.000         0
  -16.776     6.443     0.060     7.000         0
  -16.994     6.462     0.060     7.000         0
  -17.213     6.461     0.060     7.000         0
  -17.434     6.475     0.060     7.000         0
  -17.652     6.515     0.060     7.000         0
  -17.872     6.534     0.060     7.000         0
  -18.093     6.543     0.060     7.000         0
  -18.312     6.567     0.060     7.000         0
  -18.530     6.576     0.060     7.000         0
  -18.751     6.610     0.060     7.000         0
  -18.968     6.654     0.060     7.000         0
  -19.189     6.663     0.060     7.000         0
  -19.409     6.697     0.060     7.000         0
  -19.630     6.746     0.060     7.000         0
  -19.848     6.769     0.060     7.000         0
  -20.067     6.803     0.060     7.000         0
  -20.285     6.824     0.060     7.000         0
  -20.506     6.861     0.060     7.000         0
  -20.726     6.903     0.060     7.000         0
  -20.944     6.924     0.060     7.000         0
  -21.164     6.960     0.060     7.000         0
  -21.384     6.995     0.060     7.000         0
  -21.602     7.031     0.060     7.000         0
  -21.805     7.058     0.060     7.000         0
  -21.999     7.093     0.060     7.000         0
  -22.165     7.113     0.060     7.000         0
  -22.365     7.139     0.060     7.000         0
  -22.560     7.143     0.060     7.000         0
  -22.728     7.164     0.060     7.000         0
  -22.920     7.198     0.060     7.000         0
  -23.120     7.221     0.060     7.000         0
  -23.313     7.272     0.060     7.000         0
  -23.508     7.278     0.060     7.000         0
  -23.725     7.323     0.060     7.000         0
  -23.920     7.367     0.060     7.000         0
  -23.725     7.442     0.060    10.000         0
  -23.920     7.466     0.060    10.000         0
  -24.123     7.492     0.060    10.000         0
  -24.341     7.530     0.060    10.000         0
  -24.534     7.563     0.060    10.000         0
  -24.726     7.567     0.060    10.000         0
  -24.946     7.595     0.060    10.000         0
  -25.141     7.644     0.060    10.000         0
  -25.359     7.652     0.060    10.000         0
  -25.553     7.681     0.060    10.000         0
  -25.756     7.726     0.060    10.000         0
  -25.974     7.754     0.060    10.000         0
  -26.168     7.768     0.060    10.000         0
  -26.385     7.805     0.060    10.000         0
  -26.580     7.846     0.060    10.000         0
  -26.771     7.881     0.060    10.000         0
  -26.992     7.897     0.060    10.000         0
  -27.192     7.954     0.060    10.000         0
  -27.413     7.975     0.060    10.000         0
  -27.606     8.021     0.060    10.000         0
  -27.798     8.056     0.060    10.000         0
  -28.018     8.082     0.060    10.000         0
    0.000     0.000     0.000        -1
