    0.000     1.000     0.000         0
    5.605     4.902     0.060     1.000         0
    5.387     4.834     0.060     1.000         0
    5.144     4.727     0.060     1.000         0
    4.923     4.658     0.060     1.000         0
    4.706     4.578     0.060     1.000         0
    4.487     4.486     0.060     1.000         0
    4.240     4.393     0.060     1.000         0
    4.023     4.326     0.060     1.000         0
    3.802     4.233     0.060     1.000         0
    3.585     4.160     0.060     1.000         0
    3.347     4.080     0.060     1.000         0
    3.130     4.002     0.060     1.000         0
    2.909     3.932     0.060     1.000         0
    2.693     3.855     0.060     1.000         0
    2.476     3.801     0.060     1.000         0
    2.231     3.750     0.060     1.000         0
    2.016     3.727     0.060     1.000         0
    1.795     3.662     0.060     1.000         0
    1.580     3.613     0.060     1.000         0
    1.359     3.578     0.060     1.000         0
    1.138     3.534     0.060     1.000         0
    0.895     3.513     0.060     1.000         0
    0.675     3.475     0.060     1.000         0
    0.457     3.453     0.060     1.000         0
    0.229     3.434     0.060     1.000         0
    0.026     3.431     0.060     1.000         0
   74.404    15.034     0.060     3.000         0
   74.227    15.005     0.060     3.000         0
   74.059    14.987     0.060     3.000         0
   73.865    14.981     0.060     3.000         0
   73.688    14.962     0.060     3.000         0
   73.520    14.949     0.060     3.000         0
   73.344    14.915     0.060     3.000         0
   73.149    14.894     0.060     3.000         0
   72.981    14.876     0.060     3.000         0
   72.805    14.872     0.060     3.000         0
   72.611    14.851     0.060     3.000         0
   72.434    14.822     0.060     3.000         0
   72.266    14.806     0.060     3.000         0
   72.098    14.790     0.060     3.000         0
   71.893    14.780     0.060     3.000         0
   71.728    14.764     0.060     3.000         0
   71.551    14.747     0.060     3.000         0
   71.383    14.721     0.060     3.000         0
   71.189    14.712     0.060     3.000         0
   70.995    14.684     0.060     3.000         0
   70.818    14.667     0.060     3.000         0
   70.653    14.646     0.060     3.000         0
   70.450    14.621     0.060     3.000         0
   70.285    14.606     0.060     3.000         0
   70.091    14.587     0.060     3.000         0
   69.917    14.585     0.060     3.000         0
   69.723    14.567     0.060     3.000         0
   69.529    14.553     0.060     3.000         0
   69.335    14.534     0.060     3.000         0
   69.135    14.505     0.060     3.000         0
   68.913    14.484     0.060     3.000         0
   68.721    14.457     0.060     3.000         0
   68.524    14.429     0.060     3.000         0
   68.307    14.404     0.060     3.000         0
   68.115    14.382     0.060     3.000         0
   67.895    14.367     0.060     3.000         0
   67.701    14.334     0.060     3.000         0
   67.481    14.314     0.060     3.000         0
   67.281    14.286     0.060     3.000         0
   67.061    14.276     0.060     3.000         0
   66.844    14.251     0.060     3.000         0
   66.652    14.224     0.060     3.000         0
   66.432    14.204     0.060     3.000         0
   66.241    14.178     0.060     3.000         0
   66.020    14.148     0.060     3.000         0
   65.827    14.122     0.060     3.000         0
   65.607    14.092     0.060     3.000         0
   65.407    14.045     0.060     3.000         0
   65.186    14.035     0.060     3.000         0
   64.966    14.005     0.060     3.000         0
   64.775    13.969     0.060     3.000         0
   64.557    13.945     0.060     3.000         0
   64.340    13.921     0.060     3.000         0
   64.120    13.891     0.060     3.000         0
   63.928    13.865     0.060     3.000         0
   63.709    13.815     0.060     3.000         0
   63.515    13.789     0.060     3.000         0
   63.297    13.765     0.060     3.000         0
   63.077    13.730     0.060     3.000         0
   62.883    13.709     0.060     3.000         0
   62.665    13.690     0.060     3.000         0
   62.465    13.653     0.060     3.000         0
   62.246    13.628     0.060     3.000         0
   62.028    13.594     0.060     3.000         0
   61.837    13.555     0.060     3.000         0
   61.620    13.516     0.060     3.000         0
   61.399    13.471     0.060     3.000         0
   61.208    13.432     0.060     3.000         0
   60.988    13.407     0.060     3.000         0
   60.770    13.363     0.060     3.000         0
   60.576    13.339     0.060     3.000         0
   60.356    13.289     0.060     3.000         0
   60.156    13.263     0.060     3.000         0
   59.936    13.214     0.060     3.000         0
   59.716    13.190     0.060     3.000         0
   59.525    13.160     0.060     3.000         0
   59.304    13.126     0.060     3.000         0
   59.084    13.092     0.060     3.000         0
   58.893    13.062     0.060     3.000         0
   58.673    13.028     0.060     3.000         0
   58.453    12.994     0.060     3.000         0
   58.258    12.959     0.060     3.000         0
   58.038    12.920     0.060     3.000         0
   57.844    12.894     0.060     3.000         0
   57.624    12.865     0.060     3.000         0
   57.424    12.824     0.060     3.000         0
   57.204    12.793     0.060     3.000         0
   56.984    12.756     0.060     3.000         0
   56.789    12.723     0.060     3.000         0
   56.570    12.692     0.060     3.000         0
   56.376    12.664     0.060     3.000         0
   56.158    12.653     0.060     3.000         0
   55.964    12.625     0.060     3.000         0
   55.744    12.593     0.060     3.000         0
   55.541    12.564     0.060     3.000         0
   55.323    12.533     0.060     3.000         0
   55.130    12.505     0.060     3.000         0
   54.909    12.454     0.060     3.000         0
   54.689    12.422     0.060     3.000         0
   54.498    12.415     0.060     3.000         0
   54.280    12.363     0.060     3.000         0
   54.086    12.341     0.060     3.000         0
   53.867    12.304     0.060     3.000         0
   53.649    12.283     0.060     3.000         0
   53.455    12.249     0.060     3.000         0
   53.235    12.238     0.060     3.000         0
   53.035    12.218     0.060     3.000         0
   52.814    12.171     0.060     3.000         0
   52.594    12.145     0.060     3.000         0
   52.400    12.121     0.060     3.000         0
   52.183    12.095     0.060     3.000         0
   51.963    12.088     0.060     3.000         0
   51.768    12.064     0.060     3.000         0
   51.551    12.028     0.060     3.000         0
   51.331    12.000     0.060     3.000         0
   51.137    11.966     0.060     3.000         0
   50.917    11.917     0.060     3.000         0
   50.699    11.889     0.060     3.000         0
   50.482    11.851     0.060     3.000         0
   50.262    11.812     0.060     3.000         0
   50.041    11.774     0.060     3.000         0
   49.821    11.735     0.060     3.000         0
   49.601    11.697     0.060     3.000         0
   49.384    11.659     0.060     3.000         0
   49.164    11.600     0.060     3.000         0
   48.946    11.572     0.060     3.000         0
   48.726    11.546     0.060     3.000         0
   48.505    11.514     0.060     3.000         0
   48.288    11.474     0.060     3.000         0
   48.070    11.453     0.060     3.000         0
   47.825    11.403     0.060     3.000         0
   47.634    11.381     0.060     3.000         0
   47.390    11.351     0.060     3.000         0
   47.170    11.320     0.060     3.000         0
   46.952    11.283     0.060     3.000         0
   46.732    11.251     0.060     3.000         0
   46.514    11.214     0.060     3.000         0
   46.294    11.182     0.060     3.000         0
   46.100    11.158     0.060     3.000         0
   45.882    11.121     0.060     3.000         0
   45.663    11.089     0.060     3.000         0
   45.445    11.062     0.060     3.000         0
   45.225    11.045     0.060     3.000         0
   45.008    11.000     0.060     3.000         0
   44.787    10.985     0.060     3.000         0
   44.567    10.950     0.060     3.000         0
   44.349    10.915     0.060     3.000         0
   44.130    10.870     0.060     3.000         0
   43.909    10.832     0.060     3.000         0
   43.689    10.805     0.060     3.000         0
   43.469    10.778     0.060     3.000         0
   43.251    10.751     0.060     3.000         0
   43.005    10.735     0.060     3.000         0
   42.787    10.703     0.060     3.000         0
   42.570    10.667     0.060     3.000         0
   42.352    10.642     0.060     3.000         0
   42.135    10.627     0.060     3.000         0
   41.892    10.622     0.060     3.000         0
   41.672    10.608     0.060     3.000         0
   41.452    10.595     0.060     3.000         0
   41.231    10.571     0.060     3.000         0
   41.011    10.530     0.060     3.000         0
   40.791    10.520     0.060     3.000         0
   40.545    10.465     0.060     3.000         0
   40.324    10.444     0.060     3.000         0
   40.104    10.419     0.060     3.000         0
   39.884    10.387     0.060     3.000         0
   39.664    10.375     0.060     3.000         0
   39.426    10.361     0.060     3.000         0
   39.206    10.330     0.060     3.000         0
   38.959    10.293     0.060     3.000         0
   38.742    10.276     0.060     3.000         0
   38.522    10.239     0.060     3.000         0
   38.276    10.208     0.060     3.000         0
   38.055    10.181     0.060     3.000         0
   37.838    10.174     0.060     3.000         0
   37.591    10.132     0.060     3.000         0
   37.371    10.114     0.060     3.000         0
   37.154    10.076     0.060     3.000         0
   36.910    10.070     0.060     3.000         0
   36.691    10.047     0.060     3.000         0
   36.473    10.014     0.060     3.000         0
   36.256     9.979     0.060     3.000         0
   36.021     9.961     0.060     3.000         0
   35.804     9.926     0.060     3.000         0
   35.560     9.907     0.060     3.000         0
   35.340     9.886     0.060     3.000         0
   35.119     9.861     0.060     3.000         0
   34.902     9.829     0.060     3.000         0
   34.655     9.772     0.060     3.000         0
   34.436     9.736     0.060     3.000         0
   34.215     9.699     0.060     3.000         0
   33.969     9.677     0.060     3.000         0
   33.748     9.630     0.060     3.000         0
   33.531     9.603     0.060     3.000         0
   33.310     9.545     0.060     3.000         0
   33.093     9.507     0.060     3.000         0
   32.856     9.466     0.060     3.000         0
   32.636     9.428     0.060     3.000         0
   32.415     9.405     0.060     3.000         0
   32.198     9.380     0.060     3.000         0
   31.977     9.344     0.060     3.000         0
   31.734     9.289     0.060     3.000         0
   31.514     9.268     0.060     3.000         0
   31.294     9.227     0.060     3.000         0
   31.076     9.177     0.060     3.000         0
   30.856     9.161     0.060     3.000         0
   30.635     9.105     0.060     3.000         0
   30.415     9.084     0.060     3.000         0
   30.171     9.039     0.060     3.000         0
   29.952     8.997     0.060     3.000         0
   29.735     8.956     0.060     3.000         0
   29.514     8.940     0.060     3.000         0
   29.297     8.889     0.060     3.000         0
   29.076     8.847     0.060     3.000         0
   28.830     8.810     0.060     3.000         0
   28.612     8.779     0.060     3.000         0
   28.393     8.758     0.060     3.000         0
   28.175     8.722     0.060     3.000         0
   27.929     8.680     0.060     3.000         0
   27.708     8.623     0.060     3.000         0
   27.491     8.587     0.060     3.000         0
   27.253     8.547     0.060     3.000         0
   27.036     8.521     0.060     3.000         0
   26.815     8.485     0.060     3.000         0
   26.596     8.453     0.060     3.000         0
   26.349     8.437     0.060     3.000         0
   26.128     8.409     0.060     3.000         0
   25.882     8.383     0.060     3.000         0
   25.664     8.337     0.060     3.000         0
   25.445     8.310     0.060     3.000         0
   25.198     8.298     0.060     3.000         0
   24.978     8.251     0.060     3.000         0
   24.740     8.232     0.060     3.000         0
   19.963     7.208     0.060     7.000         0
   19.743     7.173     0.060     7.000         0
   19.497     7.132     0.060     7.000         0
   19.280     7.102     0.060     7.000         0
   19.059     7.062     0.060     7.000         0
   18.824     6.998     0.060     7.000         0
   18.604     6.978     0.060     7.000         0
   18.387     6.928     0.060     7.000         0
   18.140     6.900     0.060     7.000         0
   17.919     6.862     0.060     7.000         0
   17.702     6.824     0.060     7.000         0
   17.456     6.771     0.060     7.000         0
   17.239     6.724     0.060     7.000         0
   17.018     6.691     0.060     7.000         0
   16.775     6.648     0.060     7.000         0
   16.558     6.626     0.060     7.000         0
   16.315     6.574     0.060     7.000         0
   16.094     6.534     0.060     7.000         0
   15.873     6.524     0.060     7.000         0
   15.656     6.494     0.060     7.000         0
   15.419     6.461     0.060     7.000         0
   15.202     6.417     0.060     7.000         0
   14.959     6.398     0.060     7.000         0
   14.738     6.373     0.060     7.000         0
   14.521     6.344     0.060     7.000         0
   14.274     6.300     0.060     7.000         0
   14.057     6.238     0.060     7.000         0
   13.836     6.186     0.060     7.000         0
   13.590     6.132     0.060     7.000         0
   13.373     6.085     0.060     7.000         0
   13.155     6.039     0.060     7.000         0
   12.919     5.988     0.060     7.000         0
   12.698     5.936     0.060     7.000         0
   12.471     5.887     0.060     7.000         0
   12.250     5.840     0.060     7.000         0
   12.000     5.796     0.060     7.000         0
   11.777     5.746     0.060     7.000         0
   11.554     5.705     0.060     7.000         0
   11.333     5.660     0.060     7.000         0
   11.090     5.631     0.060     7.000         0
   10.870     5.576     0.060     7.000         0
   10.627     5.531     0.060     7.000         0
   10.406     5.491     0.060     7.000         0
   10.159     5.446     0.060     7.000         0
    9.939     5.416     0.060     7.000         0
    9.721     5.398     0.060     7.000         0
    9.483     5.358     0.060     7.000         0
    9.264     5.330     0.060     7.000         0
    9.017     5.304     0.060     7.000         0
    8.800     5.292     0.060     7.000         0
    8.579     5.251     0.060     7.000         0
    8.336     5.223     0.060     7.000         0
    8.115     5.197     0.060     7.000         0
    7.870     5.168     0.060     7.000         0
    7.649     5.133     0.060     7.000         0
    7.411     5.095     0.060     7.000         0
    7.194     5.072     0.060     7.000         0
    6.973     5.054     0.060     7.000         0
    6.730     5.023     0.060     7.000         0
    6.509     5.015     0.060     7.000         0
   23.622     8.089     0.060    11.000         0
   23.375     8.033     0.060    11.000         0
   23.158     7.975     0.060    11.000         0
   22.911     7.910     0.060    11.000         0
   22.694     7.852     0.060    11.000         0
   22.473     7.783     0.060    11.000         0
   22.251     7.725     0.060    11.000         0
   22.001     7.680     0.060    11.000         0
   21.783     7.633     0.060    11.000         0
   21.546     7.582     0.060    11.000         0
   21.328     7.524     0.060    11.000         0
   21.109     7.467     0.060    11.000         0
   20.862     7.418     0.060    11.000         0
   20.645     7.366     0.060    11.000         0
   20.424     7.328     0.060    11.000         0
   20.181     7.283     0.060    11.000         0
   19.963     7.252     0.060    11.000         0
   19.743     7.231     0.060    11.000         0
   19.497     7.196     0.060    11.000         0
   19.280     7.157     0.060    11.000         0
   19.059     7.144     0.060    11.000         0
   18.824     7.103     0.060    11.000         0
   18.604     7.069     0.060    11.000         0
   18.387     7.041     0.060    11.000         0
   18.140     7.009     0.060    11.000         0
   17.919     6.980     0.060    11.000         0
   17.702     6.972     0.060    11.000         0
   17.456     6.930     0.060    11.000         0
    0.000    -1.000     0.000         0
   -0.222     3.443     0.060     1.000         0
   -0.443     3.455     0.060     1.000         0
   -0.662     3.473     0.060     1.000         0
   -0.913     3.497     0.060     1.000         0
   -1.134     3.531     0.060     1.000         0
   -1.355     3.575     0.060     1.000         0
   -1.574     3.623     0.060     1.000         0
   -1.795     3.672     0.060     1.000         0
   -2.033     3.719     0.060     1.000         0
   -2.254     3.781     0.060     1.000         0
   -2.471     3.837     0.060     1.000         0
   -2.690     3.893     0.060     1.000         0
   -2.933     3.961     0.060     1.000         0
   -3.150     4.032     0.060     1.000         0
   -3.371     4.105     0.060     1.000         0
   -3.614     4.191     0.060     1.000         0
   -3.831     4.273     0.060     1.000         0
   -4.052     4.344     0.060     1.000         0
   -4.269     4.429     0.060     1.000         0
   -4.490     4.514     0.060     1.000         0
   -4.707     4.599     0.060     1.000         0
   -4.951     4.743     0.060     1.000         0
  -18.800     7.387     0.060     3.000         0
  -19.017     7.420     0.060     3.000         0
  -19.235     7.443     0.060     3.000         0
  -19.452     7.465     0.060     3.000         0
  -19.673     7.483     0.060     3.000         0
  -19.864     7.508     0.060     3.000         0
  -20.082     7.521     0.060     3.000         0
  -20.329     7.521     0.060     3.000         0
  -20.549     7.530     0.060     3.000         0
  -20.770     7.539     0.060     3.000         0
  -20.989     7.549     0.060     3.000         0
  -21.210     7.558     0.060     3.000         0
  -21.431     7.577     0.060     3.000         0
  -21.651     7.596     0.060     3.000         0
  -21.871     7.621     0.060     3.000         0
  -22.091     7.645     0.060     3.000         0
  -22.309     7.669     0.060     3.000         0
  -22.530     7.694     0.060     3.000         0
  -22.750     7.718     0.060     3.000         0
  -22.971     7.742     0.060     3.000         0
  -23.188     7.766     0.060     3.000         0
  -23.408     7.791     0.060     3.000         0
  -23.629     7.815     0.060     3.000         0
  -23.849     7.840     0.060     3.000         0
  -24.087     7.886     0.060     3.000         0
  -24.305     7.900     0.060     3.000         0
  -24.507     7.922     0.060     3.000         0
  -35.561     8.991     0.060     3.000         0
  -35.781     9.012     0.060     3.000         0
  -36.019     9.035     0.060     3.000         0
  -36.237     9.052     0.060     3.000         0
  -36.458     9.049     0.060     3.000         0
  -36.675     9.080     0.060     3.000         0
  -36.895     9.102     0.060     3.000         0
  -37.115     9.118     0.060     3.000         0
  -37.333     9.135     0.060     3.000         0
  -37.554     9.147     0.060     3.000         0
  -37.774     9.158     0.060     3.000         0
  -37.994     9.165     0.060     3.000         0
  -38.212     9.192     0.060     3.000         0
  -38.432     9.215     0.060     3.000         0
  -38.650     9.258     0.060     3.000         0
  -38.870     9.271     0.060     3.000         0
  -39.091     9.305     0.060     3.000         0
  -39.312     9.323     0.060     3.000         0
  -39.529     9.351     0.060     3.000         0
  -39.749     9.389     0.060     3.000         0
  -39.967     9.417     0.060     3.000         0
  -40.187     9.471     0.060     3.000         0
  -40.408     9.514     0.060     3.000         0
  -40.625     9.532     0.060     3.000         0
  -40.846     9.590     0.060     3.000         0
  -41.066     9.624     0.060     3.000         0
  -41.283     9.647     0.060     3.000         0
  -41.487     9.682     0.060     3.000         0
  -41.681     9.726     0.060     3.000         0
  -41.847     9.760     0.060     3.000         0
  -42.047     9.780     0.060     3.000         0
  -42.241     9.813     0.060     3.000         0
  -42.410     9.858     0.060     3.000         0
  -42.601     9.876     0.060     3.000         0
  -42.801     9.911     0.060     3.000         0
  -42.995     9.945     0.060     3.000         0
  -43.189     9.979     0.060     3.000         0
  -43.407    10.037     0.060     3.000         0
  -43.602    10.061     0.060     3.000         0
  -43.805    10.090     0.060     3.000         0
  -44.022    10.132     0.060     3.000         0
  -44.216    10.141     0.060     3.000         0
  -44.407    10.169     0.060     3.000         0
  -44.628    10.201     0.060     3.000         0
  -44.823    10.250     0.060     3.000         0
  -45.040    10.267     0.060     3.000         0
  -45.235    10.310     0.060     3.000         0
  -45.438    10.330     0.060     3.000         0
  -45.656    10.352     0.060     3.000         0
  -45.849    10.401     0.060     3.000         0
  -46.067    10.433     0.060     3.000         0
  -46.261    10.461     0.060     3.000         0
  -46.453    10.470     0.060     3.000         0
  -46.674    10.522     0.060     3.000         0
  -46.874    10.532     0.060     3.000         0
  -47.094    10.584     0.060     3.000         0
  -47.288    10.609     0.060     3.000         0
  -47.479    10.634     0.060     3.000         0
  -47.700    10.649     0.060     3.000         0
  -54.187    11.620     0.060     3.000         0
  -54.379    11.660     0.060     3.000         0
  -54.576    11.691     0.060     3.000         0
  -54.794    11.704     0.060     3.000         0
  -54.996    11.736     0.060     3.000         0
  -55.214    11.774     0.060     3.000         0
  -55.408    11.799     0.060     3.000         0
  -55.600    11.844     0.060     3.000         0
  -55.820    11.863     0.060     3.000         0
  -56.015    11.913     0.060     3.000         0
  -56.207    11.943     0.060     3.000         0
  -56.426    11.967     0.060     3.000         0
  -56.626    11.988     0.060     3.000         0
  -56.821    12.028     0.060     3.000         0
  -57.039    12.072     0.060     3.000         0
  -57.233    12.082     0.060     3.000         0
  -57.454    12.136     0.060     3.000         0
  -57.645    12.161     0.060     3.000         0
  -57.866    12.190     0.060     3.000         0
   -5.391     4.916     0.060     7.000         0
   -5.609     4.973     0.060     7.000         0
   -5.855     5.006     0.060     7.000         0
   -6.073     5.054     0.060     7.000         0
   -6.293     5.101     0.060     7.000         0
   -6.511     5.149     0.060     7.000         0
   -6.746     5.200     0.060     7.000         0
   -6.967     5.248     0.060     7.000         0
   -7.186     5.305     0.060     7.000         0
   -7.407     5.335     0.060     7.000         0
   -7.627     5.369     0.060     7.000         0
   -7.848     5.388     0.060     7.000         0
   -8.068     5.407     0.060     7.000         0
   -8.288     5.417     0.060     7.000         0
   -8.509     5.441     0.060     7.000         0
   -8.755     5.447     0.060     7.000         0
   -8.976     5.467     0.060     7.000         0
   -9.195     5.506     0.060     7.000         0
   -9.416     5.525     0.060     7.000         0
   -9.637     5.534     0.060     7.000         0
   -9.854     5.553     0.060     7.000         0
  -10.072     5.566     0.060     7.000         0
  -10.318     5.593     0.060     7.000         0
  -10.536     5.621     0.060     7.000         0
  -10.753     5.639     0.060     7.000         0
  -10.997     5.665     0.060     7.000         0
  -11.217     5.689     0.060     7.000         0
  -11.435     5.722     0.060     7.000         0
  -11.655     5.755     0.060     7.000         0
  -11.890     5.796     0.060     7.000         0
  -12.110     5.834     0.060     7.000         0
  -12.331     5.877     0.060     7.000         0
  -12.551     5.915     0.060     7.000         0
  -12.769     5.973     0.060     7.000         0
  -13.014     6.039     0.060     7.000         0
  -13.235     6.108     0.060     7.000         0
  -13.456     6.167     0.060     7.000         0
  -13.699     6.227     0.060     7.000         0
  -13.920     6.292     0.060     7.000         0
  -14.140     6.341     0.060     7.000         0
  -14.358     6.388     0.060     7.000         0
  -14.578     6.406     0.060     7.000         0
  -14.798     6.445     0.060     7.000         0
  -15.019     6.503     0.060     7.000         0
  -15.239     6.536     0.060     7.000         0
  -15.459     6.579     0.060     7.000         0
  -15.680     6.617     0.060     7.000         0
  -15.897     6.655     0.060     7.000         0
  -16.144     6.698     0.060     7.000         0
  -16.361     6.725     0.060     7.000         0
  -16.579     6.795     0.060     7.000         0
  -16.796     6.835     0.060     7.000         0
  -17.017     6.896     0.060     7.000         0
  -17.238     6.966     0.060     7.000         0
  -17.457     7.021     0.060     7.000         0
  -17.678     7.113     0.060     7.000         0
  -14.798     6.583     0.060    11.000         0
  -15.019     6.626     0.060    11.000         0
  -15.239     6.639     0.060    11.000         0
  -15.459     6.673     0.060    11.000         0
  -15.680     6.706     0.060    11.000         0
  -15.897     6.749     0.060    11.000         0
  -16.144     6.807     0.060    11.000         0
  -16.361     6.868     0.060    11.000         0
  -16.579     6.919     0.060    11.000         0
  -16.796     6.950     0.060    11.000         0
  -17.017     7.002     0.060    11.000         0
  -17.238     7.064     0.060    11.000         0
  -17.457     7.127     0.060    11.000         0
  -17.678     7.191     0.060    11.000         0
  -17.898     7.235     0.060    11.000         0
  -18.116     7.298     0.060    11.000         0
  -18.337     7.336     0.060    11.000         0
  -18.582     7.410     0.060    11.000         0
  -18.800     7.458     0.060    11.000         0
  -19.017     7.505     0.060    11.000         0
  -19.235     7.548     0.060    11.000         0
  -19.452     7.590     0.060    11.000         0
    0.000     0.000     0.000        -1
