    0.000     1.000     0.000         0
    4.603     4.361     0.060     1.000         0
    4.360     4.260     0.060     1.000         0
    4.140     4.157     0.060     1.000         0
    3.919     4.053     0.060     1.000         0
    3.702     3.951     0.060     1.000         0
    3.466     3.867     0.060     1.000         0
    3.249     3.814     0.060     1.000         0
    3.008     3.733     0.060     1.000         0
    2.787     3.658     0.060     1.000         0
    2.571     3.581     0.060     1.000         0
    2.325     3.510     0.060     1.000         0
    2.110     3.451     0.060     1.000         0
    1.890     3.399     0.060     1.000         0
    1.643     3.356     0.060     1.000         0
    1.431     3.297     0.060     1.000         0
    1.220     3.264     0.060     1.000         0
    0.988     3.220     0.060     1.000         0
    0.772     3.194     0.060     1.000         0
    0.536     3.167     0.060     1.000         0
    0.325     3.150     0.060     1.000         0
    0.106     3.140     0.060     1.000         0
    0.188     3.147     0.060     1.000         0
   56.568    12.727     0.060     3.000         0
   56.350    12.698     0.060     3.000         0
   56.159    12.670     0.060     3.000         0
   55.939    12.625     0.060     3.000         0
   55.745    12.609     0.060     3.000         0
   55.525    12.564     0.060     3.000         0
   55.325    12.547     0.060     3.000         0
   55.105    12.510     0.060     3.000         0
   54.887    12.469     0.060     3.000         0
   54.696    12.445     0.060     3.000         0
   54.476    12.414     0.060     3.000         0
   54.285    12.377     0.060     3.000         0
   54.064    12.330     0.060     3.000         0
   53.871    12.299     0.060     3.000         0
   53.651    12.273     0.060     3.000         0
   53.451    12.250     0.060     3.000         0
   53.230    12.224     0.060     3.000         0
   53.010    12.206     0.060     3.000         0
   52.819    12.191     0.060     3.000         0
   52.601    12.150     0.060     3.000         0
   52.384    12.128     0.060     3.000         0
   52.163    12.098     0.060     3.000         0
   51.972    12.084     0.060     3.000         0
   51.753    12.049     0.060     3.000         0
   51.558    12.017     0.060     3.000         0
   51.341    11.986     0.060     3.000         0
   51.121    11.971     0.060     3.000         0
   50.926    11.927     0.060     3.000         0
   50.709    11.913     0.060     3.000         0
   50.509    11.876     0.060     3.000         0
   50.290    11.834     0.060     3.000         0
   50.072    11.803     0.060     3.000         0
   49.881    11.769     0.060     3.000         0
   49.664    11.743     0.060     3.000         0
   49.443    11.714     0.060     3.000         0
   49.252    11.670     0.060     3.000         0
   49.031    11.629     0.060     3.000         0
   48.814    11.593     0.060     3.000         0
   48.620    11.577     0.060     3.000         0
   48.399    11.524     0.060     3.000         0
   48.199    11.507     0.060     3.000         0
   47.980    11.454     0.060     3.000         0
   47.760    11.421     0.060     3.000         0
   47.568    11.397     0.060     3.000         0
   47.348    11.349     0.060     3.000         0
   47.128    11.328     0.060     3.000         0
   46.936    11.280     0.060     3.000         0
   46.717    11.244     0.060     3.000         0
   46.497    11.215     0.060     3.000         0
   38.305    10.026     0.060     3.000         0
   38.085    10.007     0.060     3.000         0
   37.865     9.960     0.060     3.000         0
   37.645     9.940     0.060     3.000         0
   37.428     9.914     0.060     3.000         0
   37.207     9.882     0.060     3.000         0
   36.990     9.835     0.060     3.000         0
   36.770     9.804     0.060     3.000         0
   36.549     9.788     0.060     3.000         0
   36.332     9.742     0.060     3.000         0
   36.114     9.727     0.060     3.000         0
   35.869     9.692     0.060     3.000         0
   35.677     9.664     0.060     3.000         0
   35.434     9.614     0.060     3.000         0
   35.213     9.586     0.060     3.000         0
   34.996     9.568     0.060     3.000         0
   34.776     9.536     0.060     3.000         0
   34.558     9.501     0.060     3.000         0
   13.489     6.351     0.060     7.000         0
   13.242     6.300     0.060     7.000         0
   13.022     6.244     0.060     7.000         0
   12.784     6.175     0.060     7.000         0
   12.566     6.110     0.060     7.000         0
   12.346     6.024     0.060     7.000         0
   12.102     5.955     0.060     7.000         0
   11.883     5.896     0.060     7.000         0
   11.666     5.829     0.060     7.000         0
   11.419     5.753     0.060     7.000         0
   11.202     5.678     0.060     7.000         0
   10.955     5.620     0.060     7.000         0
   10.738     5.592     0.060     7.000         0
   10.517     5.543     0.060     7.000         0
   10.294     5.486     0.060     7.000         0
   10.045     5.435     0.060     7.000         0
    9.827     5.391     0.060     7.000         0
    9.589     5.328     0.060     7.000         0
    9.372     5.286     0.060     7.000         0
    9.152     5.249     0.060     7.000         0
    8.906     5.195     0.060     7.000         0
    8.688     5.143     0.060     7.000         0
    8.468     5.102     0.060     7.000         0
    8.224     5.054     0.060     7.000         0
    8.007     5.022     0.060     7.000         0
    7.787     4.986     0.060     7.000         0
    7.541     4.957     0.060     7.000         0
    7.324     4.922     0.060     7.000         0
    7.103     4.877     0.060     7.000         0
    6.868     4.841     0.060     7.000         0
    6.648     4.795     0.060     7.000         0
    6.431     4.750     0.060     7.000         0
    6.184     4.706     0.060     7.000         0
    5.963     4.652     0.060     7.000         0
    5.746     4.601     0.060     7.000         0
    5.501     4.560     0.060     7.000         0
    5.284     4.520     0.060     7.000         0
   19.120     7.427     0.060    11.000         0
   18.900     7.375     0.060    11.000         0
   18.679     7.347     0.060    11.000         0
   18.459     7.304     0.060    11.000         0
   18.215     7.255     0.060    11.000         0
   17.996     7.196     0.060    11.000         0
   17.778     7.168     0.060    11.000         0
   17.558     7.124     0.060    11.000         0
   17.341     7.069     0.060    11.000         0
   17.120     7.021     0.060    11.000         0
   16.873     6.972     0.060    11.000         0
   16.656     6.937     0.060    11.000         0
   16.437     6.906     0.060    11.000         0
   16.219     6.864     0.060    11.000         0
   15.973     6.824     0.060    11.000         0
   15.752     6.769     0.060    11.000         0
   15.535     6.746     0.060    11.000         0
   15.297     6.688     0.060    11.000         0
   15.080     6.649     0.060    11.000         0
   14.859     6.626     0.060    11.000         0
   14.639     6.587     0.060    11.000         0
   14.393     6.543     0.060    11.000         0
   14.172     6.488     0.060    11.000         0
   13.926     6.444     0.060    11.000         0
   13.708     6.414     0.060    11.000         0
   13.489     6.375     0.060    11.000         0
   13.242     6.336     0.060    11.000         0
   13.022     6.295     0.060    11.000         0
   12.784     6.234     0.060    11.000         0
   12.566     6.209     0.060    11.000         0
   12.346     6.159     0.060    11.000         0
   12.102     6.115     0.060    11.000         0
   11.883     6.082     0.060    11.000         0
   11.666     6.066     0.060    11.000         0
   11.419     6.025     0.060    11.000         0
   11.202     5.997     0.060    11.000         0
   10.955     5.952     0.060    11.000         0
    0.000    -1.000     0.000         0
   -0.402     3.147     0.060     1.000         0
   -0.622     3.173     0.060     1.000         0
   -0.866     3.201     0.060     1.000         0
   -1.086     3.231     0.060     1.000         0
   -1.330     3.272     0.060     1.000         0
   -1.550     3.316     0.060     1.000         0
   -1.796     3.373     0.060     1.000         0
   -2.017     3.441     0.060     1.000         0
   -2.234     3.496     0.060     1.000         0
   -2.472     3.560     0.060     1.000         0
   -2.691     3.631     0.060     1.000         0
   -2.938     3.713     0.060     1.000         0
   -3.156     3.785     0.060     1.000         0
   -3.376     3.838     0.060     1.000         0
   -3.620     3.927     0.060     1.000         0
  -14.426     6.666     0.060     3.000         0
  -14.645     6.688     0.060     3.000         0
  -14.889     6.722     0.060     3.000         0
  -15.106     6.768     0.060     3.000         0
  -15.327     6.798     0.060     3.000         0
  -15.570     6.824     0.060     3.000         0
  -15.788     6.854     0.060     3.000         0
  -16.008     6.873     0.060     3.000         0
  -16.226     6.899     0.060     3.000         0
  -16.446     6.918     0.060     3.000         0
  -16.664     6.949     0.060     3.000         0
  -16.907     6.984     0.060     3.000         0
  -17.128     7.027     0.060     3.000         0
  -17.347     7.050     0.060     3.000         0
  -17.565     7.081     0.060     3.000         0
  -17.812     7.114     0.060     3.000         0
  -18.029     7.142     0.060     3.000         0
  -18.250     7.170     0.060     3.000         0
  -18.467     7.206     0.060     3.000         0
  -18.702     7.234     0.060     3.000         0
  -18.923     7.252     0.060     3.000         0
  -19.142     7.266     0.060     3.000         0
  -19.363     7.268     0.060     3.000         0
  -19.583     7.303     0.060     3.000         0
  -19.804     7.309     0.060     3.000         0
  -20.025     7.308     0.060     3.000         0
  -20.244     7.331     0.060     3.000         0
  -20.465     7.339     0.060     3.000         0
  -20.712     7.336     0.060     3.000         0
  -20.932     7.343     0.060     3.000         0
  -21.152     7.359     0.060     3.000         0
  -21.372     7.354     0.060     3.000         0
  -21.593     7.382     0.060     3.000         0
  -21.810     7.393     0.060     3.000         0
  -22.028     7.400     0.060     3.000         0
  -22.275     7.398     0.060     3.000         0
  -22.492     7.414     0.060     3.000         0
  -22.709     7.427     0.060     3.000         0
  -22.953     7.456     0.060     3.000         0
  -23.174     7.474     0.060     3.000         0
  -23.391     7.492     0.060     3.000         0
  -23.611     7.506     0.060     3.000         0
  -23.846     7.510     0.060     3.000         0
  -24.066     7.528     0.060     3.000         0
  -24.287     7.554     0.060     3.000         0
  -24.507     7.606     0.060     3.000         0
  -24.725     7.649     0.060     3.000         0
  -24.971     7.716     0.060     3.000         0
  -25.191     7.752     0.060     3.000         0
  -25.412     7.804     0.060     3.000         0
  -25.655     7.866     0.060     3.000         0
  -25.876     7.926     0.060     3.000         0
  -26.097     7.970     0.060     3.000         0
  -26.314     8.027     0.060     3.000         0
  -26.534     8.087     0.060     3.000         0
  -26.754     8.144     0.060     3.000         0
  -26.975     8.186     0.060     3.000         0
  -27.196     8.239     0.060     3.000         0
  -27.415     8.295     0.060     3.000         0
  -27.636     8.361     0.060     3.000         0
  -27.853     8.417     0.060     3.000         0
  -28.100     8.488     0.060     3.000         0
  -28.317     8.531     0.060     3.000         0
  -28.535     8.586     0.060     3.000         0
  -28.752     8.644     0.060     3.000         0
  -28.973     8.712     0.060     3.000         0
  -29.194     8.774     0.060     3.000         0
  -29.413     8.808     0.060     3.000         0
  -29.634     8.862     0.060     3.000         0
  -29.855     8.929     0.060     3.000         0
  -30.072     8.974     0.060     3.000         0
  -30.293     9.028     0.060     3.000         0
  -30.538     9.076     0.060     3.000         0
  -30.756     9.109     0.060     3.000         0
  -30.973     9.158     0.060     3.000         0
  -31.191     9.189     0.060     3.000         0
  -31.408     9.213     0.060     3.000         0
  -31.629     9.217     0.060     3.000         0
  -31.820     9.252     0.060     3.000         0
  -32.038     9.268     0.060     3.000         0
  -49.730    10.962     0.060     3.000         0
  -49.950    10.976     0.060     3.000         0
  -50.167    10.991     0.060     3.000         0
  -50.388    11.017     0.060     3.000         0
  -50.606    11.036     0.060     3.000         0
  -50.826    11.058     0.060     3.000         0
  -51.047    11.081     0.060     3.000         0
  -51.268    11.112     0.060     3.000         0
  -51.485    11.146     0.060     3.000         0
  -51.705    11.157     0.060     3.000         0
  -51.922    11.183     0.060     3.000         0
  -52.143    11.226     0.060     3.000         0
  -52.364    11.236     0.060     3.000         0
  -52.581    11.271     0.060     3.000         0
  -52.802    11.305     0.060     3.000         0
  -53.022    11.324     0.060     3.000         0
  -53.239    11.355     0.060     3.000         0
  -53.443    11.403     0.060     3.000         0
  -53.637    11.426     0.060     3.000         0
  -53.802    11.472     0.060     3.000         0
  -54.003    11.508     0.060     3.000         0
  -54.197    11.534     0.060     3.000         0
  -54.366    11.567     0.060     3.000         0
  -54.557    11.588     0.060     3.000         0
  -54.757    11.622     0.060     3.000         0
  -54.951    11.656     0.060     3.000         0
  -55.145    11.705     0.060     3.000         0
  -55.363    11.726     0.060     3.000         0
  -55.558    11.768     0.060     3.000         0
  -55.761    11.802     0.060     3.000         0
  -55.978    11.843     0.060     3.000         0
  -56.172    11.873     0.060     3.000         0
  -56.363    11.902     0.060     3.000         0
  -56.584    11.931     0.060     3.000         0
  -56.779    11.964     0.060     3.000         0
  -56.996    11.997     0.060     3.000         0
  -57.191    12.019     0.060     3.000         0
  -57.394    12.054     0.060     3.000         0
  -57.612    12.083     0.060     3.000         0
  -57.805    12.109     0.060     3.000         0
  -58.023    12.138     0.060     3.000         0
  -58.217    12.164     0.060     3.000         0
  -58.409    12.178     0.060     3.000         0
  -58.629    12.204     0.060     3.000         0
  -58.830    12.231     0.060     3.000         0
  -59.050    12.272     0.060     3.000         0
  -59.244    12.286     0.060     3.000         0
  -59.435    12.320     0.060     3.000         0
  -62.290    12.518     0.060     3.000         0
  -62.481    12.558     0.060     3.000         0
  -62.702    12.587     0.060     3.000         0
  -62.893    12.619     0.060     3.000         0
  -63.097    12.645     0.060     3.000         0
  -63.314    12.685     0.060     3.000         0
  -63.512    12.714     0.060     3.000         0
  -63.704    12.746     0.060     3.000         0
  -63.897    12.794     0.060     3.000         0
  -64.115    12.822     0.060     3.000         0
  -64.318    12.848     0.060     3.000         0
  -64.536    12.900     0.060     3.000         0
  -64.730    12.925     0.060     3.000         0
  -64.948    12.963     0.060     3.000         0
  -65.142    12.997     0.060     3.000         0
  -65.336    13.027     0.060     3.000         0
  -65.553    13.044     0.060     3.000         0
  -65.748    13.090     0.060     3.000         0
  -65.948    13.113     0.060     3.000         0
  -66.143    13.132     0.060     3.000         0
  -66.334    13.175     0.060     3.000         0
  -66.532    13.203     0.060     3.000         0
  -66.750    13.229     0.060     3.000         0
  -66.952    13.245     0.060     3.000         0
  -67.170    13.276     0.060     3.000         0
  -67.364    13.307     0.060     3.000         0
  -67.556    13.337     0.060     3.000         0
  -67.776    13.350     0.060     3.000         0
  -67.971    13.368     0.060     3.000         0
  -68.162    13.385     0.060     3.000         0
  -68.382    13.421     0.060     3.000         0
  -68.582    13.424     0.060     3.000         0
  -68.777    13.442     0.060     3.000         0
  -68.994    13.461     0.060     3.000         0
  -69.189    13.479     0.060     3.000         0
  -69.410    13.508     0.060     3.000         0
  -69.601    13.518     0.060     3.000         0
  -69.822    13.539     0.060     3.000         0
  -70.024    13.574     0.060     3.000         0
  -70.242    13.579     0.060     3.000         0
  -70.436    13.614     0.060     3.000         0
  -70.654    13.619     0.060     3.000         0
  -70.849    13.645     0.060     3.000         0
  -71.069    13.680     0.060     3.000         0
  -71.261    13.704     0.060     3.000         0
  -71.478    13.715     0.060     3.000         0
  -71.675    13.739     0.060     3.000         0
  -71.893    13.770     0.060     3.000         0
  -72.096    13.791     0.060     3.000         0
  -72.314    13.818     0.060     3.000         0
  -72.534    13.853     0.060     3.000         0
  -72.726    13.867     0.060     3.000         0
  -72.947    13.893     0.060     3.000         0
  -73.140    13.931     0.060     3.000         0
  -73.332    13.938     0.060     3.000         0
  -73.552    13.971     0.060     3.000         0
  -73.770    13.988     0.060     3.000         0
  -73.973    14.020     0.060     3.000         0
  -74.194    14.041     0.060     3.000         0
  -74.386    14.083     0.060     3.000         0
  -74.605    14.096     0.060     3.000         0
  -74.800    14.139     0.060     3.000         0
  -75.018    14.164     0.060     3.000         0
  -75.238    14.181     0.060     3.000         0
  -75.430    14.211     0.060     3.000         0
  -75.650    14.252     0.060     3.000         0
  -75.871    14.266     0.060     3.000         0
  -76.063    14.307     0.060     3.000         0
  -76.282    14.321     0.060     3.000         0
  -76.500    14.366     0.060     3.000         0
  -76.703    14.393     0.060     3.000         0
  -76.924    14.415     0.060     3.000         0
  -77.142    14.452     0.060     3.000         0
  -77.336    14.462     0.060     3.000         0
  -77.556    14.491     0.060     3.000         0
  -77.774    14.536     0.060     3.000         0
  -77.968    14.554     0.060     3.000         0
   -7.032     4.639     0.060     7.000         0
   -7.250     4.678     0.060     7.000         0
   -7.469     4.740     0.060     7.000         0
   -7.716     4.807     0.060     7.000         0
   -7.934     4.874     0.060     7.000         0
   -8.154     4.941     0.060     7.000         0
   -8.372     5.007     0.060     7.000         0
   -8.609     5.095     0.060     7.000         0
   -8.827     5.146     0.060     7.000         0
   -9.048     5.221     0.060     7.000         0
   -9.265     5.301     0.060     7.000         0
   -9.483     5.389     0.060     7.000         0
   -9.728     5.496     0.060     7.000         0
   -9.946     5.573     0.060     7.000         0
  -10.167     5.638     0.060     7.000         0
  -10.384     5.710     0.060     7.000         0
  -10.605     5.780     0.060     7.000         0
  -10.825     5.841     0.060     7.000         0
  -11.071     5.893     0.060     7.000         0
  -11.291     5.961     0.060     7.000         0
  -11.512     6.021     0.060     7.000         0
  -11.735     6.090     0.060     7.000         0
  -11.958     6.151     0.060     7.000         0
  -12.178     6.203     0.060     7.000         0
  -12.399     6.251     0.060     7.000         0
  -12.618     6.319     0.060     7.000         0
  -12.868     6.382     0.060     7.000         0
  -13.089     6.413     0.060     7.000         0
  -13.310     6.468     0.060     7.000         0
  -13.529     6.515     0.060     7.000         0
  -13.750     6.563     0.060     7.000         0
  -10.167     5.851     0.060    11.000         0
  -10.384     5.888     0.060    11.000         0
  -10.605     5.938     0.060    11.000         0
  -10.825     5.992     0.060    11.000         0
  -11.071     6.047     0.060    11.000         0
  -11.291     6.093     0.060    11.000         0
  -11.512     6.123     0.060    11.000         0
  -11.735     6.185     0.060    11.000         0
  -11.958     6.223     0.060    11.000         0
  -12.178     6.260     0.060    11.000         0
  -12.399     6.321     0.060    11.000         0
  -12.618     6.361     0.060    11.000         0
  -12.868     6.415     0.060    11.000         0
  -13.089     6.444     0.060    11.000         0
  -13.310     6.492     0.060    11.000         0
  -13.529     6.533     0.060    11.000         0
  -13.750     6.589     0.060    11.000         0
  -13.988     6.637     0.060    11.000         0
  -14.209     6.678     0.060    11.000         0
    0.000     0.000     0.000        -1
