    0.000     1.000     0.000         0
    5.097     4.960     0.060     1.000         0
    4.859     4.861     0.060     1.000         0
    4.642     4.794     0.060     1.000         0
    4.421     4.709     0.060     1.000         0
    4.202     4.618     0.060     1.000         0
    3.955     4.523     0.060     1.000         0
    3.734     4.438     0.060     1.000         0
    3.488     4.353     0.060     1.000         0
    3.271     4.273     0.060     1.000         0
    3.051     4.197     0.060     1.000         0
    2.804     4.120     0.060     1.000         0
    2.584     4.051     0.060     1.000         0
    2.346     3.977     0.060     1.000         0
    2.129     3.927     0.060     1.000         0
    1.908     3.877     0.060     1.000         0
    1.665     3.830     0.060     1.000         0
    1.446     3.788     0.060     1.000         0
    1.230     3.754     0.060     1.000         0
    0.983     3.723     0.060     1.000         0
    0.769     3.704     0.060     1.000         0
    0.523     3.679     0.060     1.000         0
    0.317     3.665     0.060     1.000         0
    0.122     3.662     0.060     1.000         0
    0.155     3.662     0.060     1.000         0
   51.126    12.046     0.060     3.000         0
   50.949    12.021     0.060     3.000         0
   50.755    12.013     0.060     3.000         0
   50.587    12.001     0.060     3.000         0
   50.411    11.975     0.060     3.000         0
   50.217    11.948     0.060     3.000         0
   50.040    11.946     0.060     3.000         0
   49.871    11.914     0.060     3.000         0
   49.703    11.905     0.060     3.000         0
   49.498    11.876     0.060     3.000         0
   49.333    11.860     0.060     3.000         0
   49.156    11.859     0.060     3.000         0
   48.988    11.830     0.060     3.000         0
   48.795    11.807     0.060     3.000         0
   48.600    11.787     0.060     3.000         0
   48.424    11.770     0.060     3.000         0
   48.258    11.769     0.060     3.000         0
   48.055    11.741     0.060     3.000         0
   47.890    11.733     0.060     3.000         0
   47.696    11.698     0.060     3.000         0
   47.522    11.681     0.060     3.000         0
   47.329    11.661     0.060     3.000         0
   47.134    11.654     0.060     3.000         0
   46.940    11.639     0.060     3.000         0
   46.740    11.607     0.060     3.000         0
   46.518    11.581     0.060     3.000         0
   46.327    11.562     0.060     3.000         0
   46.129    11.543     0.060     3.000         0
   45.912    11.529     0.060     3.000         0
   45.721    11.510     0.060     3.000         0
   45.500    11.481     0.060     3.000         0
   45.306    11.454     0.060     3.000         0
   45.087    11.445     0.060     3.000         0
   44.887    11.406     0.060     3.000         0
   44.666    11.380     0.060     3.000         0
   44.449    11.355     0.060     3.000         0
   44.258    11.333     0.060     3.000         0
   44.037    11.315     0.060     3.000         0
   43.846    11.275     0.060     3.000         0
   43.626    11.254     0.060     3.000         0
   43.432    11.210     0.060     3.000         0
   43.212    11.185     0.060     3.000         0
   43.012    11.136     0.060     3.000         0
   42.792    11.115     0.060     3.000         0
   42.571    11.063     0.060     3.000         0
   42.380    11.031     0.060     3.000         0
   42.163    10.995     0.060     3.000         0
   41.945    10.962     0.060     3.000         0
   41.725    10.922     0.060     3.000         0
   41.534    10.898     0.060     3.000         0
   41.314    10.874     0.060     3.000         0
   41.120    10.845     0.060     3.000         0
   40.903    10.837     0.060     3.000         0
   40.682    10.797     0.060     3.000         0
   40.488    10.775     0.060     3.000         0
   40.271    10.741     0.060     3.000         0
   40.071    10.706     0.060     3.000         0
   39.851    10.663     0.060     3.000         0
   39.634    10.627     0.060     3.000         0
   39.443    10.603     0.060     3.000         0
   39.225    10.583     0.060     3.000         0
   39.005    10.542     0.060     3.000         0
   38.814    10.519     0.060     3.000         0
   38.593    10.490     0.060     3.000         0
   38.376    10.458     0.060     3.000         0
   38.181    10.433     0.060     3.000         0
   37.961    10.404     0.060     3.000         0
   37.761    10.391     0.060     3.000         0
   37.542    10.355     0.060     3.000         0
   37.321    10.316     0.060     3.000         0
   37.130    10.306     0.060     3.000         0
   36.910    10.260     0.060     3.000         0
   36.689    10.229     0.060     3.000         0
   36.498    10.215     0.060     3.000         0
   36.279    10.185     0.060     3.000         0
   36.058    10.138     0.060     3.000         0
   35.864    10.116     0.060     3.000         0
   35.643    10.069     0.060     3.000         0
   35.449    10.014     0.060     3.000         0
   35.230     9.960     0.060     3.000         0
   35.030     9.933     0.060     3.000         0
   34.809     9.898     0.060     3.000         0
   34.589     9.847     0.060     3.000         0
   34.395     9.817     0.060     3.000         0
   23.705     8.447     0.060     3.000         0
   23.488     8.417     0.060     3.000         0
   23.268     8.387     0.060     3.000         0
   23.051     8.358     0.060     3.000         0
   22.830     8.327     0.060     3.000         0
   22.613     8.298     0.060     3.000         0
   22.392     8.252     0.060     3.000         0
   22.172     8.238     0.060     3.000         0
   21.955     8.192     0.060     3.000         0
   21.735     8.162     0.060     3.000         0
   21.515     8.132     0.060     3.000         0
   21.294     8.102     0.060     3.000         0
   21.074     8.071     0.060     3.000         0
   20.857     8.042     0.060     3.000         0
   20.610     8.012     0.060     3.000         0
   20.393     7.986     0.060     3.000         0
   20.175     7.949     0.060     3.000         0
   19.958     7.919     0.060     3.000         0
   17.269     7.439     0.060     7.000         0
   17.032     7.389     0.060     7.000         0
   16.811     7.363     0.060     7.000         0
   16.565     7.308     0.060     7.000         0
   16.347     7.285     0.060     7.000         0
   16.128     7.231     0.060     7.000         0
   15.881     7.196     0.060     7.000         0
   15.661     7.154     0.060     7.000         0
   15.443     7.089     0.060     7.000         0
   15.197     7.033     0.060     7.000         0
   14.976     6.983     0.060     7.000         0
   14.759     6.933     0.060     7.000         0
   14.515     6.894     0.060     7.000         0
   14.296     6.844     0.060     7.000         0
   14.078     6.779     0.060     7.000         0
   13.861     6.745     0.060     7.000         0
   13.626     6.692     0.060     7.000         0
   13.409     6.635     0.060     7.000         0
   13.166     6.593     0.060     7.000         0
   12.945     6.536     0.060     7.000         0
   12.725     6.483     0.060     7.000         0
   12.507     6.423     0.060     7.000         0
   12.261     6.367     0.060     7.000         0
   12.041     6.323     0.060     7.000         0
   11.821     6.271     0.060     7.000         0
   11.574     6.197     0.060     7.000         0
   11.354     6.149     0.060     7.000         0
   11.136     6.101     0.060     7.000         0
   10.916     6.050     0.060     7.000         0
   10.698     6.022     0.060     7.000         0
   10.462     5.967     0.060     7.000         0
   10.241     5.917     0.060     7.000         0
   10.021     5.892     0.060     7.000         0
    9.803     5.850     0.060     7.000         0
    9.583     5.792     0.060     7.000         0
    9.339     5.754     0.060     7.000         0
    9.120     5.710     0.060     7.000         0
    8.899     5.666     0.060     7.000         0
    8.682     5.627     0.060     7.000         0
    8.461     5.595     0.060     7.000         0
    8.241     5.545     0.060     7.000         0
    8.020     5.503     0.060     7.000         0
    7.777     5.473     0.060     7.000         0
    7.557     5.432     0.060     7.000         0
    7.340     5.390     0.060     7.000         0
    7.120     5.341     0.060     7.000         0
    6.902     5.295     0.060     7.000         0
    6.682     5.257     0.060     7.000         0
    6.435     5.214     0.060     7.000         0
    6.218     5.193     0.060     7.000         0
    5.998     5.154     0.060     7.000         0
   19.278     7.830     0.060    11.000         0
   19.057     7.789     0.060    11.000         0
   18.837     7.753     0.060    11.000         0
   18.616     7.701     0.060    11.000         0
   18.397     7.676     0.060    11.000         0
   18.150     7.615     0.060    11.000         0
   17.930     7.583     0.060    11.000         0
   17.709     7.555     0.060    11.000         0
   17.489     7.504     0.060    11.000         0
   17.269     7.485     0.060    11.000         0
   17.032     7.447     0.060    11.000         0
   16.811     7.412     0.060    11.000         0
   16.565     7.372     0.060    11.000         0
   16.347     7.322     0.060    11.000         0
   16.128     7.295     0.060    11.000         0
   15.881     7.263     0.060    11.000         0
   15.661     7.212     0.060    11.000         0
   15.443     7.185     0.060    11.000         0
    0.000    -1.000     0.000         0
   -0.393     3.665     0.060     1.000         0
   -0.611     3.683     0.060     1.000         0
   -0.849     3.707     0.060     1.000         0
   -1.067     3.732     0.060     1.000         0
   -1.286     3.765     0.060     1.000         0
   -1.532     3.818     0.060     1.000         0
   -1.750     3.858     0.060     1.000         0
   -1.970     3.911     0.060     1.000         0
   -2.214     3.961     0.060     1.000         0
   -2.432     4.013     0.060     1.000         0
   -2.652     4.073     0.060     1.000         0
   -2.898     4.150     0.060     1.000         0
   -3.115     4.228     0.060     1.000         0
   -3.336     4.309     0.060     1.000         0
   -3.571     4.397     0.060     1.000         0
   -3.791     4.464     0.060     1.000         0
   -4.009     4.550     0.060     1.000         0
   -4.475     4.662     0.060     1.000         0
  -23.527     8.120     0.060     3.000         0
  -23.748     8.116     0.060     3.000         0
  -23.968     8.129     0.060     3.000         0
  -24.188     8.145     0.060     3.000         0
  -24.426     8.162     0.060     3.000         0
  -24.647     8.191     0.060     3.000         0
  -24.864     8.212     0.060     3.000         0
  -25.084     8.233     0.060     3.000         0
  -25.327     8.257     0.060     3.000         0
  -25.545     8.262     0.060     3.000         0
  -25.765     8.299     0.060     3.000         0
  -26.009     8.306     0.060     3.000         0
  -26.226     8.343     0.060     3.000         0
  -26.447     8.364     0.060     3.000         0
  -26.664     8.377     0.060     3.000         0
  -26.885     8.395     0.060     3.000         0
  -27.102     8.419     0.060     3.000         0
  -27.346     8.437     0.060     3.000         0
  -27.566     8.460     0.060     3.000         0
  -27.786     8.491     0.060     3.000         0
  -28.003     8.506     0.060     3.000         0
  -28.250     8.528     0.060     3.000         0
  -28.468     8.532     0.060     3.000         0
  -28.688     8.547     0.060     3.000         0
  -28.906     8.579     0.060     3.000         0
  -29.141     8.588     0.060     3.000         0
  -29.361     8.611     0.060     3.000         0
  -29.581     8.619     0.060     3.000         0
  -29.801     8.627     0.060     3.000         0
  -30.022     8.651     0.060     3.000         0
  -30.242     8.659     0.060     3.000         0
  -30.463     8.676     0.060     3.000         0
  -30.683     8.709     0.060     3.000         0
  -30.903     8.710     0.060     3.000         0
  -31.150     8.729     0.060     3.000         0
  -31.371     8.754     0.060     3.000         0
  -31.590     8.780     0.060     3.000         0
  -31.811     8.799     0.060     3.000         0
  -32.032     8.818     0.060     3.000         0
  -32.249     8.820     0.060     3.000         0
  -32.466     8.851     0.060     3.000         0
  -32.713     8.868     0.060     3.000         0
  -32.931     8.891     0.060     3.000         0
  -33.148     8.899     0.060     3.000         0
  -33.392     8.937     0.060     3.000         0
  -33.612     8.941     0.060     3.000         0
  -33.830     8.969     0.060     3.000         0
  -34.049     9.022     0.060     3.000         0
  -34.284     9.054     0.060     3.000         0
  -34.505     9.099     0.060     3.000         0
  -34.725     9.144     0.060     3.000         0
  -34.946     9.197     0.060     3.000         0
  -35.163     9.246     0.060     3.000         0
  -35.409     9.292     0.060     3.000         0
  -35.630     9.345     0.060     3.000         0
  -35.850     9.374     0.060     3.000         0
  -36.094     9.431     0.060     3.000         0
  -36.315     9.480     0.060     3.000         0
  -36.535     9.525     0.060     3.000         0
  -36.753     9.586     0.060     3.000         0
  -36.972     9.626     0.060     3.000         0
  -37.193     9.675     0.060     3.000         0
  -37.413     9.725     0.060     3.000         0
  -37.634     9.759     0.060     3.000         0
  -37.854     9.804     0.060     3.000         0
  -38.074     9.838     0.060     3.000         0
  -38.292     9.891     0.060     3.000         0
  -38.539     9.930     0.060     3.000         0
  -38.756     9.982     0.060     3.000         0
  -38.973    10.050     0.060     3.000         0
  -39.191    10.118     0.060     3.000         0
  -39.412    10.163     0.060     3.000         0
  -39.632    10.224     0.060     3.000         0
  -39.852    10.289     0.060     3.000         0
  -40.072    10.354     0.060     3.000         0
  -40.293    10.423     0.060     3.000         0
  -40.511    10.479     0.060     3.000         0
  -40.731    10.528     0.060     3.000         0
  -40.977    10.604     0.060     3.000         0
  -41.194    10.621     0.060     3.000         0
  -41.412    10.646     0.060     3.000         0
  -41.629    10.646     0.060     3.000         0
  -41.847    10.663     0.060     3.000         0
  -42.067    10.680     0.060     3.000         0
  -42.259    10.695     0.060     3.000         0
  -42.476    10.711     0.060     3.000         0
  -42.723    10.746     0.060     3.000         0
  -42.944    10.756     0.060     3.000         0
  -43.164    10.768     0.060     3.000         0
  -43.384    10.796     0.060     3.000         0
  -43.605    10.809     0.060     3.000         0
  -43.825    10.845     0.060     3.000         0
  -44.046    10.866     0.060     3.000         0
  -44.265    10.870     0.060     3.000         0
  -44.486    10.891     0.060     3.000         0
  -44.704    10.927     0.060     3.000         0
  -44.924    10.939     0.060     3.000         0
  -45.145    10.970     0.060     3.000         0
  -45.366    10.980     0.060     3.000         0
  -45.583    11.015     0.060     3.000         0
  -45.803    11.033     0.060     3.000         0
  -46.023    11.043     0.060     3.000         0
  -46.244    11.066     0.060     3.000         0
  -46.482    11.090     0.060     3.000         0
  -46.700    11.112     0.060     3.000         0
  -46.902    11.145     0.060     3.000         0
  -47.122    11.171     0.060     3.000         0
  -47.361    11.187     0.060     3.000         0
  -47.581    11.224     0.060     3.000         0
  -47.802    11.241     0.060     3.000         0
  -48.019    11.266     0.060     3.000         0
  -48.239    11.311     0.060     3.000         0
  -48.456    11.339     0.060     3.000         0
  -48.674    11.368     0.060     3.000         0
  -48.921    11.393     0.060     3.000         0
  -49.138    11.416     0.060     3.000         0
  -49.359    11.439     0.060     3.000         0
  -49.576    11.454     0.060     3.000         0
  -49.797    11.462     0.060     3.000         0
  -50.014    11.489     0.060     3.000         0
  -50.234    11.512     0.060     3.000         0
  -50.452    11.535     0.060     3.000         0
  -50.672    11.555     0.060     3.000         0
  -50.890    11.562     0.060     3.000         0
  -51.107    11.593     0.060     3.000         0
  -51.328    11.612     0.060     3.000         0
  -51.545    11.632     0.060     3.000         0
  -51.766    11.635     0.060     3.000         0
  -51.984    11.662     0.060     3.000         0
  -52.230    11.671     0.060     3.000         0
  -52.450    11.698     0.060     3.000         0
  -52.639    11.710     0.060     3.000         0
  -52.885    11.715     0.060     3.000         0
  -53.106    11.746     0.060     3.000         0
  -53.323    11.760     0.060     3.000         0
  -53.544    11.775     0.060     3.000         0
  -53.764    11.774     0.060     3.000         0
  -53.982    11.789     0.060     3.000         0
  -54.173    11.818     0.060     3.000         0
  -54.419    11.818     0.060     3.000         0
  -54.614    11.831     0.060     3.000         0
  -54.857    11.864     0.060     3.000         0
  -55.078    11.863     0.060     3.000         0
  -55.296    11.889     0.060     3.000         0
  -55.516    11.900     0.060     3.000         0
  -55.737    11.907     0.060     3.000         0
  -55.956    11.937     0.060     3.000         0
  -56.174    11.935     0.060     3.000         0
  -56.395    11.965     0.060     3.000         0
  -56.612    11.963     0.060     3.000         0
  -56.859    11.995     0.060     3.000         0
  -57.077    11.993     0.060     3.000         0
  -57.297    12.012     0.060     3.000         0
  -57.517    12.022     0.060     3.000         0
  -57.737    12.036     0.060     3.000         0
  -57.955    12.050     0.060     3.000         0
  -58.176    12.065     0.060     3.000         0
  -58.414    12.088     0.060     3.000         0
  -58.631    12.094     0.060     3.000         0
  -58.852    12.125     0.060     3.000         0
  -59.070    12.139     0.060     3.000         0
  -59.289    12.137     0.060     3.000         0
  -59.510    12.167     0.060     3.000         0
  -59.727    12.165     0.060     3.000         0
  -59.948    12.180     0.060     3.000         0
  -60.169    12.194     0.060     3.000         0
  -60.388    12.212     0.060     3.000         0
  -60.606    12.230     0.060     3.000         0
  -60.827    12.274     0.060     3.000         0
  -61.044    12.293     0.060     3.000         0
  -61.265    12.345     0.060     3.000         0
  -61.485    12.373     0.060     3.000         0
  -61.706    12.401     0.060     3.000         0
  -61.924    12.436     0.060     3.000         0
  -62.143    12.484     0.060     3.000         0
  -62.361    12.507     0.060     3.000         0
  -62.582    12.543     0.060     3.000         0
  -62.802    12.595     0.060     3.000         0
  -63.020    12.630     0.060     3.000         0
  -63.240    12.650     0.060     3.000         0
  -63.460    12.686     0.060     3.000         0
  -63.678    12.729     0.060     3.000         0
  -63.881    12.754     0.060     3.000         0
  -64.076    12.794     0.060     3.000         0
  -64.241    12.813     0.060     3.000         0
  -64.441    12.845     0.060     3.000         0
  -64.636    12.876     0.060     3.000         0
  -64.804    12.903     0.060     3.000         0
  -64.996    12.934     0.060     3.000         0
  -65.196    12.966     0.060     3.000         0
  -65.389    12.998     0.060     3.000         0
  -65.584    13.029     0.060     3.000         0
  -65.801    13.080     0.060     3.000         0
  -65.996    13.099     0.060     3.000         0
  -66.199    13.144     0.060     3.000         0
  -66.417    13.179     0.060     3.000         0
  -66.610    13.210     0.060     3.000         0
  -66.802    13.241     0.060     3.000         0
  -67.022    13.277     0.060     3.000         0
  -67.217    13.308     0.060     3.000         0
  -67.435    13.343     0.060     3.000         0
  -67.629    13.370     0.060     3.000         0
  -67.832    13.407     0.060     3.000         0
  -68.050    13.434     0.060     3.000         0
  -68.244    13.478     0.060     3.000         0
  -68.461    13.517     0.060     3.000         0
  -68.656    13.553     0.060     3.000         0
  -68.847    13.576     0.060     3.000         0
  -69.068    13.616     0.060     3.000         0
  -69.268    13.665     0.060     3.000         0
  -69.489    13.697     0.060     3.000         0
  -69.682    13.724     0.060     3.000         0
  -69.874    13.768     0.060     3.000         0
  -70.094    13.769     0.060     3.000         0
  -70.289    13.763     0.060     3.000         0
  -70.480    13.741     0.060     3.000         0
  -70.701    13.750     0.060     3.000         0
  -70.904    13.736     0.060     3.000         0
  -71.096    13.730     0.060     3.000         0
  -71.313    13.750     0.060     3.000         0
  -71.507    13.790     0.060     3.000         0
  -71.702    13.798     0.060     3.000         0
  -71.919    13.826     0.060     3.000         0
  -72.123    13.855     0.060     3.000         0
  -72.343    13.887     0.060     3.000         0
  -72.535    13.921     0.060     3.000         0
  -72.728    13.959     0.060     3.000         0
  -72.920    13.981     0.060     3.000         0
  -73.140    14.036     0.060     3.000         0
  -73.332    14.066     0.060     3.000         0
  -73.535    14.106     0.060     3.000         0
  -73.753    14.137     0.060     3.000         0
  -73.950    14.177     0.060     3.000         0
  -74.142    14.209     0.060     3.000         0
  -74.335    14.234     0.060     3.000         0
  -74.553    14.259     0.060     3.000         0
  -74.756    14.259     0.060     3.000         0
  -74.974    14.284     0.060     3.000         0
  -75.169    14.300     0.060     3.000         0
  -75.386    14.325     0.060     3.000         0
  -75.581    14.355     0.060     3.000         0
  -75.774    14.385     0.060     3.000         0
  -75.992    14.431     0.060     3.000         0
  -76.186    14.465     0.060     3.000         0
  -76.387    14.492     0.060     3.000         0
  -76.581    14.510     0.060     3.000         0
  -76.773    14.556     0.060     3.000         0
  -76.971    14.586     0.060     3.000         0
  -77.188    14.620     0.060     3.000         0
  -77.390    14.651     0.060     3.000         0
  -77.608    14.677     0.060     3.000         0
   -4.939     4.762     0.060     7.000         0
   -5.157     4.790     0.060     7.000         0
   -5.377     4.837     0.060     7.000         0
   -5.621     4.885     0.060     7.000         0
   -5.839     4.907     0.060     7.000         0
   -6.083     4.950     0.060     7.000         0
   -6.303     4.969     0.060     7.000         0
   -6.523     5.000     0.060     7.000         0
   -6.741     5.024     0.060     7.000         0
   -6.977     5.047     0.060     7.000         0
   -7.195     5.060     0.060     7.000         0
   -7.439     5.073     0.060     7.000         0
   -7.659     5.087     0.060     7.000         0
   -7.877     5.113     0.060     7.000         0
   -8.124     5.144     0.060     7.000         0
   -8.342     5.181     0.060     7.000         0
   -8.562     5.228     0.060     7.000         0
   -8.808     5.261     0.060     7.000         0
   -9.026     5.302     0.060     7.000         0
   -9.244     5.328     0.060     7.000         0
   -9.480     5.349     0.060     7.000         0
   -9.701     5.395     0.060     7.000         0
   -9.925     5.418     0.060     7.000         0
  -10.145     5.444     0.060     7.000         0
  -10.394     5.461     0.060     7.000         0
  -10.617     5.486     0.060     7.000         0
  -10.840     5.515     0.060     7.000         0
  -11.061     5.555     0.060     7.000         0
  -11.304     5.594     0.060     7.000         0
  -11.524     5.621     0.060     7.000         0
  -11.767     5.664     0.060     7.000         0
  -11.988     5.690     0.060     7.000         0
  -12.235     5.755     0.060     7.000         0
  -12.455     5.805     0.060     7.000         0
  -12.673     5.835     0.060     7.000         0
  -12.910     5.901     0.060     7.000         0
  -13.130     5.936     0.060     7.000         0
  -13.377     5.989     0.060     7.000         0
  -13.594     6.029     0.060     7.000         0
  -13.815     6.065     0.060     7.000         0
  -14.058     6.110     0.060     7.000         0
  -14.279     6.146     0.060     7.000         0
  -14.524     6.221     0.060     7.000         0
  -14.745     6.277     0.060     7.000         0
  -14.983     6.317     0.060     7.000         0
  -15.200     6.357     0.060     7.000         0
  -11.524     5.830     0.060    11.000         0
  -11.767     5.870     0.060    11.000         0
  -11.988     5.900     0.060    11.000         0
  -12.235     5.933     0.060    11.000         0
  -12.455     5.947     0.060    11.000         0
  -12.673     5.980     0.060    11.000         0
  -12.910     6.024     0.060    11.000         0
  -13.130     6.053     0.060    11.000         0
  -13.377     6.070     0.060    11.000         0
  -13.594     6.107     0.060    11.000         0
  -13.815     6.138     0.060    11.000         0
  -14.058     6.184     0.060    11.000         0
  -14.279     6.219     0.060    11.000         0
  -14.524     6.261     0.060    11.000         0
  -14.745     6.300     0.060    11.000         0
  -14.983     6.349     0.060    11.000         0
  -15.200     6.395     0.060    11.000         0
  -15.421     6.426     0.060    11.000         0
  -15.664     6.468     0.060    11.000         0
  -15.885     6.499     0.060    11.000         0
  -16.104     6.545     0.060    11.000         0
    0.000     0.000     0.000        -1
