    0.000     1.000     0.000         0
    4.597     4.709     0.060     1.000         0
    4.377     4.640     0.060     1.000         0
    4.159     4.556     0.060     1.000         0
    3.916     4.462     0.060     1.000         0
    3.697     4.378     0.060     1.000         0
    3.480     4.303     0.060     1.000         0
    3.263     4.230     0.060     1.000         0
    3.029     4.160     0.060     1.000         0
    2.812     4.111     0.060     1.000         0
    2.571     4.023     0.060     1.000         0
    2.350     3.957     0.060     1.000         0
    2.129     3.899     0.060     1.000         0
    1.913     3.845     0.060     1.000         0
    1.667     3.798     0.060     1.000         0
    1.448     3.756     0.060     1.000         0
    1.227     3.721     0.060     1.000         0
    0.981     3.687     0.060     1.000         0
    0.760     3.660     0.060     1.000         0
    0.549     3.644     0.060     1.000         0
    0.333     3.636     0.060     1.000         0
    0.159     3.626     0.060     1.000         0
    0.185     3.628     0.060     1.000         0
    0.374     3.634     0.060     1.000         0
    0.586     3.650     0.060     1.000         0
    0.804     3.662     0.060     1.000         0
    1.021     3.688     0.060     1.000         0
    1.266     3.722     0.060     1.000         0
   41.411    10.527     0.060     3.000         0
   41.234    10.505     0.060     3.000         0
   41.066    10.511     0.060     3.000         0
   40.872    10.479     0.060     3.000         0
   40.695    10.469     0.060     3.000         0
   40.528    10.471     0.060     3.000         0
   40.351    10.461     0.060     3.000         0
   40.156    10.433     0.060     3.000         0
   39.988    10.435     0.060     3.000         0
   39.812    10.425     0.060     3.000         0
   39.618    10.393     0.060     3.000         0
   39.441    10.383     0.060     3.000         0
   39.272    10.373     0.060     3.000         0
   39.104    10.376     0.060     3.000         0
   38.899    10.359     0.060     3.000         0
   38.734    10.338     0.060     3.000         0
   38.557    10.335     0.060     3.000         0
   38.389    10.318     0.060     3.000         0
   38.196    10.309     0.060     3.000         0
   38.001    10.292     0.060     3.000         0
   37.824    10.273     0.060     3.000         0
   37.659    10.244     0.060     3.000         0
   37.456    10.222     0.060     3.000         0
   37.291    10.224     0.060     3.000         0
   37.097    10.196     0.060     3.000         0
   36.923    10.189     0.060     3.000         0
   36.730    10.164     0.060     3.000         0
   36.535    10.151     0.060     3.000         0
   36.341    10.121     0.060     3.000         0
   36.141    10.115     0.060     3.000         0
   35.919    10.074     0.060     3.000         0
   35.727    10.057     0.060     3.000         0
   35.530    10.055     0.060     3.000         0
   35.313    10.031     0.060     3.000         0
   35.121     9.998     0.060     3.000         0
   34.901     9.989     0.060     3.000         0
   34.707     9.964     0.060     3.000         0
   34.487     9.944     0.060     3.000         0
   34.287     9.903     0.060     3.000         0
   34.067     9.883     0.060     3.000         0
   33.850     9.844     0.060     3.000         0
   33.658     9.820     0.060     3.000         0
   33.438     9.792     0.060     3.000         0
   33.247     9.781     0.060     3.000         0
   33.026     9.737     0.060     3.000         0
   32.833     9.725     0.060     3.000         0
   32.613     9.689     0.060     3.000         0
   32.413     9.670     0.060     3.000         0
   32.192     9.637     0.060     3.000         0
   31.972     9.591     0.060     3.000         0
   31.781     9.566     0.060     3.000         0
   31.563     9.549     0.060     3.000         0
   31.346     9.503     0.060     3.000         0
   31.126     9.474     0.060     3.000         0
   30.934     9.449     0.060     3.000         0
   30.715     9.423     0.060     3.000         0
   30.521     9.406     0.060     3.000         0
   30.303     9.360     0.060     3.000         0
   30.083     9.343     0.060     3.000         0
   29.889     9.309     0.060     3.000         0
   29.671     9.276     0.060     3.000         0
   29.471     9.257     0.060     3.000         0
   29.252     9.228     0.060     3.000         0
   29.035     9.179     0.060     3.000         0
   28.843     9.162     0.060     3.000         0
   28.626     9.134     0.060     3.000         0
   28.406     9.094     0.060     3.000         0
   28.214     9.071     0.060     3.000         0
   27.994     9.059     0.060     3.000         0
   27.777     9.027     0.060     3.000         0
   27.582     9.003     0.060     3.000         0
   27.362     8.959     0.060     3.000         0
   27.162     8.930     0.060     3.000         0
   26.943     8.914     0.060     3.000         0
   26.722     8.882     0.060     3.000         0
   25.459     8.661     0.060     7.000         0
   25.265     8.628     0.060     7.000         0
   25.044     8.585     0.060     7.000         0
   24.850     8.536     0.060     7.000         0
   24.630     8.506     0.060     7.000         0
   24.431     8.463     0.060     7.000         0
   24.210     8.421     0.060     7.000         0
   23.990     8.378     0.060     7.000         0
   23.795     8.320     0.060     7.000         0
   23.576     8.278     0.060     7.000         0
   23.382     8.253     0.060     7.000         0
   23.164     8.199     0.060     7.000         0
   22.970     8.157     0.060     7.000         0
   22.749     8.127     0.060     7.000         0
   22.546     8.088     0.060     7.000         0
   22.329     8.037     0.060     7.000         0
   22.136     7.997     0.060     7.000         0
   21.915     7.962     0.060     7.000         0
   21.695     7.919     0.060     7.000         0
   21.504     7.882     0.060     7.000         0
   21.286     7.832     0.060     7.000         0
   21.092     7.799     0.060     7.000         0
   20.873     7.753     0.060     7.000         0
   20.655     7.702     0.060     7.000         0
   20.461     7.681     0.060     7.000         0
   20.240     7.646     0.060     7.000         0
   20.040     7.611     0.060     7.000         0
   19.820     7.577     0.060     7.000         0
   19.600     7.542     0.060     7.000         0
   19.406     7.504     0.060     7.000         0
   19.189     7.458     0.060     7.000         0
   18.968     7.440     0.060     7.000         0
   18.774     7.390     0.060     7.000         0
   18.557     7.372     0.060     7.000         0
   18.336     7.334     0.060     7.000         0
   18.143     7.296     0.060     7.000         0
   17.923     7.257     0.060     7.000         0
   17.705     7.218     0.060     7.000         0
   17.488     7.195     0.060     7.000         0
   17.267     7.148     0.060     7.000         0
   17.047     7.108     0.060     7.000         0
   16.827     7.081     0.060     7.000         0
   16.607     7.050     0.060     7.000         0
   16.390     7.015     0.060     7.000         0
   16.169     6.976     0.060     7.000         0
   15.952     6.941     0.060     7.000         0
   15.732     6.890     0.060     7.000         0
   15.511     6.871     0.060     7.000         0
   15.294     6.824     0.060     7.000         0
   15.076     6.779     0.060     7.000         0
   14.831     6.753     0.060     7.000         0
   14.640     6.705     0.060     7.000         0
   14.396     6.667     0.060     7.000         0
   14.176     6.639     0.060     7.000         0
   13.958     6.593     0.060     7.000         0
   13.738     6.555     0.060     7.000         0
   13.521     6.514     0.060     7.000         0
   13.300     6.468     0.060     7.000         0
   13.106     6.435     0.060     7.000         0
   12.888     6.398     0.060     7.000         0
   12.669     6.368     0.060     7.000         0
   12.452     6.327     0.060     7.000         0
   12.231     6.273     0.060     7.000         0
   12.014     6.231     0.060     7.000         0
   11.793     6.189     0.060     7.000         0
   11.573     6.167     0.060     7.000         0
   11.356     6.126     0.060     7.000         0
   11.136     6.084     0.060     7.000         0
   10.916     6.046     0.060     7.000         0
   10.695     5.988     0.060     7.000         0
   10.475     5.954     0.060     7.000         0
   10.257     5.915     0.060     7.000         0
   10.011     5.880     0.060     7.000         0
    9.793     5.866     0.060     7.000         0
    9.576     5.823     0.060     7.000         0
    9.359     5.789     0.060     7.000         0
    9.142     5.758     0.060     7.000         0
    8.899     5.732     0.060     7.000         0
    8.679     5.680     0.060     7.000         0
    8.459     5.619     0.060     7.000         0
    8.238     5.583     0.060     7.000         0
    8.017     5.530     0.060     7.000         0
    7.798     5.470     0.060     7.000         0
    7.551     5.378     0.060     7.000         0
    7.331     5.316     0.060     7.000         0
    7.110     5.237     0.060     7.000         0
    6.890     5.173     0.060     7.000         0
    6.670     5.117     0.060     7.000         0
   27.994     9.120     0.060    11.000         0
   27.777     9.076     0.060    11.000         0
   27.582     9.060     0.060    11.000         0
   27.362     9.007     0.060    11.000         0
   27.162     8.974     0.060    11.000         0
   26.943     8.949     0.060    11.000         0
   26.722     8.908     0.060    11.000         0
   26.531     8.877     0.060    11.000         0
   26.311     8.836     0.060    11.000         0
   26.090     8.811     0.060    11.000         0
   25.899     8.779     0.060    11.000         0
   25.680     8.743     0.060    11.000         0
   25.459     8.706     0.060    11.000         0
   25.265     8.674     0.060    11.000         0
   25.044     8.625     0.060    11.000         0
   24.850     8.596     0.060    11.000         0
   24.630     8.567     0.060    11.000         0
   24.431     8.516     0.060    11.000         0
   24.210     8.482     0.060    11.000         0
   23.990     8.457     0.060    11.000         0
   23.795     8.407     0.060    11.000         0
   23.576     8.369     0.060    11.000         0
   23.382     8.348     0.060    11.000         0
   23.164     8.315     0.060    11.000         0
   22.970     8.265     0.060    11.000         0
   22.749     8.235     0.060    11.000         0
    0.000    -1.000     0.000         0
   -1.484     3.767     0.060     1.000         0
   -1.703     3.808     0.060     1.000         0
   -1.921     3.849     0.060     1.000         0
   -2.141     3.902     0.060     1.000         0
   -2.360     3.953     0.060     1.000         0
   -2.580     4.009     0.060     1.000         0
   -2.824     4.075     0.060     1.000         0
   -3.043     4.142     0.060     1.000         0
   -3.261     4.216     0.060     1.000         0
   -3.481     4.299     0.060     1.000         0
   -3.699     4.386     0.060     1.000         0
   -3.919     4.459     0.060     1.000         0
   -4.165     4.559     0.060     1.000         0
   -4.820     4.693     0.060     7.000         0
   -5.067     4.755     0.060     7.000         0
   -5.287     4.787     0.060     7.000         0
   -5.504     4.843     0.060     7.000         0
   -5.742     4.906     0.060     7.000         0
   -5.960     4.941     0.060     7.000         0
   -6.180     5.008     0.060     7.000         0
   -6.399     5.058     0.060     7.000         0
   -6.646     5.100     0.060     7.000         0
   -6.866     5.159     0.060     7.000         0
   -7.112     5.213     0.060     7.000         0
   -7.330     5.276     0.060     7.000         0
   -7.549     5.320     0.060     7.000         0
   -7.796     5.376     0.060     7.000         0
   -8.016     5.406     0.060     7.000         0
   -8.254     5.456     0.060     7.000         0
   -8.471     5.502     0.060     7.000         0
   -8.692     5.537     0.060     7.000         0
   -8.936     5.576     0.060     7.000         0
   -9.155     5.619     0.060     7.000         0
   -9.373     5.655     0.060     7.000         0
   -9.619     5.687     0.060     7.000         0
   -9.837     5.745     0.060     7.000         0
  -10.083     5.795     0.060     7.000         0
  -10.301     5.845     0.060     7.000         0
  -10.521     5.887     0.060     7.000         0
  -10.743     5.936     0.060     7.000         0
  -10.993     5.987     0.060     7.000         0
  -11.210     6.027     0.060     7.000         0
  -11.448     6.082     0.060     7.000         0
  -11.666     6.124     0.060     7.000         0
  -11.885     6.163     0.060     7.000         0
  -12.132     6.207     0.060     7.000         0
  -12.349     6.247     0.060     7.000         0
  -12.570     6.280     0.060     7.000         0
  -12.813     6.317     0.060     7.000         0
  -13.031     6.335     0.060     7.000         0
  -13.251     6.349     0.060     7.000         0
  -13.497     6.348     0.060     7.000         0
  -13.714     6.354     0.060     7.000         0
  -13.935     6.365     0.060     7.000         0
  -14.170     6.386     0.060     7.000         0
  -14.390     6.414     0.060     7.000         0
  -14.608     6.433     0.060     7.000         0
  -14.854     6.491     0.060     7.000         0
  -15.075     6.550     0.060     7.000         0
  -15.292     6.585     0.060     7.000         0
  -15.538     6.642     0.060     7.000         0
  -15.756     6.701     0.060     7.000         0
    0.000     0.000     0.000        -1
