    0.000     1.000     0.000         0
    0.246     3.560     0.060     1.000         0
    0.486     3.576     0.060     1.000         0
    0.700     3.590     0.060     1.000         0
    0.938     3.622     0.060     1.000         0
    1.149     3.620     0.060     1.000         0
    1.380     3.655     0.060     1.000         0
    1.594     3.688     0.060     1.000         0
    1.834     3.728     0.060     1.000         0
    2.073     3.776     0.060     1.000         0
    2.286     3.832     0.060     1.000         0
    2.522     3.903     0.060     1.000         0
    2.736     3.967     0.060     1.000         0
    2.967     4.052     0.060     1.000         0
    3.207     4.124     0.060     1.000         0
    3.420     4.172     0.060     1.000         0
    3.656     4.251     0.060     1.000         0
    3.870     4.333     0.060     1.000         0
    4.109     4.421     0.060     1.000         0
    4.324     4.512     0.060     1.000         0
    4.563     4.601     0.060     1.000         0
    4.776     4.692     0.060     1.000         0
    5.004     4.794     0.060     1.000         0
    5.218     4.897     0.060     1.000         0
    5.457     5.000     0.060     1.000         0
    5.672     5.076     0.060     1.000         0
    5.910     5.178     0.060     1.000         0
    6.146     5.287     0.060     1.000         0
    6.360     5.409     0.060     1.000         0
    6.591     5.532     0.060     1.000         0
    6.805     5.654     0.060     1.000         0
    7.045     5.807     0.060     1.000         0
    7.255     5.926     0.060     1.000         0
    7.493     6.054     0.060     1.000         0
    8.610     6.391     0.060     3.000         0
    8.841     6.411     0.060     3.000         0
    9.055     6.422     0.060     3.000         0
    9.295     6.442     0.060     3.000         0
    9.509     6.461     0.060     3.000         0
    9.745     6.481     0.060     3.000         0
    9.958     6.499     0.060     3.000         0
   10.172     6.526     0.060     3.000         0
   10.412     6.563     0.060     3.000         0
   10.626     6.600     0.060     3.000         0
   10.836     6.637     0.060     3.000         0
   11.066     6.673     0.060     3.000         0
   11.280     6.706     0.060     3.000         0
   11.495     6.732     0.060     3.000         0
   11.734     6.755     0.060     3.000         0
   11.945     6.783     0.060     3.000         0
   12.159     6.812     0.060     3.000         0
   12.397     6.843     0.060     3.000         0
   12.611     6.876     0.060     3.000         0
   12.826     6.908     0.060     3.000         0
   13.061     6.959     0.060     3.000         0
   13.276     6.999     0.060     3.000         0
   13.514     7.042     0.060     3.000         0
   13.728     7.082     0.060     3.000         0
   13.942     7.105     0.060     3.000         0
   14.170     7.163     0.060     3.000         0
   14.384     7.194     0.060     3.000         0
   14.598     7.215     0.060     3.000         0
   14.836     7.263     0.060     3.000         0
   15.050     7.280     0.060     3.000         0
   15.315     7.312     0.060     3.000         0
   15.500     7.341     0.060     3.000         0
   15.740     7.385     0.060     3.000         0
   15.953     7.410     0.060     3.000         0
   16.163     7.442     0.060     3.000         0
   16.394     7.465     0.060     3.000         0
   16.609     7.498     0.060     3.000         0
   16.823     7.510     0.060     3.000         0
   17.062     7.549     0.060     3.000         0
   17.275     7.565     0.060     3.000         0
    0.000    -1.000     0.000         0
   -7.878     6.125     0.060     1.000         0
   -7.640     6.006     0.060     1.000         0
   -7.429     5.924     0.060     1.000         0
   -7.190     5.809     0.060     1.000         0
   -6.975     5.698     0.060     1.000         0
   -6.761     5.614     0.060     1.000         0
   -6.523     5.504     0.060     1.000         0
   -6.312     5.398     0.060     1.000         0
   -6.081     5.282     0.060     1.000         0
   -5.867     5.183     0.060     1.000         0
   -5.627     5.071     0.060     1.000         0
   -5.413     4.972     0.060     1.000         0
   -5.177     4.862     0.060     1.000         0
   -4.964     4.763     0.060     1.000         0
   -4.725     4.660     0.060     1.000         0
   -4.510     4.594     0.060     1.000         0
   -4.279     4.515     0.060     1.000         0
   -4.066     4.429     0.060     1.000         0
   -3.827     4.343     0.060     1.000         0
   -3.616     4.270     0.060     1.000         0
   -3.377     4.188     0.060     1.000         0
   -3.162     4.129     0.060     1.000         0
   -2.923     4.031     0.060     1.000         0
   -2.687     3.950     0.060     1.000         0
   -2.474     3.884     0.060     1.000         0
   -2.243     3.831     0.060     1.000         0
   -2.029     3.790     0.060     1.000         0
   -1.789     3.744     0.060     1.000         0
   -1.576     3.703     0.060     1.000         0
   -1.337     3.656     0.060     1.000         0
   -1.126     3.624     0.060     1.000         0
   -0.887     3.601     0.060     1.000         0
   -0.655     3.586     0.060     1.000         0
   -0.441     3.572     0.060     1.000         0
   -0.203     3.557     0.060     1.000         0
   -0.013     3.554     0.060     1.000         0
  -18.089     8.000     0.060     3.000         0
  -17.874     7.953     0.060     3.000         0
  -17.661     7.923     0.060     3.000         0
  -17.451     7.866     0.060     3.000         0
  -17.236     7.823     0.060     3.000         0
  -17.022     7.797     0.060     3.000         0
  -16.811     7.755     0.060     3.000         0
  -16.597     7.713     0.060     3.000         0
  -16.359     7.666     0.060     3.000         0
  -16.144     7.623     0.060     3.000         0
  -15.930     7.565     0.060     3.000         0
  -15.719     7.531     0.060     3.000         0
  -15.505     7.494     0.060     3.000         0
  -15.291     7.450     0.060     3.000         0
  -15.078     7.393     0.060     3.000         0
  -14.863     7.356     0.060     3.000         0
  -14.624     7.310     0.060     3.000         0
  -14.413     7.266     0.060     3.000         0
  -14.199     7.221     0.060     3.000         0
  -13.986     7.177     0.060     3.000         0
  -13.759     7.113     0.060     3.000         0
  -13.544     7.084     0.060     3.000         0
  -13.330     7.040     0.060     3.000         0
  -13.116     6.987     0.060     3.000         0
  -12.901     6.927     0.060     3.000         0
  -12.691     6.884     0.060     3.000         0
  -12.478     6.824     0.060     3.000         0
  -12.238     6.774     0.060     3.000         0
  -12.024     6.756     0.060     3.000         0
  -11.813     6.746     0.060     3.000         0
  -11.599     6.752     0.060     3.000         0
  -11.386     6.727     0.060     3.000         0
  -11.146     6.732     0.060     3.000         0
  -10.932     6.714     0.060     3.000         0
  -10.721     6.684     0.060     3.000         0
  -10.507     6.646     0.060     3.000         0
  -10.268     6.588     0.060     3.000         0
  -10.055     6.550     0.060     3.000         0
   -9.844     6.528     0.060     3.000         0
   -9.630     6.490     0.060     3.000         0
   -9.415     6.452     0.060     3.000         0
   -9.184     6.407     0.060     3.000         0
   -8.971     6.365     0.060     3.000         0
  -28.179     9.917     0.060     4.000         0
  -27.968     9.870     0.060     4.000         0
  -27.754     9.831     0.060     4.000         0
  -27.541     9.791     0.060     4.000         0
  -27.309     9.752     0.060     4.000         0
  -27.099     9.725     0.060     4.000         0
  -26.884     9.686     0.060     4.000         0
  -26.645     9.641     0.060     4.000         0
  -26.432     9.586     0.060     4.000         0
  -26.217     9.546     0.060     4.000         0
  -26.003     9.507     0.060     4.000         0
  -25.767     9.479     0.060     4.000         0
  -25.578     9.444     0.060     4.000         0
  -25.364     9.388     0.060     4.000         0
  -25.151     9.361     0.060     4.000         0
  -24.940     9.310     0.060     4.000         0
  -24.726     9.278     0.060     4.000         0
  -24.511     9.247     0.060     4.000         0
  -24.301     9.197     0.060     4.000         0
  -24.086     9.154     0.060     4.000         0
  -23.873     9.119     0.060     4.000         0
  -23.634     9.087     0.060     4.000         0
  -23.419     9.032     0.060     4.000         0
  -23.205     8.993     0.060     4.000         0
  -22.994     8.955     0.060     4.000         0
  -22.780     8.916     0.060     4.000         0
  -22.567     8.877     0.060     4.000         0
  -22.353     8.838     0.060     4.000         0
  -22.142     8.799     0.060     4.000         0
  -21.928     8.776     0.060     4.000         0
  -21.713     8.729     0.060     4.000         0
  -21.500     8.687     0.060     4.000         0
  -21.286     8.638     0.060     4.000         0
  -21.075     8.596     0.060     4.000         0
  -20.886     8.559     0.060     4.000         0
  -20.672     8.517     0.060     4.000         0
  -20.458     8.476     0.060     4.000         0
  -20.247     8.442     0.060     4.000         0
  -20.034     8.416     0.060     4.000         0
  -19.794     8.395     0.060     4.000         0
  -19.584     8.377     0.060     4.000         0
  -19.369     8.359     0.060     4.000         0
  -19.155     8.356     0.060     4.000         0
  -18.942     8.338     0.060     4.000         0
  -18.732     8.320     0.060     4.000         0
  -18.517     8.301     0.060     4.000         0
  -18.303     8.275     0.060     4.000         0
  -18.089     8.260     0.060     4.000         0
  -17.874     8.238     0.060     4.000         0
  -57.792    13.193     0.060     5.000         0
  -57.578    13.180     0.060     5.000         0
  -57.364    13.143     0.060     5.000         0
  -57.150    13.123     0.060     5.000         0
  -56.935    13.118     0.060     5.000         0
  -56.700    13.079     0.060     5.000         0
  -56.485    13.058     0.060     5.000         0
  -56.272    13.037     0.060     5.000         0
  -56.057    13.016     0.060     5.000         0
  -55.843    12.995     0.060     5.000         0
  -55.632    12.975     0.060     5.000         0
  -55.393    12.968     0.060     5.000         0
  -55.178    12.947     0.060     5.000         0
  -54.965    12.910     0.060     5.000         0
  -54.725    12.887     0.060     5.000         0
  -54.515    12.882     0.060     5.000         0
  -54.300    12.861     0.060     5.000         0
  -54.069    12.827     0.060     5.000         0
  -53.856    12.814     0.060     5.000         0
  -53.641    12.789     0.060     5.000         0
  -53.405    12.755     0.060     5.000         0
  -53.191    12.740     0.060     5.000         0
  -52.976    12.712     0.060     5.000         0
  -52.762    12.684     0.060     5.000         0
  -52.523    12.674     0.060     5.000         0
  -52.309    12.651     0.060     5.000         0
  -52.098    12.619     0.060     5.000         0
  -51.859    12.582     0.060     5.000         0
  -51.644    12.556     0.060     5.000         0
  -51.431    12.530     0.060     5.000         0
  -51.204    12.518     0.060     5.000         0
  -50.989    12.492     0.060     5.000         0
  -50.775    12.466     0.060     5.000         0
  -50.560    12.424     0.060     5.000         0
  -50.320    12.395     0.060     5.000         0
  -50.107    12.369     0.060     5.000         0
  -49.897    12.347     0.060     5.000         0
  -49.657    12.318     0.060     5.000         0
  -49.443    12.288     0.060     5.000         0
  -49.232    12.266     0.060     5.000         0
  -48.992    12.241     0.060     5.000         0
  -48.779    12.207     0.060     5.000         0
  -48.565    12.197     0.060     5.000         0
  -48.350    12.171     0.060     5.000         0
  -48.114    12.130     0.060     5.000         0
  -47.900    12.100     0.060     5.000         0
  -47.669    12.072     0.060     5.000         0
  -47.455    12.062     0.060     5.000         0
  -47.241    12.023     0.060     5.000         0
  -47.027    11.993     0.060     5.000         0
  -46.791    11.981     0.060     5.000         0
  -46.576    11.954     0.060     5.000         0
  -46.338    11.909     0.060     5.000         0
  -46.123    11.899     0.060     5.000         0
  -45.913    11.858     0.060     5.000         0
  -45.698    11.835     0.060     5.000         0
  -45.459    11.818     0.060     5.000         0
  -45.244    11.788     0.060     5.000         0
  -45.031    11.766     0.060     5.000         0
  -44.817    11.740     0.060     5.000         0
  -44.589    11.712     0.060     5.000         0
  -44.375    11.670     0.060     5.000         0
  -44.160    11.644     0.060     5.000         0
  -43.922    11.631     0.060     5.000         0
  -43.707    11.605     0.060     5.000         0
  -43.497    11.579     0.060     5.000         0
  -43.282    11.537     0.060     5.000         0
  -43.043    11.524     0.060     5.000         0
  -42.828    11.498     0.060     5.000         0
  -42.618    11.468     0.060     5.000         0
  -42.379    11.435     0.060     5.000         0
  -42.165    11.401     0.060     5.000         0
  -41.950    11.391     0.060     5.000         0
  -41.736    11.349     0.060     5.000         0
  -41.500    11.324     0.060     5.000         0
  -41.287    11.306     0.060     5.000         0
  -41.073    11.276     0.060     5.000         0
  -40.858    11.253     0.060     5.000         0
  -40.627    11.216     0.060     5.000         0
  -40.413    11.190     0.060     5.000         0
  -40.202    11.160     0.060     5.000         0
  -39.989    11.130     0.060     5.000         0
  -39.749    11.096     0.060     5.000         0
  -39.535    11.065     0.060     5.000         0
  -39.320    11.035     0.060     5.000         0
  -39.107    11.005     0.060     5.000         0
  -38.897    10.959     0.060     5.000         0
  -38.657    10.937     0.060     5.000         0
  -38.442    10.894     0.060     5.000         0
  -38.232    10.868     0.060     5.000         0
  -38.017    10.850     0.060     5.000         0
  -37.803    10.804     0.060     5.000         0
  -37.590    10.785     0.060     5.000         0
  -37.354    10.748     0.060     5.000         0
  -37.140    10.717     0.060     5.000         0
  -36.925    10.695     0.060     5.000         0
  -36.711    10.665     0.060     5.000         0
  -36.498    10.634     0.060     5.000         0
  -36.287    10.604     0.060     5.000         0
  -36.073    10.562     0.060     5.000         0
  -35.841    10.541     0.060     5.000         0
  -35.627    10.511     0.060     5.000         0
  -35.413    10.480     0.060     5.000         0
  -35.177    10.447     0.060     5.000         0
  -34.964    10.409     0.060     5.000         0
  -34.749    10.389     0.060     5.000         0
  -34.535    10.362     0.060     5.000         0
  -34.321    10.331     0.060     5.000         0
  -34.085    10.305     0.060     5.000         0
  -33.872    10.262     0.060     5.000         0
  -33.657    10.234     0.060     5.000         0
  -33.443    10.223     0.060     5.000         0
  -33.232    10.188     0.060     5.000         0
  -32.993    10.154     0.060     5.000         0
  -32.778    10.139     0.060     5.000         0
  -32.565    10.111     0.060     5.000         0
  -32.351    10.068     0.060     5.000         0
  -32.140    10.057     0.060     5.000         0
  -31.900    10.011     0.060     5.000         0
  -31.686    10.000     0.060     5.000         0
  -31.473     9.973     0.060     5.000         0
  -31.242     9.943     0.060     5.000         0
  -31.027     9.900     0.060     5.000         0
  -30.817     9.873     0.060     5.000         0
  -30.602     9.846     0.060     5.000         0
  -30.363     9.819     0.060     5.000         0
  -30.150     9.792     0.060     5.000         0
  -29.935     9.769     0.060     5.000         0
  -29.699     9.739     0.060     5.000         0
  -29.485     9.705     0.060     5.000         0
  -29.271     9.687     0.060     5.000         0
  -29.058     9.658     0.060     5.000         0
  -28.847     9.629     0.060     5.000         0
  -28.607     9.600     0.060     5.000         0
  -28.393     9.590     0.060     5.000         0
  -28.179     9.548     0.060     5.000         0
  -27.968     9.539     0.060     5.000         0
  -27.754     9.509     0.060     5.000         0
  -27.541     9.480     0.060     5.000         0
  -27.309     9.452     0.060     5.000         0
  -27.099     9.414     0.060     5.000         0
  -26.884     9.383     0.060     5.000         0
  -26.645     9.349     0.060     5.000         0
  -26.432     9.319     0.060     5.000         0
  -26.217     9.305     0.060     5.000         0
  -26.003     9.258     0.060     5.000         0
  -25.767     9.225     0.060     5.000         0
  -25.578     9.198     0.060     5.000         0
  -25.364     9.176     0.060     5.000         0
  -25.151     9.154     0.060     5.000         0
  -24.940     9.108     0.060     5.000         0
  -24.726     9.077     0.060     5.000         0
  -24.511     9.063     0.060     5.000         0
  -24.301     9.029     0.060     5.000         0
  -24.086     9.003     0.060     5.000         0
  -23.873     8.972     0.060     5.000         0
  -23.634     8.922     0.060     5.000         0
  -23.419     8.908     0.060     5.000         0
  -23.205     8.870     0.060     5.000         0
  -22.994     8.828     0.060     5.000         0
  -22.780     8.785     0.060     5.000         0
  -22.567     8.751     0.060     5.000         0
  -22.353     8.709     0.060     5.000         0
  -22.142     8.687     0.060     5.000         0
  -21.928     8.632     0.060     5.000         0
  -21.713     8.610     0.060     5.000         0
  -21.500     8.556     0.060     5.000         0
  -21.286     8.517     0.060     5.000         0
  -21.075     8.495     0.060     5.000         0
  -20.886     8.449     0.060     5.000         0
  -20.672     8.415     0.060     5.000         0
    0.000     0.000     0.000        -1
