-65.274	14.135	0.1	6.0	0
-65.052	14.096	0.1	6.0	0
-64.831	14.068	0.1	6.0	0
-64.616	14.033	0.1	6.0	0
-64.169	13.971	0.1	6.0	0
-63.955	13.947	0.1	6.0	0
-63.734	13.928	0.1	6.0	0
-63.511	13.906	0.1	6.0	0
-63.288	13.878	0.1	6.0	0
-63.066	13.851	0.1	6.0	0
-62.842	13.823	0.1	6.0	0
-55.176	12.944	0.1	6.0	0
-54.953	12.913	0.1	6.0	0
-54.730	12.885	0.1	6.0	0
-54.516	12.873	0.1	6.0	0
-54.294	12.858	0.1	6.0	0
-54.079	12.836	0.1	6.0	0
-53.858	12.812	0.1	6.0	0
-53.642	12.77	0.1	6.0	0
-53.420	12.743	0.1	6.0	0
-53.205	12.716	0.1	6.0	0
-52.982	12.67	0.1	6.0	0
-52.770	12.622	0.1	6.0	0
-52.547	12.579	0.1	6.0	0
-52.324	12.545	0.1	6.0	0
-52.110	12.511	0.1	6.0	0
-51.879	12.482	0.1	6.0	0
-51.656	12.454	0.1	6.0	0
-51.441	12.434	0.1	6.0	0
-51.219	12.403	0.1	6.0	0
-50.996	12.377	0.1	6.0	0
-50.774	12.346	0.1	6.0	0
-50.559	12.345	0.1	6.0	0
-50.336	12.31	0.1	6.0	0
-50.114	12.29	0.1	6.0	0
-49.900	12.256	0.1	6.0	0
-49.463	12.201	0.1	6.0	0
-49.240	12.169	0.1	6.0	0
-49.019	12.171	0.1	6.0	0
-48.797	12.147	0.1	6.0	0
-48.581	12.098	0.1	6.0	0
-47.931	12.013	0.1	6.0	0
-47.707	11.985	0.1	6.0	0
-47.494	11.959	0.1	6.0	0
-47.263	11.93	0.1	6.0	0
-46.825	11.875	0.1	6.0	0
-46.602	11.827	0.1	6.0	0
-46.379	11.812	0.1	6.0	0
-46.166	11.786	0.1	6.0	0
-45.952	11.759	0.1	6.0	0
-45.739	11.721	0.1	6.0	0
-45.523	11.698	0.1	6.0	0
-45.318	11.669	0.1	6.0	0
-45.104	11.655	0.1	6.0	0
-44.883	11.614	0.1	6.0	0
-44.669	11.591	0.1	6.0	0
-44.454	11.564	0.1	6.0	0
-44.240	11.538	0.1	6.0	0
-38.656	10.775	0.1	6.0	0
-38.442	10.757	0.1	6.0	0
-38.228	10.723	0.1	6.0	0
-38.014	10.696	0.1	6.0	0
-37.799	10.669	0.1	6.0	0
-37.587	10.622	0.1	6.0	0
-37.371	10.615	0.1	6.0	0
-37.149	10.61	0.1	6.0	0
-36.935	10.578	0.1	6.0	0
-36.723	10.574	0.1	6.0	0
-36.499	10.535	0.1	6.0	0
-36.285	10.508	0.1	6.0	0
-36.071	10.481	0.1	6.0	0
-35.848	10.448	0.1	6.0	0
-35.634	10.404	0.1	6.0	0
-34.982	10.328	0.1	6.0	0
-34.768	10.296	0.1	6.0	0
-30.608	9.623	0.1	6.0	0
-30.394	9.607	0.1	6.0	0
-30.172	9.574	0.1	6.0	0
-29.949	9.549	0.1	6.0	0
-29.734	9.519	0.1	6.0	0
-29.512	9.494	0.1	6.0	0
-29.289	9.456	0.1	6.0	0
-29.076	9.419	0.1	6.0	0
-28.853	9.394	0.1	6.0	0
-28.631	9.368	0.1	6.0	0
-28.407	9.335	0.1	6.0	0
-28.185	9.31	0.1	6.0	0
-27.963	9.282	0.1	6.0	0
-27.739	9.247	0.1	6.0	0
-27.517	9.191	0.1	6.0	0
-27.293	9.163	0.1	6.0	0
-27.071	9.138	0.1	6.0	0
-26.840	9.098	0.1	6.0	0
-26.618	9.071	0.1	6.0	0
-26.395	9.04	0.1	6.0	0
-26.163	9.009	0.1	6.0	0
-25.941	8.991	0.1	6.0	0
-25.719	8.958	0.1	6.0	0
-25.496	8.934	0.07	4.0	0
-25.496	8.933	0.1	6.0	0
-25.273	8.915	0.1	6.0	0
-25.042	8.866	0.1	6.0	0
-24.811	8.845	0.07	4.0	0
-24.579	8.813	0.07	4.0	0
-24.356	8.775	0.07	4.0	0
-24.135	8.751	0.07	4.0	0
-23.903	8.709	0.07	4.0	0
-23.680	8.665	0.07	4.0	0
-23.450	8.63	0.07	4.0	0
-22.996	8.536	0.07	4.0	0
-22.774	8.489	0.07	4.0	0
-22.542	8.459	0.07	4.0	0
-22.320	8.426	0.07	4.0	0
-22.088	8.378	0.07	4.0	0
-21.857	8.363	0.07	4.0	0
-21.635	8.331	0.07	4.0	0
-21.412	8.303	0.07	4.0	0
-21.180	8.264	0.07	4.0	0
-20.951	8.232	0.07	4.0	0
-20.719	8.182	0.07	4.0	0
-20.495	8.181	0.07	4.0	0
-20.265	8.14	0.07	4.0	0
-20.042	8.136	0.07	4.0	0
-19.812	8.083	0.07	4.0	0
-19.580	8.101	0.07	4.0	0
-19.349	8.07	0.07	4.0	0
-19.127	8.027	0.07	4.0	0
-18.903	8.004	0.07	4.0	0
-18.673	7.959	0.07	4.0	0
-18.441	7.902	0.07	4.0	0
-18.219	7.856	0.07	4.0	0
-17.757	7.74	0.07	4.0	0
-17.534	7.7	0.07	4.0	0
-17.303	7.645	0.07	4.0	0
-17.071	7.592	0.07	4.0	0
-16.841	7.579	0.07	4.0	0
-16.618	7.493	0.07	4.0	0
-16.396	7.423	0.07	4.0	0
-16.164	7.39	0.07	4.0	0
-15.942	7.366	0.07	4.0	0
-15.711	7.306	0.07	4.0	0
-15.488	7.259	0.07	4.0	0
-15.257	7.23	0.07	4.0	0
-15.035	7.191	0.07	4.0	0
-14.812	7.136	0.07	4.0	0
-14.580	7.103	0.07	4.0	0
-14.358	7.056	0.07	4.0	0
-14.127	7.012	0.07	4.0	0
-13.905	6.969	0.07	4.0	0
-13.673	6.932	0.07	4.0	0
-13.442	6.887	0.07	4.0	0
-13.220	6.911	0.07	4.0	0
-12.989	6.837	0.07	4.0	0
-12.766	6.814	0.07	4.0	0
-12.544	6.782	0.07	4.0	0
-12.313	6.723	0.07	4.0	0
-12.089	6.676	0.07	4.0	0
-11.867	6.658	0.07	4.0	0
-11.645	6.59	0.07	4.0	0
-11.414	6.591	0.07	4.0	0
-11.192	6.524	0.07	4.0	0
-10.960	6.475	0.07	4.0	0
-10.515	6.4	0.07	4.0	0
-10.293	6.362	0.07	4.0	0
-9.847	6.287	0.05	3.0	0
-9.625	6.254	0.05	3.0	0
-9.403	6.217	0.05	3.0	0
-9.180	6.154	0.05	3.0	0
-8.958	6.112	0.05	3.0	0
-8.735	6.064	0.05	3.0	0
-8.512	6.002	0.05	3.0	0
-8.290	5.949	0.05	3.0	0
-8.068	5.872	0.05	3.0	0
-7.853	5.806	0.05	3.0	0
-7.631	5.758	0.05	3.0	0
-7.408	5.701	0.05	3.0	0
-7.178	5.613	0.05	3.0	0
-6.955	5.541	0.05	3.0	0
-6.732	5.488	0.05	3.0	0
-6.510	5.403	0.05	3.0	0
-6.287	5.32	0.04	2.0	0
-6.064	5.236	0.04	2.0	0
-5.842	5.149	0.04	2.0	0
-5.620	5.054	0.04	2.0	0
-5.175	4.885	0.04	1.0	0
-4.926	4.81	0.04	1.0	0
-4.721	4.693	0.04	1.0	0
-4.499	4.593	0.04	1.0	0
-4.277	4.509	0.04	1.0	0
-4.054	4.401	0.04	1.0	0
-3.832	4.312	0.04	1.0	0
-3.609	4.238	0.04	1.0	0
-3.387	4.165	0.04	1.0	0
-3.164	4.081	0.04	1.0	0
-2.942	4.01	0.04	1.0	0
-2.719	3.95	0.04	1.0	0
-2.497	3.885	0.04	1.0	0
-2.275	3.838	0.04	1.0	0
-2.053	3.781	0.04	1.0	0
-1.838	3.728	0.04	1.0	0
-1.616	3.678	0.04	1.0	0
-1.616	4.121	0.06	7.0	0
-1.616	4.182	0.08	9.0	0
-1.616	4.035	0.08	10.0	0
-1.395	3.637	0.04	1.0	0
-1.395	4.073	0.06	7.0	0
-1.395	4.145	0.08	9.0	0
-1.181	3.611	0.04	1.0	0
-1.181	4.041	0.06	7.0	0
-1.181	4.109	0.08	9.0	0
-1.181	3.951	0.08	10.0	0
-0.968	3.584	0.04	1.0	0
-0.968	4.017	0.06	7.0	0
-0.968	4.08	0.08	9.0	0
-0.968	3.924	0.08	10.0	0
-0.756	3.568	0.04	1.0	0
-0.756	4.001	0.06	7.0	0
-0.756	4.057	0.08	9.0	0
-0.756	3.913	0.08	10.0	0
-0.535	3.551	0.04	1.0	0
-0.535	3.99	0.06	7.0	0
-0.535	4.032	0.08	9.0	0
-0.535	3.896	0.08	10.0	0
-0.321	3.535	0.04	1.0	0
-0.321	3.97	0.06	7.0	0
-0.321	4.022	0.08	9.0	0
-0.321	3.899	0.08	10.0	0
-0.135	3.531	0.04	1.0	0
-0.135	3.962	0.06	7.0	0
-0.135	4.012	0.08	9.0	0
-0.135	3.876	0.08	10.0	0
0.164	3.51	0.04	1.0	0
0.164	3.969	0.06	7.0	0
0.164	4.026	0.08	9.0	0
0.358	3.529	0.04	1.0	0
0.358	3.985	0.06	7.0	0
0.358	4.024	0.08	9.0	0
0.358	3.922	0.08	10.0	0
0.578	3.551	0.04	1.0	0
0.578	3.99	0.06	7.0	0
0.578	4.048	0.08	9.0	0
0.578	3.928	0.08	10.0	0
0.797	3.557	0.04	1.0	0
0.797	4.003	0.06	7.0	0
0.797	4.074	0.08	9.0	0
0.797	3.944	0.08	10.0	0
1.010	3.592	0.04	1.0	0
1.010	4.026	0.06	7.0	0
1.010	4.097	0.08	9.0	0
1.010	3.959	0.08	10.0	0
1.222	3.618	0.04	1.0	0
1.222	4.064	0.06	7.0	0
1.222	4.121	0.08	9.0	0
1.222	4.015	0.08	10.0	0
1.444	3.654	0.04	1.0	0
1.444	4.032	0.08	10.0	0
1.657	3.708	0.04	1.0	0
1.657	4.074	0.08	10.0	0
1.879	3.735	0.04	1.0	0
1.879	4.124	0.08	10.0	0
2.101	3.795	0.04	1.0	0
2.316	3.86	0.04	1.0	0
2.538	3.911	0.04	1.0	0
2.752	3.994	0.04	1.0	0
2.974	4.049	0.04	1.0	0
3.187	4.121	0.04	1.0	0
3.409	4.2	0.04	1.0	0
3.625	4.262	0.04	1.0	0
3.847	4.348	0.04	1.0	0
4.060	4.447	0.04	1.0	0
4.274	4.514	0.04	1.0	0
4.498	4.612	0.04	1.0	0
4.711	4.7	0.04	1.0	0
4.933	4.805	0.04	1.0	0
5.156	4.887	0.04	1.0	0
5.369	4.986	0.04	1.0	0
5.593	5.089	0.04	1.0	0
5.815	5.218	0.04	1.0	0
6.029	5.285	0.04	2.0	0
6.251	5.37	0.04	2.0	0
6.465	5.431	0.04	2.0	0
6.687	5.511	0.04	2.0	0
6.902	5.568	0.05	3.0	0
7.124	5.634	0.05	3.0	0
7.338	5.714	0.05	3.0	0
7.553	5.728	0.05	3.0	0
7.775	5.822	0.05	3.0	0
7.987	5.879	0.05	3.0	0
8.201	5.902	0.05	3.0	0
8.425	5.954	0.05	3.0	0
8.640	6.007	0.05	3.0	0
8.862	6.05	0.05	3.0	0
9.076	6.066	0.07	4.0	0
9.939	6.184	0.07	4.0	0
10.366	6.258	0.07	4.0	0
10.581	6.31	0.07	4.0	0
10.794	6.327	0.07	4.0	0
11.009	6.354	0.07	4.0	0
11.223	6.406	0.07	4.0	0
11.436	6.467	0.07	4.0	0
11.872	6.55	0.07	4.0	0
12.086	6.587	0.07	4.0	0
12.300	6.639	0.07	4.0	0
12.514	6.997	0.1	5.0	0
12.942	6.73	0.07	4.0	0
12.942	7.038	0.1	5.0	0
13.156	6.792	0.07	4.0	0
13.156	7.052	0.1	5.0	0
13.370	6.815	0.07	4.0	0
13.370	7.079	0.1	5.0	0
13.790	6.864	0.07	4.0	0
13.790	7.127	0.1	5.0	0
14.003	6.905	0.07	4.0	0
14.218	6.917	0.07	4.0	0
14.637	6.987	0.07	4.0	0
14.850	7.0	0.07	4.0	0
15.054	7.05	0.07	4.0	0
15.268	7.257	0.1	5.0	0
15.482	7.128	0.07	4.0	0
15.482	7.267	0.1	5.0	0
15.696	7.286	0.1	5.0	0
15.911	7.154	0.07	4.0	0
15.911	7.308	0.1	5.0	0
16.116	7.194	0.07	4.0	0
16.116	7.317	0.1	5.0	0
16.331	7.344	0.1	5.0	0
16.545	7.297	0.07	4.0	0
16.545	7.371	0.1	5.0	0
16.750	7.326	0.07	4.0	0
16.750	7.409	0.1	5.0	0
16.964	7.37	0.07	4.0	0
16.964	7.436	0.1	5.0	0
17.169	7.505	0.1	5.0	0
17.587	7.566	0.1	5.0	0
17.802	7.484	0.07	4.0	0
17.802	7.626	0.1	5.0	0
18.015	7.544	0.07	4.0	0
18.015	7.66	0.1	5.0	0
18.221	7.691	0.1	5.0	0
18.434	7.646	0.07	4.0	0
18.434	7.72	0.1	5.0	0
18.640	7.697	0.07	4.0	0
18.640	7.758	0.1	5.0	0
18.846	7.74	0.07	4.0	0
18.846	7.811	0.1	5.0	0
19.060	7.85	0.1	5.0	0
19.265	7.813	0.07	4.0	0
19.265	7.88	0.1	5.0	0
19.479	7.848	0.07	4.0	0
19.479	7.93	0.1	5.0	0
19.693	7.96	0.1	5.0	0
19.906	8.015	0.1	5.0	0
20.112	7.953	0.07	4.0	0
20.112	8.053	0.1	5.0	0
20.325	8.076	0.1	5.0	0
20.539	8.039	0.07	4.0	0
20.539	8.112	0.1	5.0	0
20.753	8.141	0.1	5.0	0
20.968	8.171	0.1	5.0	0
21.173	8.199	0.1	5.0	0
21.387	8.24	0.1	5.0	0
21.600	8.274	0.1	5.0	0
21.814	8.315	0.1	5.0	0
22.028	8.352	0.1	5.0	0
22.233	8.364	0.1	5.0	0
22.447	8.413	0.1	5.0	0
22.660	8.447	0.1	5.0	0
22.660	8.389	0.1	6.0	0
22.874	8.482	0.1	5.0	0
22.874	8.404	0.1	6.0	0
23.088	8.514	0.1	5.0	0
23.088	8.421	0.1	6.0	0
23.303	8.547	0.1	5.0	0
23.303	8.45	0.1	6.0	0
23.517	8.579	0.1	5.0	0
23.517	8.458	0.1	6.0	0
23.730	8.613	0.1	5.0	0
23.730	8.489	0.1	6.0	0
23.944	8.624	0.1	5.0	0
23.944	8.516	0.1	6.0	0
24.158	8.659	0.1	5.0	0
24.158	8.545	0.1	6.0	0
24.371	8.683	0.1	5.0	0
24.371	8.572	0.1	6.0	0
24.585	8.618	0.1	6.0	0
24.800	8.654	0.1	6.0	0
25.022	8.667	0.1	6.0	0
25.236	8.697	0.1	6.0	0
25.451	8.726	0.1	6.0	0
25.665	8.736	0.1	6.0	0
25.878	8.77	0.1	6.0	0
26.101	8.788	0.1	6.0	0
26.314	8.834	0.1	6.0	0
26.536	8.869	0.1	6.0	0
26.751	8.893	0.1	6.0	0
26.972	8.918	0.1	6.0	0
27.187	8.945	0.1	6.0	0
27.401	8.974	0.1	6.0	0
27.623	9.012	0.1	6.0	0
27.837	9.048	0.1	6.0	0
28.050	9.077	0.1	6.0	0
28.264	9.104	0.1	6.0	0
28.478	9.121	0.1	6.0	0
28.693	9.139	0.1	6.0	0
28.915	9.161	0.1	6.0	0
29.129	9.21	0.1	6.0	0
29.342	9.233	0.1	6.0	0
29.556	9.262	0.1	6.0	0
29.779	9.28	0.1	6.0	0
29.993	9.306	0.1	6.0	0
30.206	9.32	0.1	6.0	0
30.419	9.349	0.1	6.0	0
30.634	9.368	0.1	6.0	0
30.848	9.398	0.1	6.0	0
31.062	9.419	0.1	6.0	0
31.284	9.46	0.1	6.0	0
31.506	9.496	0.1	6.0	0
31.719	9.535	0.1	6.0	0
31.934	9.557	0.1	6.0	0
