-38.777	10.897	0.1	6.0	0
-38.324	10.838	0.1	6.0	0
-38.088	10.817	0.1	6.0	0
-37.874	10.777	0.1	6.0	0
-37.643	10.748	0.1	6.0	0
-37.404	10.72	0.1	6.0	0
-37.191	10.691	0.1	6.0	0
-36.955	10.66	0.1	6.0	0
-36.740	10.623	0.1	6.0	0
-36.501	10.568	0.1	6.0	0
-36.287	10.544	0.1	6.0	0
-36.047	10.504	0.1	6.0	0
-35.834	10.482	0.1	6.0	0
-35.607	10.422	0.1	6.0	0
-35.393	10.379	0.1	6.0	0
-35.153	10.321	0.1	6.0	0
-34.939	10.282	0.1	6.0	0
-34.701	10.239	0.1	6.0	0
-34.465	10.207	0.1	6.0	0
-34.251	10.171	0.1	6.0	0
-34.019	10.153	0.1	6.0	0
-33.805	10.11	0.1	6.0	0
-33.566	10.088	0.1	6.0	0
-33.355	10.052	0.1	6.0	0
-33.117	10.02	0.1	6.0	0
-32.903	9.981	0.1	6.0	0
-32.663	9.94	0.1	6.0	0
-32.449	9.906	0.1	6.0	0
-32.211	9.879	0.1	6.0	0
-32.000	9.852	0.1	6.0	0
-31.769	9.826	0.1	6.0	0
-31.555	9.799	0.1	6.0	0
-31.315	9.734	0.1	6.0	0
-31.101	9.708	0.1	6.0	0
-30.865	9.685	0.1	6.0	0
-30.652	9.644	0.1	6.0	0
-30.438	9.613	0.1	6.0	0
-30.199	9.581	0.1	6.0	0
-29.985	9.547	0.1	6.0	0
-29.774	9.465	0.1	6.0	0
-29.544	9.466	0.1	5.0	0
-29.544	9.418	0.1	6.0	0
-29.330	9.429	0.1	5.0	0
-29.330	9.377	0.1	6.0	0
-29.116	9.383	0.1	5.0	0
-29.116	9.343	0.1	6.0	0
-28.876	9.362	0.1	5.0	0
-28.876	9.309	0.1	6.0	0
-28.666	9.269	0.1	6.0	0
-28.452	9.291	0.1	5.0	0
-28.452	9.233	0.1	6.0	0
-28.213	9.248	0.1	5.0	0
-27.999	9.199	0.1	5.0	0
-27.999	9.148	0.1	6.0	0
-27.785	9.133	0.07	4.0	0
-27.549	9.087	0.07	4.0	0
-27.549	9.151	0.1	5.0	0
-27.335	9.049	0.07	4.0	0
-27.335	9.116	0.1	5.0	0
-27.097	9.017	0.07	4.0	0
-26.882	8.988	0.07	4.0	0
-26.882	9.009	0.1	5.0	0
-26.668	8.933	0.07	4.0	0
-26.668	8.983	0.1	5.0	0
-26.441	8.895	0.07	4.0	0
-26.441	8.95	0.1	5.0	0
-26.227	8.81	0.07	4.0	0
-26.227	8.923	0.1	5.0	0
-26.013	8.769	0.07	4.0	0
-26.013	8.892	0.1	5.0	0
-25.774	8.754	0.07	4.0	0
-25.774	8.844	0.1	5.0	0
-25.560	8.693	0.07	4.0	0
-25.560	8.799	0.1	5.0	0
-25.295	8.683	0.07	4.0	0
-25.295	8.757	0.1	5.0	0
-25.110	8.648	0.07	4.0	0
-24.871	8.614	0.07	4.0	0
-24.871	8.713	0.1	5.0	0
-24.658	8.588	0.07	4.0	0
-24.658	8.668	0.1	5.0	0
-24.447	8.558	0.07	4.0	0
-24.447	8.637	0.1	5.0	0
-24.216	8.502	0.07	4.0	0
-24.216	8.604	0.1	5.0	0
-24.002	8.468	0.07	4.0	0
-24.002	8.559	0.1	5.0	0
-23.788	8.438	0.07	4.0	0
-23.788	8.515	0.1	5.0	0
-23.548	8.4	0.07	4.0	0
-23.335	8.381	0.07	4.0	0
-23.335	8.453	0.1	5.0	0
-23.099	8.321	0.07	4.0	0
-23.099	8.428	0.1	5.0	0
-22.885	8.268	0.07	4.0	0
-22.885	8.406	0.1	5.0	0
-22.671	8.249	0.07	4.0	0
-22.432	8.232	0.07	4.0	0
-22.432	8.35	0.1	5.0	0
-22.219	8.199	0.07	4.0	0
-22.219	8.327	0.1	5.0	0
-22.008	8.174	0.07	4.0	0
-22.008	8.3	0.1	5.0	0
-21.794	8.14	0.07	4.0	0
-21.794	8.27	0.1	5.0	0
-21.580	8.101	0.07	4.0	0
-21.580	8.243	0.1	5.0	0
-21.369	8.068	0.07	4.0	0
-21.369	8.21	0.1	5.0	0
-21.155	8.03	0.07	4.0	0
-20.916	7.996	0.07	4.0	0
-20.916	8.16	0.1	5.0	0
-20.703	7.977	0.07	4.0	0
-20.703	8.137	0.1	5.0	0
-20.489	7.961	0.07	4.0	0
-20.489	8.125	0.1	5.0	0
-20.275	7.931	0.07	4.0	0
-20.275	8.098	0.1	5.0	0
-20.064	7.893	0.07	4.0	0
-20.064	8.058	0.1	5.0	0
-19.833	7.853	0.07	4.0	0
-19.620	7.826	0.07	4.0	0
-19.620	8.021	0.1	5.0	0
-19.406	7.788	0.07	4.0	0
-19.406	8.003	0.1	5.0	0
-19.195	7.762	0.07	4.0	0
-19.195	7.976	0.1	5.0	0
-18.981	7.731	0.07	4.0	0
-18.981	7.959	0.1	5.0	0
-18.767	7.697	0.07	4.0	0
-18.528	7.664	0.07	4.0	0
-18.317	7.637	0.07	4.0	0
-18.104	7.618	0.07	4.0	0
-17.890	7.572	0.07	4.0	0
-17.650	7.543	0.07	4.0	0
-17.436	7.512	0.07	4.0	0
-17.226	7.478	0.07	4.0	0
-17.013	7.437	0.07	4.0	0
-16.799	7.429	0.07	4.0	0
-16.585	7.394	0.07	4.0	0
-16.345	7.364	0.07	4.0	0
-16.135	7.327	0.07	4.0	0
-15.920	7.3	0.07	4.0	0
-15.707	7.243	0.07	4.0	0
-15.493	7.22	0.07	4.0	0
-15.262	7.184	0.07	4.0	0
-15.052	7.116	0.07	4.0	0
-14.838	7.112	0.07	4.0	0
-14.625	7.085	0.07	4.0	0
-14.385	7.04	0.07	4.0	0
-14.175	7.006	0.07	4.0	0
-13.961	6.964	0.07	4.0	0
-13.747	6.922	0.07	4.0	0
-13.533	6.888	0.07	4.0	0
-13.320	6.831	0.07	4.0	0
-13.084	6.809	0.07	4.0	0
-12.870	6.771	0.07	4.0	0
-12.656	6.736	0.07	4.0	0
-12.441	6.679	0.07	4.0	0
-12.231	6.638	0.07	4.0	0
-12.018	6.626	0.07	4.0	0
-11.804	6.584	0.07	4.0	0
-11.590	6.58	0.05	3.0	0
-11.350	6.52	0.05	3.0	0
-10.926	6.433	0.05	3.0	0
-10.713	6.376	0.05	3.0	0
-10.499	6.322	0.05	3.0	0
-10.074	6.25	0.05	3.0	0
-9.860	6.197	0.05	3.0	0
-9.647	6.136	0.05	3.0	0
-9.433	6.083	0.05	3.0	0
-9.219	6.052	0.05	3.0	0
-9.008	5.965	0.05	3.0	0
-8.580	5.868	0.05	3.0	0
-8.370	5.836	0.05	3.0	0
-8.157	5.806	0.05	3.0	0
-7.943	5.779	0.05	3.0	0
-7.515	5.726	0.05	3.0	0
-7.304	5.7	0.05	3.0	0
-7.091	5.67	0.05	3.0	0
-6.877	5.625	0.05	3.0	0
-6.663	5.583	0.05	3.0	0
-6.452	5.486	0.04	1.0	0
-6.238	5.386	0.04	1.0	0
-6.025	5.265	0.04	1.0	0
-5.812	5.177	0.04	1.0	0
-5.626	5.093	0.04	1.0	0
-5.412	4.993	0.04	1.0	0
-5.198	4.89	0.04	1.0	0
-4.987	4.79	0.04	1.0	0
-4.774	4.705	0.04	1.0	0
-4.561	4.612	0.04	1.0	0
-4.347	4.521	0.04	1.0	0
-4.133	4.424	0.04	1.0	0
-3.920	4.324	0.04	1.0	0
-3.709	4.258	0.04	1.0	0
-3.520	4.176	0.04	1.0	0
-2.883	4.008	0.04	1.0	0
-2.670	3.935	0.04	1.0	0
-2.670	4.642	0.08	9.0	0
-2.457	3.875	0.04	1.0	0
-2.457	4.598	0.08	9.0	0
-2.270	3.806	0.04	1.0	0
-2.270	4.56	0.08	9.0	0
-2.058	3.752	0.04	1.0	0
-2.058	4.309	0.06	7.0	0
-2.058	4.524	0.08	9.0	0
-1.845	3.704	0.04	1.0	0
-1.845	4.213	0.06	7.0	0
-1.845	4.489	0.08	9.0	0
-1.633	3.659	0.04	1.0	0
-1.633	4.195	0.06	7.0	0
-1.633	4.486	0.08	9.0	0
-1.421	3.611	0.04	1.0	0
-1.421	4.157	0.06	7.0	0
-1.421	4.465	0.08	9.0	0
-1.421	3.932	0.08	10.0	0
-1.226	3.593	0.04	1.0	0
-1.226	4.129	0.06	7.0	0
-1.226	4.438	0.08	9.0	0
-1.226	3.912	0.08	10.0	0
-1.015	3.561	0.04	1.0	0
-1.015	4.121	0.06	7.0	0
-1.015	4.427	0.08	9.0	0
-1.015	3.88	0.08	10.0	0
-0.805	3.541	0.04	1.0	0
-0.805	4.083	0.06	7.0	0
-0.805	4.4	0.08	9.0	0
-0.805	3.857	0.08	10.0	0
-0.600	3.518	0.04	1.0	0
-0.600	4.081	0.06	7.0	0
-0.600	4.401	0.08	9.0	0
-0.600	3.846	0.08	10.0	0
-0.393	3.513	0.04	1.0	0
-0.393	4.079	0.06	7.0	0
-0.393	4.402	0.08	9.0	0
-0.393	3.848	0.08	10.0	0
-0.215	4.071	0.06	7.0	0
-0.215	3.839	0.08	10.0	0
-0.174	3.504	0.04	1.0	0
-0.174	4.399	0.08	9.0	0
0.306	3.506	0.04	1.0	0
0.306	4.053	0.06	7.0	0
0.306	4.377	0.08	9.0	0
0.306	3.819	0.08	10.0	0
0.504	3.512	0.04	1.0	0
0.504	4.06	0.06	7.0	0
0.504	4.378	0.08	9.0	0
0.504	3.827	0.08	10.0	0
0.715	3.538	0.04	1.0	0
0.715	4.074	0.06	7.0	0
0.715	4.392	0.08	9.0	0
0.715	3.853	0.08	10.0	0
0.927	3.565	0.04	1.0	0
0.927	4.092	0.06	7.0	0
0.927	4.419	0.08	9.0	0
0.927	3.871	0.08	10.0	0
1.132	3.578	0.04	1.0	0
1.132	4.118	0.06	7.0	0
1.132	4.438	0.08	9.0	0
1.132	3.881	0.08	10.0	0
1.346	3.623	0.04	1.0	0
1.346	4.153	0.06	7.0	0
1.346	4.462	0.08	9.0	0
1.346	3.932	0.08	10.0	0
1.560	3.665	0.04	1.0	0
1.560	4.177	0.06	7.0	0
1.560	4.515	0.08	9.0	0
1.560	3.977	0.08	10.0	0
1.747	3.695	0.04	1.0	0
1.747	4.197	0.06	7.0	0
1.747	4.563	0.08	9.0	0
1.955	3.73	0.04	1.0	0
1.955	4.598	0.08	9.0	0
2.169	3.781	0.04	1.0	0
2.383	3.839	0.04	1.0	0
2.597	3.893	0.04	1.0	0
2.810	3.95	0.04	1.0	0
3.019	4.022	0.04	1.0	0
3.233	4.079	0.04	1.0	0
3.448	4.173	0.04	1.0	0
3.662	4.252	0.04	1.0	0
3.871	4.333	0.04	1.0	0
4.085	4.406	0.04	1.0	0
4.298	4.49	0.04	1.0	0
4.512	4.593	0.04	1.0	0
4.727	4.687	0.04	1.0	0
4.936	4.784	0.04	1.0	0
5.151	4.878	0.04	1.0	0
5.389	4.978	0.04	1.0	0
5.603	5.072	0.04	1.0	0
5.813	5.186	0.04	1.0	0
6.027	5.299	0.04	1.0	0
6.241	5.399	0.04	1.0	0
6.472	5.492	0.04	1.0	0
6.685	5.607	0.04	1.0	0
7.109	5.803	0.05	3.0	0
7.323	5.839	0.05	3.0	0
7.538	5.833	0.05	3.0	0
7.748	5.859	0.05	3.0	0
7.960	5.885	0.05	3.0	0
8.175	5.911	0.05	3.0	0
8.389	5.928	0.05	3.0	0
8.599	5.951	0.05	3.0	0
8.813	5.953	0.05	3.0	0
9.052	5.97	0.05	3.0	0
9.265	5.987	0.05	3.0	0
9.479	5.994	0.05	3.0	0
9.689	6.002	0.05	3.0	0
9.904	6.028	0.05	3.0	0
10.118	6.049	0.05	3.0	0
10.331	6.053	0.05	3.0	0
10.541	6.067	0.05	3.0	0
10.755	6.093	0.05	3.0	0
10.969	6.12	0.05	3.0	0
11.183	6.153	0.05	3.0	0
11.423	6.199	0.05	3.0	0
11.633	6.235	0.05	3.0	0
11.846	6.274	0.05	3.0	0
12.060	6.32	0.05	3.0	0
12.274	6.392	0.05	3.0	0
12.484	6.424	0.05	3.0	0
12.724	6.448	0.05	3.0	0
12.936	6.504	0.05	3.0	0
13.151	6.565	0.05	3.0	0
13.361	6.619	0.05	3.0	0
13.575	6.688	0.05	3.0	0
13.814	6.721	0.05	3.0	0
14.028	6.75	0.05	3.0	0
14.241	6.795	0.05	3.0	0
14.451	6.863	0.05	3.0	0
14.666	6.945	0.05	3.0	0
14.897	7.024	0.05	3.0	0
15.111	7.073	0.05	3.0	0
15.324	7.123	0.05	3.0	0
15.559	7.162	0.05	3.0	0
15.773	7.179	0.07	4.0	0
15.987	7.224	0.07	4.0	0
16.227	7.282	0.07	4.0	0
16.437	7.303	0.07	4.0	0
16.651	7.339	0.07	4.0	0
16.864	7.38	0.07	4.0	0
17.103	7.41	0.07	4.0	0
17.317	7.459	0.07	4.0	0
17.527	7.485	0.07	4.0	0
17.742	7.563	0.07	4.0	0
17.971	7.601	0.07	4.0	0
18.185	7.623	0.07	4.0	0
18.399	7.663	0.07	4.0	0
18.639	7.698	0.07	4.0	0
18.849	7.719	0.07	4.0	0
19.063	7.746	0.07	4.0	0
19.276	7.764	0.07	4.0	0
19.511	7.811	0.07	4.0	0
19.726	7.852	0.07	4.0	0
19.940	7.874	0.07	4.0	0
20.179	7.954	0.07	4.0	0
20.392	8.004	0.07	4.0	0
20.602	8.021	0.07	4.0	0
20.841	8.065	0.07	4.0	0
21.056	8.096	0.07	4.0	0
21.270	8.146	0.07	4.0	0
21.501	8.184	0.07	4.0	0
21.711	8.238	0.07	4.0	0
21.924	8.26	0.07	4.0	0
22.163	8.308	0.07	4.0	0
22.377	8.357	0.07	4.0	0
22.591	8.37	0.07	4.0	0
22.827	8.405	0.07	4.0	0
23.039	8.413	0.07	4.0	0
23.254	8.476	0.07	4.0	0
23.493	8.492	0.07	4.0	0
23.703	8.514	0.07	4.0	0
23.917	8.541	0.07	4.0	0
24.148	8.57	0.07	4.0	0
24.361	8.592	0.07	4.0	0
24.575	8.618	0.07	4.0	0
24.789	8.645	0.07	4.0	0
25.025	8.679	0.07	4.0	0
25.239	8.683	0.07	4.0	0
25.477	8.745	0.07	4.0	0
25.691	8.753	0.07	4.0	0
25.901	8.766	0.07	4.0	0
26.140	8.8	0.07	4.0	0
26.354	8.832	0.07	4.0	0
26.568	8.868	0.07	4.0	0
26.568	9.067	0.1	5.0	0
26.807	8.893	0.07	4.0	0
26.807	9.096	0.1	5.0	0
27.021	8.915	0.07	4.0	0
27.021	9.123	0.1	5.0	0
27.231	8.941	0.07	4.0	0
27.231	9.149	0.1	5.0	0
27.445	8.963	0.07	4.0	0
27.445	9.176	0.1	5.0	0
27.676	9.043	0.07	4.0	0
27.676	9.212	0.1	5.0	0
27.889	9.051	0.07	4.0	0
27.889	9.239	0.1	5.0	0
28.099	9.096	0.07	4.0	0
28.099	9.265	0.1	5.0	0
28.338	9.135	0.07	4.0	0
28.338	9.288	0.1	5.0	0
28.552	9.157	0.07	4.0	0
28.552	9.296	0.1	5.0	0
28.792	9.173	0.07	4.0	0
28.792	9.326	0.1	5.0	0
29.006	9.186	0.07	4.0	0
29.006	9.342	0.1	5.0	0
29.216	9.221	0.07	4.0	0
29.216	9.368	0.1	5.0	0
29.454	9.26	0.07	4.0	0
29.454	9.398	0.1	5.0	0
29.668	9.258	0.07	4.0	0
29.668	9.428	0.1	5.0	0
29.882	9.295	0.07	4.0	0
29.882	9.444	0.1	5.0	0
30.096	9.337	0.07	4.0	0
30.096	9.47	0.1	5.0	0
30.323	9.377	0.07	4.0	0
30.323	9.503	0.1	5.0	0
30.536	9.396	0.07	4.0	0
30.536	9.529	0.1	5.0	0
30.750	9.463	0.07	4.0	0
30.750	9.549	0.1	5.0	0
30.989	9.484	0.07	4.0	0
30.989	9.593	0.1	5.0	0
31.203	9.525	0.07	4.0	0
31.203	9.613	0.1	5.0	0
31.417	9.549	0.07	4.0	0
31.417	9.636	0.1	5.0	0
31.628	9.584	0.07	4.0	0
31.628	9.666	0.1	5.0	0
31.840	9.617	0.07	4.0	0
31.840	9.681	0.1	5.0	0
32.076	9.637	0.07	4.0	0
32.076	9.703	0.1	5.0	0
32.290	9.678	0.07	4.0	0
32.290	9.715	0.1	5.0	0
32.504	9.705	0.07	4.0	0
32.504	9.753	0.1	5.0	0
32.718	9.723	0.07	4.0	0
32.718	9.78	0.1	5.0	0
32.931	9.72	0.07	4.0	0
32.931	9.803	0.1	5.0	0
33.170	9.737	0.07	4.0	0
33.170	9.829	0.1	5.0	0
33.384	9.753	0.07	4.0	0
33.384	9.821	0.1	5.0	0
33.594	9.773	0.07	4.0	0
33.594	9.856	0.1	5.0	0
33.809	9.766	0.07	4.0	0
33.809	9.866	0.1	5.0	0
34.048	9.864	0.1	5.0	0
34.048	9.786	0.1	6.0	0
34.261	9.887	0.1	5.0	0
34.261	9.782	0.1	6.0	0
34.471	9.935	0.1	5.0	0
34.471	9.799	0.1	6.0	0
34.685	9.957	0.1	5.0	0
34.685	9.795	0.1	6.0	0
34.899	9.795	0.07	4.0	0
34.899	9.972	0.1	5.0	0
34.899	9.788	0.1	6.0	0
35.130	9.981	0.1	5.0	0
35.130	9.802	0.1	6.0	0
35.343	9.793	0.1	6.0	0
35.553	9.809	0.1	6.0	0
35.792	9.833	0.1	6.0	0
36.006	9.872	0.1	6.0	0
36.220	9.899	0.1	6.0	0
36.434	9.927	0.1	6.0	0
36.670	9.985	0.1	6.0	0
36.882	10.027	0.1	6.0	0
37.122	10.083	0.1	6.0	0
37.336	10.128	0.1	6.0	0
37.550	10.204	0.1	6.0	0
37.760	10.243	0.1	6.0	0
37.990	10.291	0.1	6.0	0
38.204	10.342	0.1	6.0	0
38.443	10.398	0.1	6.0	0
38.653	10.42	0.1	6.0	0
38.867	10.453	0.1	6.0	0
39.106	10.489	0.1	6.0	0
39.319	10.507	0.1	6.0	0
39.558	10.549	0.1	6.0	0
39.772	10.567	0.1	6.0	0
39.983	10.612	0.1	6.0	0
40.222	10.642	0.1	6.0	0
40.435	10.691	0.1	6.0	0
40.649	10.749	0.1	6.0	0
40.880	10.778	0.1	6.0	0
41.090	10.808	0.1	6.0	0
41.304	10.861	0.1	6.0	0
41.518	10.895	0.1	6.0	0
41.966	10.948	0.1	6.0	0
42.180	10.967	0.1	6.0	0
42.419	10.978	0.1	6.0	0
42.633	11.008	0.1	6.0	0
42.846	11.012	0.1	6.0	0
43.056	11.008	0.1	6.0	0
43.296	11.019	0.1	6.0	0
43.510	11.045	0.1	6.0	0
43.724	11.076	0.1	6.0	0
43.954	11.108	0.1	6.0	0
44.165	11.186	0.1	6.0	0
44.378	11.206	0.1	6.0	0
44.592	11.217	0.1	6.0	0
44.831	11.237	0.1	6.0	0
45.041	11.255	0.1	6.0	0
45.255	11.287	0.1	6.0	0
45.468	11.325	0.1	6.0	0
45.682	11.359	0.1	6.0	0
45.917	11.397	0.1	6.0	0
46.131	11.451	0.1	6.0	0
46.345	11.499	0.1	6.0	0
