    0.000     1.000     0.000         0
    0.280     3.322     0.060     1.000         0
    0.068     3.309     0.060     1.000         0
    0.151     3.317     0.060     1.000         0
    0.365     3.330     0.060     1.000         0
    0.605     3.354     0.060     1.000         0
    0.820     3.383     0.060     1.000         0
    1.030     3.411     0.060     1.000         0
    1.244     3.439     0.060     1.000         0
    1.459     3.468     0.060     1.000         0
    1.700     3.508     0.060     1.000         0
    1.910     3.554     0.060     1.000         0
    2.126     3.610     0.060     1.000         0
    2.339     3.681     0.060     1.000         0
    2.554     3.736     0.060     1.000         0
    2.770     3.776     0.060     1.000         0
    2.981     3.839     0.060     1.000         0
    3.196     3.928     0.060     1.000         0
    3.436     4.052     0.060     1.000         0
    3.650     4.140     0.060     1.000         0
    3.865     4.237     0.060     1.000         0
    4.076     4.318     0.060     1.000         0
    4.291     4.408     0.060     1.000         0
    4.523     4.505     0.060     1.000         0
    4.737     4.595     0.060     1.000         0
    4.948     4.692     0.060     1.000         0
    5.163     4.802     0.060     1.000         0
    5.378     4.912     0.060     1.000         0
    5.619     5.056     0.060     1.000         0
    5.834     5.170     0.060     1.000         0
    6.045     5.282     0.060     1.000         0
    6.258     5.395     0.060     1.000         0
    6.499     5.518     0.060     1.000         0
    6.714     5.636     0.060     1.000         0
    6.929     5.750     0.060     1.000         0
    7.140     5.862     0.060     1.000         0
    7.354     5.976     0.060     1.000         0
    7.594     6.103     0.060     1.000         0
    7.809     6.201     0.060     1.000         0
    8.021     6.313     0.060     1.000         0
    8.236     6.435     0.060     1.000         0
    8.451     6.446     0.060     2.000         0
    8.681     6.515     0.060     2.000         0
    8.892     6.570     0.060     2.000         0
    9.111     6.616     0.060     2.000         0
    9.322     6.676     0.060     2.000         0
    9.537     6.756     0.060     2.000         0
    9.777     6.821     0.060     2.000         0
    9.992     6.893     0.060     2.000         0
   10.203     6.964     0.060     2.000         0
   10.418     7.052     0.060     2.000         0
   10.633     7.120     0.060     2.000         0
   10.848     7.184     0.060     2.000         0
   11.084     7.259     0.060     2.000         0
   11.298     7.331     0.060     2.000         0
   11.513     7.419     0.060     2.000         0
   11.728     7.475     0.060     2.000         0
   11.943     7.564     0.060     2.000         0
   12.154     7.626     0.060     2.000         0
   12.368     7.706     0.060     3.000         0
   12.583     7.745     0.060     3.000         0
   12.798     7.795     0.060     3.000         0
   13.009     7.833     0.060     3.000         0
   13.224     7.880     0.060     3.000         0
   13.465     7.925     0.060     3.000         0
   13.679     7.972     0.060     3.000         0
   13.890     8.018     0.060     3.000         0
   14.105     8.061     0.060     3.000         0
   14.320     8.108     0.060     3.000         0
   14.535     8.156     0.060     3.000         0
   14.748     8.202     0.060     3.000         0
   14.985     8.254     0.060     3.000         0
   15.200     8.301     0.060     3.000         0
   15.415     8.365     0.060     3.000         0
   15.647     8.415     0.060     3.000         0
   15.862     8.463     0.060     3.000         0
   16.073     8.509     0.060     3.000         0
   16.312     8.553     0.060     3.000         0
   16.527     8.611     0.060     3.000         0
   16.742     8.661     0.060     3.000         0
   16.957     8.711     0.060     3.000         0
   17.171     8.760     0.060     3.000         0
   17.411     8.808     0.060     3.000         0
   17.622     8.856     0.060     3.000         0
   17.837     8.914     0.060     3.000         0
   18.052     8.948     0.060     3.000         0
   18.264     9.013     0.060     3.000         0
   18.504     9.068     0.060     3.000         0
   18.718     9.110     0.060     3.000         0
   18.933     9.157     0.060     3.000         0
   19.148     9.196     0.060     3.000         0
   19.359     9.234     0.060     3.000         0
   19.591     9.276     0.060     3.000         0
   14.535     8.520     0.060     4.000         0
   14.748     8.554     0.060     4.000         0
   14.985     8.599     0.060     4.000         0
   15.200     8.633     0.060     4.000         0
   15.415     8.667     0.060     4.000         0
   15.647     8.703     0.060     4.000         0
   15.862     8.737     0.060     4.000         0
   16.073     8.754     0.060     4.000         0
   16.312     8.792     0.060     4.000         0
   16.527     8.830     0.060     4.000         0
   16.742     8.876     0.060     4.000         0
   16.957     8.893     0.060     4.000         0
   17.171     8.927     0.060     4.000         0
   17.411     8.965     0.060     4.000         0
   17.622     8.998     0.060     4.000         0
   17.837     9.048     0.060     4.000         0
   18.052     9.066     0.060     4.000         0
   18.264     9.099     0.060     4.000         0
   18.504     9.145     0.060     4.000         0
   18.718     9.193     0.060     4.000         0
   18.933     9.234     0.060     4.000         0
   19.148     9.275     0.060     4.000         0
   19.359     9.315     0.060     4.000         0
   19.591     9.359     0.060     4.000         0
   19.804     9.399     0.060     4.000         0
   20.019     9.424     0.060     4.000         0
   20.231     9.480     0.060     4.000         0
   20.471     9.510     0.060     4.000         0
   20.686     9.550     0.060     4.000         0
   20.901     9.607     0.060     4.000         0
   21.115     9.648     0.060     4.000         0
   21.351     9.692     0.060     4.000         0
   21.566     9.733     0.060     4.000         0
   21.781     9.766     0.060     4.000         0
   21.996     9.805     0.060     4.000         0
   22.210     9.851     0.060     4.000         0
   22.446     9.903     0.060     4.000         0
   22.661     9.950     0.060     4.000         0
   22.876    10.009     0.060     4.000         0
   23.091    10.043     0.060     4.000         0
   23.332    10.104     0.060     4.000         0
   23.543    10.146     0.060     4.000         0
   23.757    10.188     0.060     4.000         0
   23.988    10.255     0.060     4.000         0
   24.203    10.298     0.060     4.000         0
   24.418    10.349     0.060     4.000         0
   24.657    10.397     0.060     4.000         0
   24.869    10.439     0.060     4.000         0
    0.000    -1.000     0.000         0
   -8.288     6.293     0.060     1.000         0
   -8.073     6.179     0.060     1.000         0
   -7.862     6.060     0.060     1.000         0
   -7.648     5.922     0.060     1.000         0
   -7.433     5.801     0.060     1.000         0
   -7.218     5.683     0.060     1.000         0
   -7.007     5.568     0.060     1.000         0
   -6.792     5.456     0.060     1.000         0
   -6.577     5.369     0.060     1.000         0
   -6.363     5.266     0.060     1.000         0
   -6.151     5.160     0.060     1.000         0
   -5.936     5.052     0.060     1.000         0
   -5.696     4.945     0.060     1.000         0
   -5.481     4.833     0.060     1.000         0
   -5.270     4.740     0.060     1.000         0
   -5.052     4.668     0.060     1.000         0
   -4.841     4.579     0.060     1.000         0
   -4.626     4.480     0.060     1.000         0
   -4.411     4.393     0.060     1.000         0
   -4.199     4.307     0.060     1.000         0
   -3.984     4.225     0.060     1.000         0
   -3.771     4.139     0.060     1.000         0
   -3.556     4.056     0.060     1.000         0
   -3.341     3.969     0.060     1.000         0
   -3.129     3.899     0.060     1.000         0
   -2.914     3.827     0.060     1.000         0
   -2.700     3.761     0.060     1.000         0
   -2.460     3.686     0.060     1.000         0
   -2.245     3.630     0.060     1.000         0
   -2.034     3.560     0.060     1.000         0
   -1.819     3.526     0.060     1.000         0
   -1.604     3.515     0.060     1.000         0
   -1.390     3.480     0.060     1.000         0
   -1.179     3.446     0.060     1.000         0
   -0.947     3.417     0.060     1.000         0
   -0.732     3.390     0.060     1.000         0
   -0.518     3.371     0.060     1.000         0
  -12.394     7.541     0.060     2.000         0
  -12.208     7.495     0.060     2.000         0
  -11.993     7.432     0.060     2.000         0
  -11.782     7.370     0.060     2.000         0
  -11.592     7.314     0.060     2.000         0
  -11.378     7.251     0.060     2.000         0
  -11.167     7.189     0.060     2.000         0
  -10.977     7.133     0.060     2.000         0
  -10.762     7.070     0.060     2.000         0
  -10.573     7.014     0.060     2.000         0
  -10.361     6.936     0.060     2.000         0
  -10.164     6.878     0.060     2.000         0
   -9.949     6.815     0.060     2.000         0
   -9.734     6.752     0.060     2.000         0
   -9.548     6.697     0.060     2.000         0
   -9.333     6.634     0.060     2.000         0
   -9.118     6.571     0.060     2.000         0
   -8.904     6.508     0.060     2.000         0
   -8.693     6.462     0.060     2.000         0
   -8.478     6.399     0.060     2.000         0
  -15.256     8.272     0.060     4.000         0
  -15.070     8.222     0.060     4.000         0
  -14.855     8.173     0.060     4.000         0
  -14.640     8.125     0.060     4.000         0
  -14.425     8.077     0.060     4.000         0
  -14.214     8.029     0.060     4.000         0
  -14.016     7.984     0.060     4.000         0
  -13.802     7.936     0.060     4.000         0
  -13.587     7.888     0.060     4.000         0
  -13.375     7.840     0.060     4.000         0
  -13.186     7.797     0.060     4.000         0
  -13.038     7.766     0.060     4.000         0
  -12.846     7.731     0.060     4.000         0
  -12.609     7.674     0.060     4.000         0
  -12.394     7.629     0.060     4.000         0
  -12.208     7.591     0.060     4.000         0
  -11.993     7.542     0.060     4.000         0
  -11.782     7.498     0.060     4.000         0
  -11.592     7.454     0.060     4.000         0
  -11.378     7.405     0.060     4.000         0
  -11.167     7.357     0.060     4.000         0
  -10.977     7.314     0.060     4.000         0
  -10.762     7.265     0.060     4.000         0
  -10.573     7.210     0.060     4.000         0
  -10.361     7.173     0.060     4.000         0
  -10.164     7.124     0.060     4.000         0
  -24.706     9.324     0.060     5.000         0
  -24.508     9.300     0.060     5.000         0
  -24.318     9.285     0.060     5.000         0
  -24.132     9.262     0.060     5.000         0
  -23.959     9.225     0.060     5.000         0
  -23.769     9.206     0.060     5.000         0
  -23.583     9.180     0.060     5.000         0
  -23.420     9.172     0.060     5.000         0
  -23.222     9.152     0.060     5.000         0
  -23.062     9.133     0.060     5.000         0
  -22.872     9.102     0.060     5.000         0
  -22.674     9.067     0.060     5.000         0
  -22.485     9.041     0.060     5.000         0
  -22.299     9.020     0.060     5.000         0
  -22.084     8.986     0.060     5.000         0
  -21.894     8.976     0.060     5.000         0
  -21.705     8.950     0.060     5.000         0
  -21.489     8.921     0.060     5.000         0
  -21.292     8.894     0.060     5.000         0
  -21.106     8.864     0.060     5.000         0
  -20.891     8.839     0.060     5.000         0
  -20.702     8.797     0.060     5.000         0
  -20.516     8.772     0.060     5.000         0
  -20.317     8.752     0.060     5.000         0
  -20.104     8.731     0.060     5.000         0
  -19.914     8.705     0.060     5.000         0
  -19.699     8.675     0.060     5.000         0
  -19.513     8.633     0.060     5.000         0
  -19.298     8.603     0.060     5.000         0
  -19.298     8.611     0.060     5.000         0
  -18.897     8.564     0.060     5.000         0
  -18.708     8.538     0.060     5.000         0
  -18.493     8.508     0.060     5.000         0
  -18.295     8.480     0.060     5.000         0
  -18.084     8.443     0.060     5.000         0
  -17.894     8.411     0.060     5.000         0
  -17.680     8.392     0.060     5.000         0
  -17.465     8.345     0.060     5.000         0
  -17.279     8.317     0.060     5.000         0
  -17.064     8.302     0.060     5.000         0
  -16.874     8.274     0.060     5.000         0
  -16.663     8.235     0.060     5.000         0
  -16.465     8.203     0.060     5.000         0
  -16.276     8.180     0.060     5.000         0
  -16.086     8.142     0.060     5.000         0
  -15.871     8.117     0.060     5.000         0
  -15.660     8.080     0.060     5.000         0
  -15.470     8.057     0.060     5.000         0
  -15.256     8.016     0.060     5.000         0
  -15.070     7.994     0.060     5.000         0
  -14.855     7.960     0.060     5.000         0
  -14.640     7.926     0.060     5.000         0
  -14.425     7.876     0.060     5.000         0
  -14.214     7.846     0.060     5.000         0
  -14.016     7.827     0.060     5.000         0
  -13.802     7.793     0.060     5.000         0
  -13.587     7.743     0.060     5.000         0
  -13.375     7.721     0.060     5.000         0
  -13.186     7.683     0.060     5.000         0
  -13.038     7.658     0.060     5.000         0
  -12.846     7.627     0.060     5.000         0
  -12.609     7.598     0.060     5.000         0
    0.000     0.000     0.000        -1
