    0.000     1.000     0.000         0
    0.341     3.370     0.060     1.000         0
    0.143     3.356     0.060     1.000         0
    0.131     3.354     0.060     1.000         0
    0.338     3.370     0.060     1.000         0
    0.549     3.394     0.060     1.000         0
    0.764     3.434     0.060     1.000         0
    0.979     3.458     0.060     1.000         0
    1.194     3.467     0.060     1.000         0
    1.403     3.490     0.060     1.000         0
    1.617     3.523     0.060     1.000         0
    1.832     3.575     0.060     1.000         0
    2.047     3.636     0.060     1.000         0
    2.258     3.712     0.060     1.000         0
    2.473     3.772     0.060     1.000         0
    2.713     3.840     0.060     1.000         0
    2.927     3.884     0.060     1.000         0
    3.138     3.944     0.060     1.000         0
    3.353     4.017     0.060     1.000         0
    3.568     4.081     0.060     1.000         0
    3.783     4.134     0.060     1.000         0
    3.997     4.225     0.060     1.000         0
    4.233     4.351     0.060     1.000         0
    4.448     4.451     0.060     1.000         0
    4.663     4.550     0.060     1.000         0
    4.895     4.650     0.060     1.000         0
    5.110     4.754     0.060     1.000         0
    5.321     4.856     0.060     1.000         0
    5.560     4.959     0.060     1.000         0
    5.775     5.076     0.060     1.000         0
    5.990     5.181     0.060     1.000         0
    6.205     5.293     0.060     1.000         0
    6.419     5.402     0.060     1.000         0
    6.659     5.528     0.060     1.000         0
    6.870     5.639     0.060     1.000         0
    7.085     5.751     0.060     1.000         0
    7.300     5.864     0.060     1.000         0
    7.511     5.975     0.060     1.000         0
    7.752     6.102     0.060     1.000         0
    7.965     6.218     0.060     1.000         0
    8.180     6.334     0.060     1.000         0
    8.395     6.431     0.060     2.000         0
    8.606     6.498     0.060     2.000         0
    8.838     6.567     0.060     2.000         0
    9.052     6.635     0.060     2.000         0
    9.267     6.699     0.060     2.000         0
    9.478     6.762     0.060     2.000         0
    9.719     6.817     0.060     2.000         0
    9.934     6.893     0.060     2.000         0
   10.149     6.961     0.060     2.000         0
   10.362     7.025     0.060     2.000         0
   10.599     7.095     0.060     2.000         0
   10.814     7.159     0.060     2.000         0
   11.029     7.223     0.060     2.000         0
   11.244     7.271     0.060     2.000         0
   11.458     7.335     0.060     2.000         0
   11.694     7.405     0.060     2.000         0
   11.909     7.473     0.060     2.000         0
   12.124     7.537     0.060     2.000         0
   12.339     7.602     0.060     2.000         0
   12.579     7.673     0.060     2.000         0
   12.790     7.732     0.060     2.000         0
   13.004     7.812     0.060     2.000         0
   13.236     7.881     0.060     2.000         0
   13.451     7.937     0.060     2.000         0
   13.905     8.037     0.060     3.000         0
   14.116     8.085     0.060     3.000         0
   14.331     8.125     0.060     3.000         0
   14.571     8.171     0.060     3.000         0
   14.786     8.211     0.060     3.000         0
   15.001     8.252     0.060     3.000         0
   15.238     8.297     0.060     3.000         0
   15.452     8.337     0.060     3.000         0
   15.683     8.373     0.060     3.000         0
   11.694     7.709     0.060     4.000         0
   11.909     7.755     0.060     4.000         0
   12.124     7.793     0.060     4.000         0
   12.339     7.831     0.060     4.000         0
   12.579     7.857     0.060     4.000         0
   12.790     7.899     0.060     4.000         0
   13.004     7.948     0.060     4.000         0
   13.236     7.981     0.060     4.000         0
   13.451     8.011     0.060     4.000         0
   13.666     8.053     0.060     4.000         0
   13.905     8.091     0.060     4.000         0
   14.116     8.137     0.060     4.000         0
   14.331     8.179     0.060     4.000         0
   14.571     8.226     0.060     4.000         0
   14.786     8.264     0.060     4.000         0
   15.001     8.303     0.060     4.000         0
   15.238     8.353     0.060     4.000         0
   15.452     8.395     0.060     4.000         0
   15.683     8.445     0.060     4.000         0
   15.895     8.486     0.060     4.000         0
   16.135     8.534     0.060     4.000         0
   16.350     8.576     0.060     4.000         0
   16.564     8.614     0.060     4.000         0
   16.804     8.665     0.060     4.000         0
   17.019     8.715     0.060     4.000         0
   17.259     8.755     0.060     4.000         0
   16.135     8.421     0.060     5.000         0
   16.350     8.435     0.060     5.000         0
   16.564     8.466     0.060     5.000         0
   16.804     8.486     0.060     5.000         0
   17.019     8.489     0.060     5.000         0
   17.259     8.517     0.060     5.000         0
   17.474     8.523     0.060     5.000         0
   17.685     8.536     0.060     5.000         0
   17.924     8.563     0.060     5.000         0
   18.139     8.577     0.060     5.000         0
   18.354     8.594     0.060     5.000         0
   18.569     8.608     0.060     5.000         0
   18.797     8.606     0.060     5.000         0
   19.011     8.620     0.060     5.000         0
   19.226     8.641     0.060     5.000         0
   19.441     8.673     0.060     5.000         0
   19.681     8.685     0.060     5.000         0
   19.892     8.709     0.060     5.000         0
   20.107     8.733     0.060     5.000         0
   20.321     8.770     0.060     5.000         0
   20.536     8.798     0.060     5.000         0
   20.772     8.817     0.060     5.000         0
   20.987     8.859     0.060     5.000         0
   21.202     8.876     0.060     5.000         0
   21.416     8.918     0.060     5.000         0
   21.631     8.960     0.060     5.000         0
   21.871     8.990     0.060     5.000         0
   22.082     9.027     0.060     5.000         0
   22.297     9.061     0.060     5.000         0
   22.512     9.098     0.060     5.000         0
   22.723     9.120     0.060     5.000         0
   22.937     9.157     0.060     5.000         0
   23.152     9.192     0.060     5.000         0
   23.384     9.234     0.060     5.000         0
   23.599     9.273     0.060     5.000         0
   23.812     9.300     0.060     5.000         0
   24.024     9.342     0.060     5.000         0
   24.238     9.377     0.060     5.000         0
   24.475     9.407     0.060     5.000         0
   24.690     9.434     0.060     5.000         0
   24.909     9.478     0.060     5.000         0
   25.120     9.504     0.060     5.000         0
   25.333     9.539     0.060     5.000         0
   25.545     9.573     0.060     5.000         0
   25.785     9.612     0.060     5.000         0
   26.000     9.647     0.060     5.000         0
   26.215     9.698     0.060     5.000         0
   26.428     9.725     0.060     5.000         0
   26.640     9.758     0.060     5.000         0
   26.854     9.788     0.060     5.000         0
   27.069     9.825     0.060     5.000         0
   27.284     9.867     0.060     5.000         0
   27.495     9.888     0.060     5.000         0
   27.710     9.934     0.060     5.000         0
   27.924     9.952     0.060     5.000         0
   28.139     9.986     0.060     5.000         0
   28.375    10.023     0.060     5.000         0
   28.594    10.065     0.060     5.000         0
   28.805    10.101     0.060     5.000         0
   29.019    10.125     0.060     5.000         0
   29.234    10.158     0.060     5.000         0
   29.449    10.170     0.060     5.000         0
   29.664    10.199     0.060     5.000         0
   29.875    10.243     0.060     5.000         0
   30.090    10.271     0.060     5.000         0
   30.303    10.299     0.060     5.000         0
   30.515    10.327     0.060     5.000         0
   30.729    10.340     0.060     5.000         0
   30.944    10.384     0.060     5.000         0
   31.156    10.396     0.060     5.000         0
   31.370    10.424     0.060     5.000         0
   31.584    10.457     0.060     5.000         0
   31.799    10.489     0.060     5.000         0
   32.014    10.525     0.060     5.000         0
   32.229    10.546     0.060     5.000         0
   32.415    10.559     0.060     5.000         0
   32.629    10.583     0.060     5.000         0
   32.843    10.607     0.060     5.000         0
   33.058    10.647     0.060     5.000         0
   33.269    10.670     0.060     5.000         0
   33.484    10.695     0.060     5.000         0
   33.699    10.703     0.060     5.000         0
   33.885    10.727     0.060     5.000         0
   34.098    10.763     0.060     5.000         0
   34.313    10.787     0.060     5.000         0
   34.528    10.812     0.060     5.000         0
   34.739    10.819     0.060     5.000         0
   34.929    10.848     0.060     5.000         0
   35.144    10.874     0.060     5.000         0
   35.357    10.880     0.060     5.000         0
   35.572    10.910     0.060     5.000         0
   35.767    10.911     0.060     5.000         0
   35.981    10.937     0.060     5.000         0
   36.193    10.962     0.060     5.000         0
   36.408    10.980     0.060     5.000         0
   36.621    10.998     0.060     5.000         0
   36.836    11.016     0.060     5.000         0
   37.051    11.026     0.060     5.000         0
   37.237    11.048     0.060     5.000         0
   37.452    11.064     0.060     5.000         0
   37.666    11.063     0.060     5.000         0
   37.855    11.093     0.060     5.000         0
   38.066    11.101     0.060     5.000         0
   38.281    11.120     0.060     5.000         0
   38.470    11.136     0.060     5.000         0
   38.685    11.175     0.060     5.000         0
   38.896    11.182     0.060     5.000         0
   39.093    11.211     0.060     5.000         0
   39.308    11.226     0.060     5.000         0
   39.497    11.246     0.060     5.000         0
   39.709    11.269     0.060     5.000         0
   39.924    11.292     0.060     5.000         0
   40.113    11.313     0.060     5.000         0
   40.324    11.351     0.060     5.000         0
   40.538    11.358     0.060     5.000         0
   40.753    11.397     0.060     5.000         0
   40.942    11.417     0.060     5.000         0
   41.153    11.440     0.060     5.000         0
   41.368    11.463     0.060     5.000         0
   41.582    11.478     0.060     5.000         0
   41.771    11.503     0.060     5.000         0
   41.983    11.530     0.060     5.000         0
   42.197    11.537     0.060     5.000         0
   42.412    11.560     0.060     5.000         0
   42.607    11.582     0.060     5.000         0
   42.824    11.605     0.060     5.000         0
   43.035    11.628     0.060     5.000         0
   43.250    11.659     0.060     5.000         0
   43.439    11.694     0.060     5.000         0
   43.650    11.724     0.060     5.000         0
   43.840    11.751     0.060     5.000         0
   44.054    11.765     0.060     5.000         0
   44.268    11.811     0.060     5.000         0
   44.480    11.825     0.060     5.000         0
   44.669    11.868     0.060     5.000         0
   44.884    11.883     0.060     5.000         0
   45.099    11.913     0.060     5.000         0
   45.310    11.951     0.060     5.000         0
   45.507    11.977     0.060     5.000         0
   45.722    12.029     0.060     5.000         0
   45.936    12.066     0.060     5.000         0
   46.151    12.087     0.060     5.000         0
   46.337    12.135     0.060     5.000         0
   46.551    12.155     0.060     5.000         0
   46.765    12.208     0.060     5.000         0
   46.955    12.224     0.060     5.000         0
   47.166    12.260     0.060     5.000         0
   47.381    12.305     0.060     5.000         0
    0.000    -1.000     0.000         0
   -8.198     6.267     0.060     1.000         0
   -7.983     6.147     0.060     1.000         0
   -7.771     6.022     0.060     1.000         0
   -7.556     5.906     0.060     1.000         0
   -7.316     5.777     0.060     1.000         0
   -7.102     5.662     0.060     1.000         0
   -6.888     5.543     0.060     1.000         0
   -6.676     5.421     0.060     1.000         0
   -6.461     5.317     0.060     1.000         0
   -6.229     5.204     0.060     1.000         0
   -6.016     5.092     0.060     1.000         0
   -5.804     4.988     0.060     1.000         0
   -5.589     4.884     0.060     1.000         0
   -5.374     4.779     0.060     1.000         0
   -5.134     4.670     0.060     1.000         0
   -4.919     4.581     0.060     1.000         0
   -4.707     4.517     0.060     1.000         0
   -4.494     4.421     0.060     1.000         0
   -4.253     4.330     0.060     1.000         0
   -4.039     4.265     0.060     1.000         0
   -3.824     4.184     0.060     1.000         0
   -3.612     4.105     0.060     1.000         0
   -3.398     4.016     0.060     1.000         0
   -3.158     3.949     0.060     1.000         0
   -2.944     3.913     0.060     1.000         0
   -2.732     3.861     0.060     1.000         0
   -2.517     3.796     0.060     1.000         0
   -2.303     3.740     0.060     1.000         0
   -2.072     3.683     0.060     1.000         0
   -1.860     3.631     0.060     1.000         0
   -1.643     3.582     0.060     1.000         0
   -1.431     3.534     0.060     1.000         0
   -1.217     3.505     0.060     1.000         0
   -0.978     3.469     0.060     1.000         0
   -0.765     3.448     0.060     1.000         0
   -0.552     3.423     0.060     1.000         0
  -12.356     7.616     0.060     2.000         0
  -12.143     7.543     0.060     2.000         0
  -11.931     7.478     0.060     2.000         0
  -11.699     7.407     0.060     2.000         0
  -11.484     7.342     0.060     2.000         0
  -11.269     7.276     0.060     2.000         0
  -11.030     7.203     0.060     2.000         0
  -10.819     7.139     0.060     2.000         0
  -10.604     7.073     0.060     2.000         0
  -10.389     7.023     0.060     2.000         0
  -10.148     6.949     0.060     2.000         0
   -9.934     6.884     0.060     2.000         0
   -9.722     6.803     0.060     2.000         0
   -9.508     6.738     0.060     2.000         0
   -9.293     6.672     0.060     2.000         0
   -9.053     6.599     0.060     2.000         0
   -8.842     6.534     0.060     2.000         0
   -8.627     6.469     0.060     2.000         0
   -8.413     6.419     0.060     2.000         0
   -8.198     6.345     0.060     2.000         0
  -17.329     8.675     0.060     3.000         0
  -17.116     8.637     0.060     3.000         0
  -16.904     8.591     0.060     3.000         0
  -16.689     8.537     0.060     3.000         0
  -16.449     8.493     0.060     3.000         0
  -16.234     8.431     0.060     3.000         0
  -16.022     8.402     0.060     3.000         0
  -15.805     8.355     0.060     3.000         0
  -15.594     8.294     0.060     3.000         0
  -15.379     8.263     0.060     3.000         0
  -15.164     8.217     0.060     3.000         0
  -14.952     8.172     0.060     3.000         0
  -14.737     8.109     0.060     3.000         0
  -14.523     8.071     0.060     3.000         0
  -14.308     8.029     0.060     3.000         0
  -14.093     7.983     0.060     3.000         0
  -13.882     7.938     0.060     3.000         0
  -13.667     7.896     0.060     3.000         0
  -13.453     7.850     0.060     3.000         0
  -13.213     7.798     0.060     3.000         0
  -12.998     7.752     0.060     3.000         0
  -12.786     7.706     0.060     3.000         0
  -12.571     7.652     0.060     3.000         0
  -20.301     9.413     0.060     4.000         0
  -20.086     9.371     0.060     4.000         0
  -19.871     9.322     0.060     4.000         0
  -19.657     9.272     0.060     4.000         0
  -19.446     9.223     0.060     4.000         0
  -19.231     9.173     0.060     4.000         0
  -19.041     9.129     0.060     4.000         0
  -18.826     9.063     0.060     4.000         0
  -18.615     9.030     0.060     4.000         0
  -18.401     8.964     0.060     4.000         0
  -18.186     8.930     0.060     4.000         0
  -17.971     8.864     0.060     4.000         0
  -17.759     8.823     0.060     4.000         0
  -17.544     8.770     0.060     4.000         0
  -17.329     8.726     0.060     4.000         0
  -17.116     8.697     0.060     4.000         0
  -16.904     8.653     0.060     4.000         0
  -16.689     8.600     0.060     4.000         0
  -16.449     8.568     0.060     4.000         0
  -16.234     8.538     0.060     4.000         0
  -16.022     8.517     0.060     4.000         0
  -15.805     8.487     0.060     4.000         0
  -15.594     8.462     0.060     4.000         0
  -15.379     8.452     0.060     4.000         0
  -15.164     8.427     0.060     4.000         0
  -14.952     8.386     0.060     4.000         0
  -14.737     8.360     0.060     4.000         0
  -14.523     8.334     0.060     4.000         0
  -14.308     8.309     0.060     4.000         0
  -14.093     8.299     0.060     4.000         0
  -13.882     8.274     0.060     4.000         0
  -13.667     8.240     0.060     4.000         0
  -35.459    11.080     0.060     5.000         0
  -35.261    11.059     0.060     5.000         0
  -35.071    11.032     0.060     5.000         0
  -34.885    11.006     0.060     5.000         0
  -34.712    10.965     0.060     5.000         0
  -34.522    10.946     0.060     5.000         0
  -34.336    10.919     0.060     5.000         0
  -34.173    10.890     0.060     5.000         0
  -33.975    10.880     0.060     5.000         0
  -33.814    10.843     0.060     5.000         0
  -33.625    10.819     0.060     5.000         0
  -33.426    10.801     0.060     5.000         0
  -33.238    10.769     0.060     5.000         0
  -33.052    10.745     0.060     5.000         0
  -32.837    10.725     0.060     5.000         0
  -32.647    10.696     0.060     5.000         0
  -32.457    10.682     0.060     5.000         0
  -32.242    10.637     0.060     5.000         0
  -32.045    10.627     0.060     5.000         0
  -31.859    10.602     0.060     5.000         0
  -31.644    10.574     0.060     5.000         0
  -31.454    10.532     0.060     5.000         0
  -31.268    10.507     0.060     5.000         0
  -31.070    10.481     0.060     5.000         0
  -30.856    10.452     0.060     5.000         0
  -30.667    10.435     0.060     5.000         0
  -30.452    10.406     0.060     5.000         0
  -30.266    10.377     0.060     5.000         0
  -30.050    10.353     0.060     5.000         0
  -30.050    10.353     0.060     5.000         0
  -29.649    10.315     0.060     5.000         0
  -29.461    10.286     0.060     5.000         0
  -29.246    10.254     0.060     5.000         0
  -29.048    10.232     0.060     5.000         0
  -28.836    10.200     0.060     5.000         0
  -28.647    10.191     0.060     5.000         0
  -28.433    10.162     0.060     5.000         0
  -28.218    10.134     0.060     5.000         0
  -28.032    10.093     0.060     5.000         0
  -27.817    10.081     0.060     5.000         0
  -27.627    10.056     0.060     5.000         0
  -27.415    10.028     0.060     5.000         0
  -27.217     9.993     0.060     5.000         0
  -27.029     9.975     0.060     5.000         0
  -26.839     9.932     0.060     5.000         0
  -26.624     9.902     0.060     5.000         0
  -26.413     9.880     0.060     5.000         0
  -26.223     9.853     0.060     5.000         0
  -26.009     9.827     0.060     5.000         0
  -25.823     9.805     0.060     5.000         0
  -25.608     9.762     0.060     5.000         0
  -25.393     9.736     0.060     5.000         0
  -25.178     9.693     0.060     5.000         0
  -24.967     9.659     0.060     5.000         0
  -24.768     9.643     0.060     5.000         0
  -24.555     9.592     0.060     5.000         0
  -24.340     9.558     0.060     5.000         0
  -24.128     9.531     0.060     5.000         0
  -23.938     9.505     0.060     5.000         0
  -23.791     9.485     0.060     5.000         0
  -23.599     9.450     0.060     5.000         0
  -23.362     9.416     0.060     5.000         0
  -23.147     9.365     0.060     5.000         0
  -22.961     9.343     0.060     5.000         0
  -22.746     9.307     0.060     5.000         0
  -22.535     9.284     0.060     5.000         0
  -22.345     9.256     0.060     5.000         0
  -22.131     9.229     0.060     5.000         0
  -21.920     9.202     0.060     5.000         0
  -21.730     9.177     0.060     5.000         0
  -21.515     9.150     0.060     5.000         0
  -21.325     9.133     0.060     5.000         0
  -21.114     9.106     0.060     5.000         0
  -20.917     9.073     0.060     5.000         0
  -20.702     9.045     0.060     5.000         0
  -20.487     9.018     0.060     5.000         0
  -20.301     8.994     0.060     5.000         0
  -20.086     8.966     0.060     5.000         0
  -19.871     8.939     0.060     5.000         0
  -19.657     8.927     0.060     5.000         0
  -19.446     8.884     0.060     5.000         0
  -19.231     8.865     0.060     5.000         0
  -19.041     8.837     0.060     5.000         0
  -18.826     8.818     0.060     5.000         0
  -18.615     8.800     0.060     5.000         0
  -18.401     8.770     0.060     5.000         0
  -18.186     8.747     0.060     5.000         0
  -17.971     8.725     0.060     5.000         0
  -17.759     8.710     0.060     5.000         0
    0.000     0.000     0.000        -1
