    0.000     1.000     0.000         0
    0.341     3.406     0.060     1.000         0
    0.143     3.389     0.060     1.000         0
    0.123     3.395     0.060     1.000         0
    0.335     3.405     0.060     1.000         0
    0.549     3.432     0.060     1.000         0
    0.764     3.459     0.060     1.000         0
    0.979     3.501     0.060     1.000         0
    1.192     3.512     0.060     1.000         0
    1.427     3.541     0.060     1.000         0
    1.642     3.576     0.060     1.000         0
    1.857     3.632     0.060     1.000         0
    2.072     3.712     0.060     1.000         0
    2.313     3.783     0.060     1.000         0
    2.523     3.845     0.060     1.000         0
    2.737     3.909     0.060     1.000         0
    2.968     3.977     0.060     1.000         0
    3.184     4.025     0.060     1.000         0
    3.399     4.089     0.060     1.000         0
    3.638     4.168     0.060     1.000         0
    3.848     4.256     0.060     1.000         0
    4.063     4.354     0.060     1.000         0
    4.304     4.481     0.060     1.000         0
    4.519     4.579     0.060     1.000         0
    4.734     4.677     0.060     1.000         0
    4.970     4.769     0.060     1.000         0
    5.184     4.867     0.060     1.000         0
    5.416     4.977     0.060     1.000         0
    5.627     5.082     0.060     1.000         0
    5.867     5.188     0.060     1.000         0
    6.082     5.310     0.060     1.000         0
    6.296     5.420     0.060     1.000         0
    6.536     5.535     0.060     1.000         0
    6.751     5.653     0.060     1.000         0
    6.991     5.777     0.060     1.000         0
    7.206     5.891     0.060     1.000         0
    7.417     6.007     0.060     1.000         0
    7.656     6.134     0.060     1.000         0
    7.871     6.248     0.060     1.000         0
    8.086     6.366     0.060     1.000         0
    8.743     6.584     0.060     2.000         0
    8.958     6.651     0.060     2.000         0
    9.173     6.718     0.060     2.000         0
    9.413     6.777     0.060     2.000         0
    9.624     6.843     0.060     2.000         0
    9.839     6.909     0.060     2.000         0
   10.053     6.980     0.060     2.000         0
   10.268     7.055     0.060     2.000         0
   10.504     7.132     0.060     2.000         0
   10.719     7.199     0.060     2.000         0
   10.934     7.258     0.060     2.000         0
   11.603     7.362     0.060     3.000         0
   11.814     7.406     0.060     3.000         0
   12.029     7.458     0.060     3.000         0
   12.244     7.503     0.060     3.000         0
   12.455     7.547     0.060     3.000         0
   12.669     7.576     0.060     3.000         0
   12.884     7.636     0.060     3.000         0
   13.116     7.685     0.060     3.000         0
   13.331     7.729     0.060     3.000         0
   13.544     7.763     0.060     3.000         0
   13.756     7.821     0.060     3.000         0
   13.970     7.864     0.060     3.000         0
   14.207     7.903     0.060     3.000         0
   14.422     7.946     0.060     3.000         0
   14.641     7.983     0.060     3.000         0
   14.852     8.017     0.060     3.000         0
   15.065     8.053     0.060     3.000         0
   15.277     8.088     0.060     3.000         0
   15.517     8.128     0.060     3.000         0
   15.732     8.163     0.060     3.000         0
   15.947     8.199     0.060     3.000         0
   16.160     8.234     0.060     3.000         0
   16.371     8.269     0.060     3.000         0
   16.586     8.288     0.060     3.000         0
   16.801     8.324     0.060     3.000         0
   17.016     8.360     0.060     3.000         0
   17.227     8.395     0.060     3.000         0
   17.442     8.430     0.060     3.000         0
   17.656     8.465     0.060     3.000         0
   17.871     8.501     0.060     3.000         0
   18.107     8.556     0.060     3.000         0
   18.326     8.576     0.060     3.000         0
   18.537     8.627     0.060     3.000         0
   18.751     8.655     0.060     3.000         0
   18.966     8.694     0.060     3.000         0
   19.181     8.726     0.060     3.000         0
   15.277     8.205     0.060     4.000         0
   15.517     8.236     0.060     4.000         0
   15.732     8.280     0.060     4.000         0
   15.947     8.311     0.060     4.000         0
   16.160     8.343     0.060     4.000         0
   16.371     8.373     0.060     4.000         0
   16.586     8.405     0.060     4.000         0
   16.801     8.436     0.060     4.000         0
   17.016     8.468     0.060     4.000         0
   17.227     8.499     0.060     4.000         0
   17.442     8.518     0.060     4.000         0
   17.656     8.545     0.060     4.000         0
   17.871     8.577     0.060     4.000         0
   18.107     8.611     0.060     4.000         0
   18.326     8.651     0.060     4.000         0
   18.537     8.675     0.060     4.000         0
   18.751     8.707     0.060     4.000         0
   18.966     8.755     0.060     4.000         0
   19.181     8.772     0.060     4.000         0
   19.396     8.804     0.060     4.000         0
   19.607     8.835     0.060     4.000         0
   19.822     8.868     0.060     4.000         0
   20.035     8.899     0.060     4.000         0
   20.246     8.931     0.060     4.000         0
   20.461     8.963     0.060     4.000         0
   20.676     8.995     0.060     4.000         0
   20.887     9.027     0.060     4.000         0
   21.102     9.075     0.060     4.000         0
   21.316     9.099     0.060     4.000         0
   21.531     9.123     0.060     4.000         0
   21.746     9.156     0.060     4.000         0
   21.961     9.188     0.060     4.000         0
   22.147     9.216     0.060     4.000         0
   22.361     9.248     0.060     4.000         0
   22.575     9.296     0.060     4.000         0
   22.790     9.328     0.060     4.000         0
   23.001     9.360     0.060     4.000         0
   23.216     9.392     0.060     4.000         0
   23.431     9.424     0.060     4.000         0
   23.617     9.452     0.060     4.000         0
   23.830     9.476     0.060     4.000         0
   19.607     8.786     0.060     5.000         0
   19.822     8.823     0.060     5.000         0
   20.035     8.851     0.060     5.000         0
   20.246     8.880     0.060     5.000         0
   20.461     8.909     0.060     5.000         0
   20.676     8.938     0.060     5.000         0
   20.887     8.963     0.060     5.000         0
   21.102     8.996     0.060     5.000         0
   21.316     9.025     0.060     5.000         0
   21.531     9.054     0.060     5.000         0
   21.746     9.083     0.060     5.000         0
   21.961     9.100     0.060     5.000         0
   22.147     9.133     0.060     5.000         0
   22.361     9.154     0.060     5.000         0
   22.575     9.183     0.060     5.000         0
   22.790     9.216     0.060     5.000         0
   23.001     9.231     0.060     5.000         0
   23.216     9.266     0.060     5.000         0
   23.431     9.293     0.060     5.000         0
   23.617     9.313     0.060     5.000         0
   23.830     9.320     0.060     5.000         0
   24.045     9.359     0.060     5.000         0
   24.260     9.383     0.060     5.000         0
   24.471     9.389     0.060     5.000         0
   24.661     9.414     0.060     5.000         0
   24.876     9.437     0.060     5.000         0
   25.089     9.464     0.060     5.000         0
   25.304     9.491     0.060     5.000         0
   25.499     9.516     0.060     5.000         0
   25.713     9.523     0.060     5.000         0
   25.925     9.546     0.060     5.000         0
   26.139     9.585     0.060     5.000         0
   26.353     9.608     0.060     5.000         0
   26.568     9.632     0.060     5.000         0
   26.783     9.639     0.060     5.000         0
   26.969     9.667     0.060     5.000         0
   27.184     9.699     0.060     5.000         0
   27.398     9.723     0.060     5.000         0
   27.587     9.744     0.060     5.000         0
   27.798     9.751     0.060     5.000         0
   28.013     9.775     0.060     5.000         0
   28.202     9.796     0.060     5.000         0
   28.417     9.820     0.060     5.000         0
   28.628     9.859     0.060     5.000         0
   28.825     9.869     0.060     5.000         0
   29.040     9.905     0.060     5.000         0
   29.229     9.910     0.060     5.000         0
   29.441     9.950     0.060     5.000         0
   29.655     9.958     0.060     5.000         0
   29.845     9.983     0.060     5.000         0
   30.056    10.018     0.060     5.000         0
   30.270    10.034     0.060     5.000         0
   30.485    10.063     0.060     5.000         0
   30.674    10.096     0.060     5.000         0
   30.885    10.133     0.060     5.000         0
   31.100    10.171     0.060     5.000         0
   31.314    10.224     0.060     5.000         0
   31.503    10.257     0.060     5.000         0
   31.714    10.278     0.060     5.000         0
   31.929    10.323     0.060     5.000         0
   32.144    10.352     0.060     5.000         0
   32.338    10.394     0.060     5.000         0
   32.556    10.436     0.060     5.000         0
   32.767    10.469     0.060     5.000         0
   32.982    10.510     0.060     5.000         0
   33.171    10.539     0.060     5.000         0
   33.382    10.580     0.060     5.000         0
   33.572    10.609     0.060     5.000         0
   33.786    10.644     0.060     5.000         0
   34.000    10.663     0.060     5.000         0
   34.212    10.698     0.060     5.000         0
   34.401    10.722     0.060     5.000         0
   34.616    10.749     0.060     5.000         0
   34.831    10.772     0.060     5.000         0
   35.042    10.787     0.060     5.000         0
   35.239    10.828     0.060     5.000         0
   35.453    10.847     0.060     5.000         0
   35.668    10.875     0.060     5.000         0
   35.883    10.910     0.060     5.000         0
   36.069    10.957     0.060     5.000         0
   36.283    10.977     0.060     5.000         0
   36.497    11.013     0.060     5.000         0
   36.687    11.044     0.060     5.000         0
   36.898    11.083     0.060     5.000         0
   37.113    11.131     0.060     5.000         0
   37.299    11.162     0.060     5.000         0
   37.514    11.198     0.060     5.000         0
   37.702    11.229     0.060     5.000         0
   37.917    11.249     0.060     5.000         0
   38.128    11.288     0.060     5.000         0
   38.326    11.333     0.060     5.000         0
   38.541    11.353     0.060     5.000         0
   38.754    11.396     0.060     5.000         0
   38.944    11.426     0.060     5.000         0
   39.155    11.450     0.060     5.000         0
   39.370    11.458     0.060     5.000         0
   39.559    11.495     0.060     5.000         0
   39.770    11.503     0.060     5.000         0
   39.960    11.525     0.060     5.000         0
   40.173    11.565     0.060     5.000         0
   40.385    11.585     0.060     5.000         0
   40.582    11.604     0.060     5.000         0
   40.797    11.636     0.060     5.000         0
   40.987    11.650     0.060     5.000         0
   41.200    11.649     0.060     5.000         0
   41.411    11.656     0.060     5.000         0
   41.601    11.662     0.060     5.000         0
   41.816    11.669     0.060     5.000         0
   42.002    11.691     0.060     5.000         0
   42.216    11.698     0.060     5.000         0
   42.406    11.688     0.060     5.000         0
   42.619    11.695     0.060     5.000         0
   42.831    11.718     0.060     5.000         0
   43.029    11.725     0.060     5.000         0
   43.243    11.716     0.060     5.000         0
   43.429    11.738     0.060     5.000         0
   43.644    11.729     0.060     5.000         0
   43.858    11.736     0.060     5.000         0
   44.047    11.750     0.060     5.000         0
   44.262    11.780     0.060     5.000         0
   44.477    11.801     0.060     5.000         0
   44.688    11.822     0.060     5.000         0
   44.877    11.840     0.060     5.000         0
   45.091    11.854     0.060     5.000         0
   45.302    11.866     0.060     5.000         0
   45.517    11.888     0.060     5.000         0
   45.732    11.909     0.060     5.000         0
   45.929    11.944     0.060     5.000         0
   46.141    11.965     0.060     5.000         0
   46.354    11.970     0.060     5.000         0
   46.569    11.996     0.060     5.000         0
   46.784    12.029     0.060     5.000         0
   46.995    12.034     0.060     5.000         0
   47.210    12.055     0.060     5.000         0
   47.425    12.092     0.060     5.000         0
   47.638    12.105     0.060     5.000         0
   47.853    12.137     0.060     5.000         0
   48.064    12.160     0.060     5.000         0
   48.253    12.188     0.060     5.000         0
   48.494    12.240     0.060     5.000         0
   48.705    12.271     0.060     5.000         0
   48.918    12.303     0.060     5.000         0
   49.133    12.335     0.060     5.000         0
   49.348    12.367     0.060     5.000         0
   49.563    12.398     0.060     5.000         0
   49.774    12.418     0.060     5.000         0
   49.963    12.450     0.060     5.000         0
   50.177    12.481     0.060     5.000         0
   50.392    12.509     0.060     5.000         0
   50.603    12.544     0.060     5.000         0
   50.818    12.585     0.060     5.000         0
   51.032    12.606     0.060     5.000         0
   51.246    12.651     0.060     5.000         0
   51.457    12.667     0.060     5.000         0
   51.672    12.716     0.060     5.000         0
   51.887    12.749     0.060     5.000         0
   52.101    12.765     0.060     5.000         0
   52.316    12.802     0.060     5.000         0
   52.530    12.847     0.060     5.000         0
   52.741    12.871     0.060     5.000         0
   52.981    12.899     0.060     5.000         0
   53.196    12.931     0.060     5.000         0
   53.385    12.959     0.060     5.000         0
   53.622    12.995     0.060     5.000         0
   53.835    13.027     0.060     5.000         0
   54.050    13.059     0.060     5.000         0
   54.261    13.091     0.060     5.000         0
   54.476    13.139     0.060     5.000         0
   54.691    13.155     0.060     5.000         0
   54.905    13.187     0.060     5.000         0
   55.116    13.235     0.060     5.000         0
   55.330    13.259     0.060     5.000         0
   55.545    13.291     0.060     5.000         0
   55.760    13.331     0.060     5.000         0
   55.991    13.350     0.060     5.000         0
   56.202    13.389     0.060     5.000         0
   56.416    13.417     0.060     5.000         0
   56.631    13.453     0.060     5.000         0
   56.871    13.468     0.060     5.000         0
   57.086    13.496     0.060     5.000         0
   57.300    13.539     0.060     5.000         0
   57.511    13.567     0.060     5.000         0
   57.725    13.578     0.060     5.000         0
   57.940    13.622     0.060     5.000         0
   58.180    13.653     0.060     5.000         0
   58.391    13.681     0.060     5.000         0
   58.606    13.693     0.060     5.000         0
   58.819    13.724     0.060     5.000         0
   59.059    13.751     0.060     5.000         0
   59.274    13.795     0.060     5.000         0
   59.485    13.822     0.060     5.000         0
   59.700    13.834     0.060     5.000         0
   59.932    13.880     0.060     5.000         0
   60.145    13.892     0.060     5.000         0
   60.356    13.927     0.060     5.000         0
   60.596    13.966     0.060     5.000         0
   60.811    13.993     0.060     5.000         0
   61.026    14.020     0.060     5.000         0
   61.265    14.050     0.060     5.000         0
   61.479    14.077     0.060     5.000         0
   61.690    14.088     0.060     5.000         0
   61.931    14.119     0.060     5.000         0
   62.145    14.162     0.060     5.000         0
   62.360    14.173     0.060     5.000         0
   62.599    14.207     0.060     5.000         0
   62.810    14.230     0.060     5.000         0
   63.025    14.273     0.060     5.000         0
   63.239    14.284     0.060     5.000         0
   63.471    14.330     0.060     5.000         0
   63.682    14.356     0.060     5.000         0
   63.896    14.383     0.060     5.000         0
   64.136    14.398     0.060     5.000         0
   64.351    14.433     0.060     5.000         0
    0.000    -1.000     0.000         0
   -8.222     6.292     0.060     1.000         0
   -8.011     6.187     0.060     1.000         0
   -7.796     6.073     0.060     1.000         0
   -7.555     5.954     0.060     1.000         0
   -7.342     5.848     0.060     1.000         0
   -7.130     5.759     0.060     1.000         0
   -6.915     5.653     0.060     1.000         0
   -6.700     5.546     0.060     1.000         0
   -6.486     5.440     0.060     1.000         0
   -6.272     5.326     0.060     1.000         0
   -6.035     5.209     0.060     1.000         0
   -5.820     5.102     0.060     1.000         0
   -5.605     5.003     0.060     1.000         0
   -5.373     4.897     0.060     1.000         0
   -5.159     4.799     0.060     1.000         0
   -4.947     4.717     0.060     1.000         0
   -4.708     4.592     0.060     1.000         0
   -4.493     4.493     0.060     1.000         0
   -4.278     4.394     0.060     1.000         0
   -4.064     4.296     0.060     1.000         0
   -3.850     4.206     0.060     1.000         0
   -3.610     4.135     0.060     1.000         0
   -3.398     4.096     0.060     1.000         0
   -3.183     4.027     0.060     1.000         0
   -2.969     3.967     0.060     1.000         0
   -2.757     3.928     0.060     1.000         0
   -2.517     3.865     0.060     1.000         0
   -2.303     3.809     0.060     1.000         0
   -2.089     3.753     0.060     1.000         0
   -1.874     3.697     0.060     1.000         0
   -1.662     3.625     0.060     1.000         0
   -1.431     3.573     0.060     1.000         0
   -1.217     3.535     0.060     1.000         0
   -1.003     3.505     0.060     1.000         0
   -0.791     3.475     0.060     1.000         0
   -0.552     3.458     0.060     1.000         0
  -12.339     7.628     0.060     2.000         0
  -12.127     7.566     0.060     2.000         0
  -11.909     7.491     0.060     2.000         0
  -11.698     7.426     0.060     2.000         0
  -11.483     7.359     0.060     2.000         0
  -11.243     7.297     0.060     2.000         0
  -11.029     7.231     0.060     2.000         0
  -10.817     7.165     0.060     2.000         0
  -10.602     7.099     0.060     2.000         0
  -10.387     7.028     0.060     2.000         0
  -10.172     6.958     0.060     2.000         0
   -9.935     6.877     0.060     2.000         0
   -9.722     6.811     0.060     2.000         0
   -9.507     6.760     0.060     2.000         0
   -9.292     6.694     0.060     2.000         0
   -9.077     6.627     0.060     2.000         0
   -8.866     6.562     0.060     2.000         0
   -8.652     6.496     0.060     2.000         0
   -8.437     6.422     0.060     2.000         0
  -17.824     8.861     0.060     3.000         0
  -17.584     8.805     0.060     3.000         0
  -17.370     8.756     0.060     3.000         0
  -17.155     8.686     0.060     3.000         0
  -16.944     8.641     0.060     3.000         0
  -16.729     8.593     0.060     3.000         0
  -16.497     8.548     0.060     3.000         0
  -16.283     8.491     0.060     3.000         0
  -16.072     8.460     0.060     3.000         0
  -15.857     8.395     0.060     3.000         0
  -15.642     8.346     0.060     3.000         0
  -15.402     8.295     0.060     3.000         0
  -15.187     8.259     0.060     3.000         0
  -14.975     8.199     0.060     3.000         0
  -14.761     8.162     0.060     3.000         0
  -14.521     8.107     0.060     3.000         0
  -14.306     8.059     0.060     3.000         0
  -14.091     8.010     0.060     3.000         0
  -13.880     7.962     0.060     3.000         0
  -13.666     7.913     0.060     3.000         0
  -13.426     7.859     0.060     3.000         0
  -13.211     7.794     0.060     3.000         0
  -12.999     7.746     0.060     3.000         0
  -12.784     7.713     0.060     3.000         0
  -12.570     7.657     0.060     3.000         0
  -23.721    10.118     0.060     4.000         0
  -23.481    10.061     0.060     4.000         0
  -23.266    10.033     0.060     4.000         0
  -23.054     9.978     0.060     4.000         0
  -22.839     9.934     0.060     4.000         0
  -22.624     9.902     0.060     4.000         0
  -22.411     9.859     0.060     4.000         0
  -22.199     9.816     0.060     4.000         0
  -21.967     9.768     0.060     4.000         0
  -21.752     9.708     0.060     4.000         0
  -21.537     9.665     0.060     4.000         0
  -21.298     9.628     0.060     4.000         0
  -21.087     9.589     0.060     4.000         0
  -20.872     9.529     0.060     4.000         0
  -20.657     9.485     0.060     4.000         0
  -20.416     9.436     0.060     4.000         0
  -20.201     9.392     0.060     4.000         0
  -19.990     9.349     0.060     4.000         0
  -19.776     9.313     0.060     4.000         0
  -19.561     9.266     0.060     4.000         0
  -19.321     9.223     0.060     4.000         0
  -19.110     9.185     0.060     4.000         0
  -18.895     9.162     0.060     4.000         0
  -18.681     9.123     0.060     4.000         0
  -18.466     9.084     0.060     4.000         0
  -18.251     9.041     0.060     4.000         0
  -18.039     8.990     0.060     4.000         0
  -17.824     8.955     0.060     4.000         0
  -17.584     8.916     0.060     4.000         0
  -17.370     8.883     0.060     4.000         0
  -17.155     8.838     0.060     4.000         0
  -16.944     8.801     0.060     4.000         0
  -16.729     8.744     0.060     4.000         0
  -16.497     8.700     0.060     4.000         0
  -16.283     8.659     0.060     4.000         0
  -16.072     8.618     0.060     4.000         0
  -15.857     8.577     0.060     4.000         0
  -15.642     8.536     0.060     4.000         0
  -15.402     8.490     0.060     4.000         0
  -15.187     8.465     0.060     4.000         0
  -14.975     8.416     0.060     4.000         0
  -14.761     8.367     0.060     4.000         0
  -14.521     8.337     0.060     4.000         0
  -14.306     8.280     0.060     4.000         0
  -14.091     8.255     0.060     4.000         0
  -13.880     8.198     0.060     4.000         0
  -13.666     8.173     0.060     4.000         0
  -13.426     8.119     0.060     4.000         0
  -13.211     8.086     0.060     4.000         0
  -12.999     8.038     0.060     4.000         0
  -12.784     7.992     0.060     4.000         0
  -12.570     7.955     0.060     4.000         0
  -12.339     7.915     0.060     4.000         0
  -12.127     7.879     0.060     4.000         0
  -11.909     7.849     0.060     4.000         0
  -11.698     7.804     0.060     4.000         0
  -11.483     7.783     0.060     4.000         0
  -11.243     7.734     0.060     4.000         0
  -45.529    12.143     0.060     5.000         0
  -45.339    12.117     0.060     5.000         0
  -45.153    12.103     0.060     5.000         0
  -44.980    12.086     0.060     5.000         0
  -44.790    12.064     0.060     5.000         0
  -44.604    12.062     0.060     5.000         0
  -44.441    12.047     0.060     5.000         0
  -44.243    12.020     0.060     5.000         0
  -44.082    11.991     0.060     5.000         0
  -43.893    11.971     0.060     5.000         0
  -43.694    11.941     0.060     5.000         0
  -43.506    11.933     0.060     5.000         0
  -43.320    11.893     0.060     5.000         0
  -43.105    11.869     0.060     5.000         0
  -42.915    11.856     0.060     5.000         0
  -42.725    11.824     0.060     5.000         0
  -42.510    11.784     0.060     5.000         0
  -42.313    11.747     0.060     5.000         0
  -42.127    11.716     0.060     5.000         0
  -41.912    11.680     0.060     5.000         0
  -41.722    11.648     0.060     5.000         0
  -41.536    11.625     0.060     5.000         0
  -41.338    11.607     0.060     5.000         0
  -41.124    11.578     0.060     5.000         0
  -40.935    11.553     0.060     5.000         0
  -40.720    11.525     0.060     5.000         0
  -40.534    11.500     0.060     5.000         0
  -40.318    11.471     0.060     5.000         0
  -40.318    11.455     0.060     5.000         0
  -39.917    11.410     0.060     5.000         0
  -39.729    11.390     0.060     5.000         0
  -39.514    11.384     0.060     5.000         0
  -39.316    11.351     0.060     5.000         0
  -39.104    11.333     0.060     5.000         0
  -38.915    11.333     0.060     5.000         0
  -38.701    11.310     0.060     5.000         0
  -38.486    11.284     0.060     5.000         0
  -38.300    11.272     0.060     5.000         0
  -38.085    11.248     0.060     5.000         0
  -37.895    11.220     0.060     5.000         0
  -37.684    11.189     0.060     5.000         0
  -37.485    11.160     0.060     5.000         0
  -37.297    11.121     0.060     5.000         0
  -37.107    11.089     0.060     5.000         0
  -36.892    11.073     0.060     5.000         0
  -36.681    11.043     0.060     5.000         0
  -36.491    10.999     0.060     5.000         0
  -36.277    10.983     0.060     5.000         0
  -36.091    10.940     0.060     5.000         0
  -35.876    10.917     0.060     5.000         0
  -35.661    10.878     0.060     5.000         0
  -35.446    10.840     0.060     5.000         0
  -35.235    10.819     0.060     5.000         0
  -35.036    10.779     0.060     5.000         0
  -34.823    10.741     0.060     5.000         0
  -34.608    10.723     0.060     5.000         0
  -34.396    10.690     0.060     5.000         0
  -34.207    10.652     0.060     5.000         0
  -34.059    10.628     0.060     5.000         0
  -33.867    10.606     0.060     5.000         0
  -33.630    10.568     0.060     5.000         0
  -33.415    10.534     0.060     5.000         0
  -33.229    10.496     0.060     5.000         0
  -33.014    10.470     0.060     5.000         0
  -32.803    10.437     0.060     5.000         0
  -32.613    10.398     0.060     5.000         0
  -32.399    10.364     0.060     5.000         0
  -32.188    10.338     0.060     5.000         0
  -31.998    10.315     0.060     5.000         0
  -31.783    10.288     0.060     5.000         0
  -31.593    10.269     0.060     5.000         0
  -31.382    10.239     0.060     5.000         0
  -31.185    10.215     0.060     5.000         0
  -30.970    10.188     0.060     5.000         0
  -30.755    10.162     0.060     5.000         0
  -30.569    10.139     0.060     5.000         0
  -30.354    10.124     0.060     5.000         0
  -30.139    10.102     0.060     5.000         0
  -29.925    10.060     0.060     5.000         0
  -29.714    10.034     0.060     5.000         0
  -29.499    10.007     0.060     5.000         0
  -29.309     9.992     0.060     5.000         0
  -29.094     9.978     0.060     5.000         0
  -28.883     9.964     0.060     5.000         0
  -28.669     9.947     0.060     5.000         0
  -28.454     9.917     0.060     5.000         0
  -28.239     9.911     0.060     5.000         0
  -28.027     9.877     0.060     5.000         0
  -27.812     9.875     0.060     5.000         0
  -27.597     9.842     0.060     5.000         0
  -27.384     9.840     0.060     5.000         0
  -27.172     9.806     0.060     5.000         0
  -26.957     9.804     0.060     5.000         0
  -26.717     9.780     0.060     5.000         0
  -26.502     9.767     0.060     5.000         0
  -26.290     9.733     0.060     5.000         0
  -26.073     9.715     0.060     5.000         0
  -25.862     9.713     0.060     5.000         0
  -25.647     9.679     0.060     5.000         0
  -25.432     9.670     0.060     5.000         0
  -25.220     9.654     0.060     5.000         0
  -25.005     9.638     0.060     5.000         0
  -24.791     9.614     0.060     5.000         0
  -24.576     9.594     0.060     5.000         0
  -24.361     9.562     0.060     5.000         0
  -24.150     9.543     0.060     5.000         0
  -23.935     9.539     0.060     5.000         0
  -23.721     9.511     0.060     5.000         0
  -23.481     9.497     0.060     5.000         0
  -23.266     9.461     0.060     5.000         0
  -23.054     9.441     0.060     5.000         0
  -22.839     9.437     0.060     5.000         0
  -22.624     9.401     0.060     5.000         0
  -22.411     9.389     0.060     5.000         0
  -22.199     9.366     0.060     5.000         0
  -21.967     9.350     0.060     5.000         0
  -21.752     9.351     0.060     5.000         0
  -21.537     9.335     0.060     5.000         0
  -21.298     9.302     0.060     5.000         0
  -21.087     9.295     0.060     5.000         0
  -20.872     9.260     0.060     5.000         0
  -20.657     9.238     0.060     5.000         0
  -20.416     9.203     0.060     5.000         0
  -20.201     9.193     0.060     5.000         0
  -19.990     9.166     0.060     5.000         0
  -19.776     9.131     0.060     5.000         0
  -19.561     9.101     0.060     5.000         0
  -19.321     9.063     0.060     5.000         0
  -19.110     9.029     0.060     5.000         0
  -18.895     8.998     0.060     5.000         0
  -18.681     8.984     0.060     5.000         0
  -18.466     8.949     0.060     5.000         0
  -18.251     8.915     0.060     5.000         0
    0.000     0.000     0.000        -1
