    0.000     1.000     0.000         0
    0.077     3.408     0.060     1.000         0
    0.143     3.418     0.060     1.000         0
    0.376     3.427     0.060     1.000         0
    0.591     3.446     0.060     1.000         0
    0.806     3.466     0.060     1.000         0
    1.020     3.489     0.060     1.000         0
    1.235     3.512     0.060     1.000         0
    1.475     3.559     0.060     1.000         0
    1.686     3.604     0.060     1.000         0
    1.901     3.633     0.060     1.000         0
    2.116     3.675     0.060     1.000         0
    2.327     3.724     0.060     1.000         0
    2.541     3.791     0.060     1.000         0
    2.756     3.858     0.060     1.000         0
    2.988     3.926     0.060     1.000         0
    3.203     4.006     0.060     1.000         0
    3.416     4.085     0.060     1.000         0
    3.627     4.175     0.060     1.000         0
    3.842     4.259     0.060     1.000         0
    4.079     4.353     0.060     1.000         0
    4.294     4.438     0.060     1.000         0
    4.513     4.528     0.060     1.000         0
    4.724     4.623     0.060     1.000         0
    4.937     4.731     0.060     1.000         0
    5.148     4.854     0.060     1.000         0
    5.389     4.977     0.060     1.000         0
    5.604     5.082     0.060     1.000         0
    5.819     5.187     0.060     1.000         0
    6.032     5.296     0.060     1.000         0
    6.243     5.395     0.060     1.000         0
    6.458     5.497     0.060     1.000         0
    6.673     5.582     0.060     1.000         0
    6.888     5.688     0.060     1.000         0
    7.099     5.800     0.060     1.000         0
    7.314     5.885     0.060     1.000         0
    7.528     5.994     0.060     1.000         0
    7.979     6.254     0.060     2.000         0
    8.198     6.330     0.060     2.000         0
    8.409     6.395     0.060     2.000         0
    8.623     6.469     0.060     2.000         0
    8.838     6.544     0.060     2.000         0
    9.053     6.619     0.060     2.000         0
    9.268     6.698     0.060     2.000         0
    9.479     6.779     0.060     2.000         0
    9.694     6.850     0.060     2.000         0
    9.907     6.921     0.060     2.000         0
   10.118     6.983     0.060     2.000         0
   10.333     7.047     0.060     2.000         0
   10.548     7.111     0.060     2.000         0
   10.759     7.157     0.060     2.000         0
   10.974     7.225     0.060     2.000         0
   11.188     7.296     0.060     2.000         0
   11.403     7.364     0.060     2.000         0
   11.618     7.427     0.060     2.000         0
   11.833     7.483     0.060     2.000         0
   12.447     7.584     0.060     5.000         0
   12.662     7.638     0.060     5.000         0
   12.873     7.665     0.060     5.000         0
   13.088     7.689     0.060     5.000         0
   13.303     7.721     0.060     5.000         0
   13.489     7.745     0.060     5.000         0
   13.702     7.765     0.060     5.000         0
   13.917     7.804     0.060     5.000         0
   14.132     7.834     0.060     5.000         0
   14.343     7.863     0.060     5.000         0
   14.533     7.890     0.060     5.000         0
   14.748     7.920     0.060     5.000         0
   14.961     7.950     0.060     5.000         0
   15.176     7.980     0.060     5.000         0
   15.371     8.008     0.060     5.000         0
   15.585     8.030     0.060     5.000         0
   15.797     8.060     0.060     5.000         0
   16.011     8.073     0.060     5.000         0
   16.225     8.094     0.060     5.000         0
   16.440     8.115     0.060     5.000         0
   16.655     8.136     0.060     5.000         0
   16.841     8.154     0.060     5.000         0
   17.056     8.175     0.060     5.000         0
   17.270     8.196     0.060     5.000         0
   17.459     8.214     0.060     5.000         0
   17.670     8.235     0.060     5.000         0
   17.885     8.268     0.060     5.000         0
   18.074     8.275     0.060     5.000         0
   18.289     8.300     0.060     5.000         0
   18.500     8.324     0.060     5.000         0
   18.697     8.343     0.060     5.000         0
   18.912     8.389     0.060     5.000         0
   19.101     8.399     0.060     5.000         0
   19.313     8.428     0.060     5.000         0
   19.527     8.473     0.060     5.000         0
   19.717     8.484     0.060     5.000         0
   19.928     8.512     0.060     5.000         0
   20.142     8.542     0.060     5.000         0
   20.357     8.571     0.060     5.000         0
   20.546     8.597     0.060     5.000         0
   20.757     8.642     0.060     5.000         0
   20.972     8.656     0.060     5.000         0
   21.186     8.701     0.060     5.000         0
   21.375     8.711     0.060     5.000         0
   21.586     8.752     0.060     5.000         0
   21.801     8.778     0.060     5.000         0
   22.016     8.820     0.060     5.000         0
   22.210     8.854     0.060     5.000         0
   22.428     8.897     0.060     5.000         0
   22.639     8.930     0.060     5.000         0
   22.854     8.956     0.060     5.000         0
   23.043     8.990     0.060     5.000         0
   23.254     9.027     0.060     5.000         0
   23.444     9.073     0.060     5.000         0
   23.658     9.111     0.060     5.000         0
   23.872     9.149     0.060     5.000         0
   24.084     9.174     0.060     5.000         0
   24.273     9.216     0.060     5.000         0
   24.488     9.262     0.060     5.000         0
   24.703     9.284     0.060     5.000         0
   24.914     9.329     0.060     5.000         0
   25.111     9.370     0.060     5.000         0
   25.325     9.406     0.060     5.000         0
   25.540     9.427     0.060     5.000         0
   25.755     9.479     0.060     5.000         0
   25.941     9.494     0.060     5.000         0
   26.155     9.530     0.060     5.000         0
   26.369     9.582     0.060     5.000         0
   26.559     9.614     0.060     5.000         0
   26.770     9.650     0.060     5.000         0
   26.985     9.678     0.060     5.000         0
   27.171     9.709     0.060     5.000         0
   27.386     9.734     0.060     5.000         0
   27.574     9.779     0.060     5.000         0
   27.789     9.809     0.060     5.000         0
   28.000     9.829     0.060     5.000         0
   28.198     9.860     0.060     5.000         0
   28.413     9.893     0.060     5.000         0
   28.626     9.926     0.060     5.000         0
   28.816     9.963     0.060     5.000         0
   29.027     9.996     0.060     5.000         0
   29.242    10.022     0.060     5.000         0
   29.431    10.029     0.060     5.000         0
   29.642    10.063     0.060     5.000         0
   29.832    10.083     0.060     5.000         0
   30.045    10.097     0.060     5.000         0
   30.257    10.095     0.060     5.000         0
   30.454    10.107     0.060     5.000         0
   30.669    10.121     0.060     5.000         0
   30.859    10.134     0.060     5.000         0
   31.072    10.148     0.060     5.000         0
   31.283    10.173     0.060     5.000         0
   31.473    10.182     0.060     5.000         0
   31.688    10.203     0.060     5.000         0
   31.874    10.244     0.060     5.000         0
   32.088    10.256     0.060     5.000         0
   32.278    10.298     0.060     5.000         0
   32.491    10.326     0.060     5.000         0
   32.703    10.354     0.060     5.000         0
   32.901    10.365     0.060     5.000         0
   33.115    10.394     0.060     5.000         0
   33.301    10.434     0.060     5.000         0
   33.516    10.451     0.060     5.000         0
   33.730    10.476     0.060     5.000         0
   33.919    10.501     0.060     5.000         0
   34.134    10.546     0.060     5.000         0
   34.349    10.559     0.060     5.000         0
   34.560    10.603     0.060     5.000         0
   34.749    10.620     0.060     5.000         0
   34.963    10.643     0.060     5.000         0
   35.174    10.649     0.060     5.000         0
   35.389    10.667     0.060     5.000         0
   35.604    10.701     0.060     5.000         0
   35.801    10.702     0.060     5.000         0
   36.013    10.736     0.060     5.000         0
   36.226    10.755     0.060     5.000         0
   36.441    10.757     0.060     5.000         0
   36.656    10.784     0.060     5.000         0
   36.867    10.813     0.060     5.000         0
   37.082    10.836     0.060     5.000         0
   37.296    10.882     0.060     5.000         0
   37.510    10.913     0.060     5.000         0
   37.725    10.927     0.060     5.000         0
   37.936    10.973     0.060     5.000         0
   38.125    10.988     0.060     5.000         0
   38.366    11.018     0.060     5.000         0
   38.577    11.048     0.060     5.000         0
   38.790    11.094     0.060     5.000         0
   39.005    11.124     0.060     5.000         0
   39.220    11.147     0.060     5.000         0
   39.435    11.177     0.060     5.000         0
    0.000    -1.000     0.000         0
   -7.816     6.119     0.060     1.000         0
   -7.605     6.005     0.060     1.000         0
   -7.391     5.897     0.060     1.000         0
   -7.159     5.796     0.060     1.000         0
   -6.944     5.688     0.060     1.000         0
   -6.729     5.571     0.060     1.000         0
   -6.490     5.459     0.060     1.000         0
   -6.279     5.344     0.060     1.000         0
   -6.064     5.232     0.060     1.000         0
   -5.824     5.115     0.060     1.000         0
   -5.609     5.017     0.060     1.000         0
   -5.394     4.944     0.060     1.000         0
   -5.157     4.846     0.060     1.000         0
   -4.944     4.741     0.060     1.000         0
   -4.712     4.645     0.060     1.000         0
   -4.501     4.573     0.060     1.000         0
   -4.260     4.473     0.060     1.000         0
   -4.045     4.384     0.060     1.000         0
   -3.832     4.296     0.060     1.000         0
   -3.591     4.180     0.060     1.000         0
   -3.376     4.090     0.060     1.000         0
   -3.136     3.999     0.060     1.000         0
   -2.921     3.931     0.060     1.000         0
   -2.710     3.856     0.060     1.000         0
   -2.471     3.793     0.060     1.000         0
   -2.256     3.721     0.060     1.000         0
   -2.041     3.677     0.060     1.000         0
   -1.826     3.642     0.060     1.000         0
   -1.598     3.616     0.060     1.000         0
   -1.384     3.573     0.060     1.000         0
   -1.170     3.534     0.060     1.000         0
   -0.955     3.506     0.060     1.000         0
   -0.715     3.487     0.060     1.000         0
   -0.503     3.463     0.060     1.000         0
   -0.289     3.422     0.060     1.000         0
  -12.215     7.482     0.060     2.000         0
  -12.000     7.429     0.060     2.000         0
  -11.789     7.368     0.060     2.000         0
  -11.557     7.324     0.060     2.000         0
  -11.343     7.275     0.060     2.000         0
  -11.128     7.232     0.060     2.000         0
  -10.917     7.190     0.060     2.000         0
  -10.677     7.114     0.060     2.000         0
  -10.462     7.061     0.060     2.000         0
  -10.247     6.997     0.060     2.000         0
  -10.033     6.933     0.060     2.000         0
   -9.796     6.862     0.060     2.000         0
   -9.581     6.797     0.060     2.000         0
   -9.366     6.725     0.060     2.000         0
   -9.151     6.660     0.060     2.000         0
   -8.938     6.579     0.060     2.000         0
   -8.701     6.501     0.060     2.000         0
   -8.486     6.427     0.060     2.000         0
   -8.271     6.357     0.060     2.000         0
   -8.056     6.296     0.060     2.000         0
  -55.854    13.310     0.060     5.000         0
  -55.656    13.277     0.060     5.000         0
  -55.466    13.245     0.060     5.000         0
  -55.281    13.218     0.060     5.000         0
  -55.108    13.200     0.060     5.000         0
  -54.918    13.180     0.060     5.000         0
  -54.732    13.137     0.060     5.000         0
  -54.569    13.116     0.060     5.000         0
  -54.371    13.095     0.060     5.000         0
  -54.210    13.059     0.060     5.000         0
  -54.020    13.047     0.060     5.000         0
  -53.822    13.002     0.060     5.000         0
  -53.633    12.978     0.060     5.000         0
  -53.448    12.947     0.060     5.000         0
  -53.232    12.915     0.060     5.000         0
  -53.043    12.903     0.060     5.000         0
  -52.853    12.859     0.060     5.000         0
  -52.638    12.835     0.060     5.000         0
  -52.441    12.814     0.060     5.000         0
  -52.255    12.787     0.060     5.000         0
  -52.040    12.747     0.060     5.000         0
  -51.850    12.716     0.060     5.000         0
  -51.664    12.693     0.060     5.000         0
  -51.466    12.673     0.060     5.000         0
  -51.252    12.643     0.060     5.000         0
  -51.062    12.619     0.060     5.000         0
  -50.847    12.593     0.060     5.000         0
  -50.661    12.586     0.060     5.000         0
  -50.446    12.544     0.060     5.000         0
  -50.446    12.544     0.060     5.000         0
  -50.045    12.511     0.060     5.000         0
  -49.857    12.480     0.060     5.000         0
  -49.641    12.454     0.060     5.000         0
  -49.443    12.453     0.060     5.000         0
  -49.232    12.419     0.060     5.000         0
  -49.042    12.411     0.060     5.000         0
  -48.828    12.401     0.060     5.000         0
  -48.613    12.383     0.060     5.000         0
  -48.427    12.360     0.060     5.000         0
  -48.212    12.345     0.060     5.000         0
  -48.022    12.325     0.060     5.000         0
  -47.811    12.297     0.060     5.000         0
  -47.613    12.275     0.060     5.000         0
  -47.424    12.242     0.060     5.000         0
  -47.235    12.229     0.060     5.000         0
  -47.020    12.184     0.060     5.000         0
  -46.808    12.164     0.060     5.000         0
  -46.619    12.139     0.060     5.000         0
  -46.405    12.113     0.060     5.000         0
  -46.219    12.076     0.060     5.000         0
  -46.004    12.050     0.060     5.000         0
  -45.789    12.013     0.060     5.000         0
  -45.574    11.983     0.060     5.000         0
  -45.362    11.934     0.060     5.000         0
  -45.164    11.903     0.060     5.000         0
  -44.950    11.886     0.060     5.000         0
  -44.735    11.836     0.060     5.000         0
  -44.524    11.811     0.060     5.000         0
  -44.334    11.773     0.060     5.000         0
  -44.187    11.750     0.060     5.000         0
  -43.994    11.720     0.060     5.000         0
  -43.758    11.691     0.060     5.000         0
  -43.543    11.666     0.060     5.000         0
  -43.357    11.637     0.060     5.000         0
  -43.142    11.603     0.060     5.000         0
  -42.930    11.562     0.060     5.000         0
  -42.741    11.530     0.060     5.000         0
  -42.527    11.514     0.060     5.000         0
  -42.315    11.486     0.060     5.000         0
  -42.126    11.466     0.060     5.000         0
  -41.911    11.438     0.060     5.000         0
  -41.721    11.402     0.060     5.000         0
  -41.510    11.386     0.060     5.000         0
  -41.313    11.361     0.060     5.000         0
  -41.098    11.317     0.060     5.000         0
  -40.883    11.305     0.060     5.000         0
  -40.697    11.281     0.060     5.000         0
  -40.482    11.253     0.060     5.000         0
  -40.267    11.209     0.060     5.000         0
  -40.053    11.198     0.060     5.000         0
  -39.841    11.170     0.060     5.000         0
  -39.626    11.142     0.060     5.000         0
  -39.437    11.102     0.060     5.000         0
  -39.222    11.074     0.060     5.000         0
  -39.010    11.055     0.060     5.000         0
  -38.796    11.030     0.060     5.000         0
  -38.581    11.005     0.060     5.000         0
  -38.366    10.985     0.060     5.000         0
  -38.155    10.980     0.060     5.000         0
  -37.940    10.943     0.060     5.000         0
  -37.725    10.923     0.060     5.000         0
  -37.511    10.902     0.060     5.000         0
  -37.300    10.898     0.060     5.000         0
  -37.085    10.877     0.060     5.000         0
  -36.844    10.838     0.060     5.000         0
  -36.629    10.817     0.060     5.000         0
  -36.418    10.812     0.060     5.000         0
  -36.200    10.775     0.060     5.000         0
  -35.989    10.771     0.060     5.000         0
  -35.774    10.734     0.060     5.000         0
  -35.559    10.721     0.060     5.000         0
  -35.348    10.706     0.060     5.000         0
  -35.133    10.666     0.060     5.000         0
  -34.919    10.642     0.060     5.000         0
  -34.704    10.617     0.060     5.000         0
  -34.489    10.593     0.060     5.000         0
  -34.278    10.570     0.060     5.000         0
  -34.063    10.545     0.060     5.000         0
  -33.849    10.521     0.060     5.000         0
  -33.608    10.510     0.060     5.000         0
  -33.393    10.470     0.060     5.000         0
  -33.182    10.446     0.060     5.000         0
  -32.967    10.422     0.060     5.000         0
  -32.752    10.414     0.060     5.000         0
  -32.538    10.374     0.060     5.000         0
  -32.327    10.366     0.060     5.000         0
  -32.095    10.332     0.060     5.000         0
  -31.880    10.300     0.060     5.000         0
  -31.665    10.276     0.060     5.000         0
  -31.426    10.265     0.060     5.000         0
  -31.214    10.229     0.060     5.000         0
  -30.999    10.217     0.060     5.000         0
  -30.784    10.185     0.060     5.000         0
  -30.544    10.158     0.060     5.000         0
  -30.329    10.126     0.060     5.000         0
  -30.118    10.080     0.060     5.000         0
  -29.904    10.052     0.060     5.000         0
  -29.689    10.033     0.060     5.000         0
  -29.448     9.998     0.060     5.000         0
  -29.237     9.951     0.060     5.000         0
  -29.022     9.919     0.060     5.000         0
  -28.808     9.888     0.060     5.000         0
  -28.593     9.857     0.060     5.000         0
  -28.378     9.825     0.060     5.000         0
  -28.167     9.794     0.060     5.000         0
  -27.952     9.767     0.060     5.000         0
  -27.712     9.736     0.060     5.000         0
  -27.498     9.695     0.060     5.000         0
  -27.283     9.679     0.060     5.000         0
  -27.072     9.635     0.060     5.000         0
  -26.857     9.610     0.060     5.000         0
  -26.625     9.566     0.060     5.000         0
  -26.411     9.530     0.060     5.000         0
  -26.200     9.498     0.060     5.000         0
  -25.985     9.465     0.060     5.000         0
  -25.770     9.448     0.060     5.000         0
  -25.529     9.396     0.060     5.000         0
  -25.314     9.363     0.060     5.000         0
  -25.103     9.343     0.060     5.000         0
  -24.889     9.298     0.060     5.000         0
  -24.649     9.278     0.060     5.000         0
  -24.434     9.237     0.060     5.000         0
  -24.219     9.212     0.060     5.000         0
  -24.007     9.180     0.060     5.000         0
  -23.794     9.131     0.060     5.000         0
  -23.553     9.110     0.060     5.000         0
  -23.338     9.077     0.060     5.000         0
  -23.127     9.037     0.060     5.000         0
  -22.912     9.008     0.060     5.000         0
  -22.697     8.979     0.060     5.000         0
  -22.466     8.932     0.060     5.000         0
  -22.255     8.912     0.060     5.000         0
  -22.036     8.878     0.060     5.000         0
  -21.825     8.846     0.060     5.000         0
  -21.610     8.797     0.060     5.000         0
  -21.371     8.760     0.060     5.000         0
  -21.156     8.739     0.060     5.000         0
  -20.945     8.703     0.060     5.000         0
  -20.730     8.679     0.060     5.000         0
  -20.515     8.631     0.060     5.000         0
  -20.300     8.603     0.060     5.000         0
  -20.063     8.564     0.060     5.000         0
  -19.849     8.548     0.060     5.000         0
  -19.634     8.516     0.060     5.000         0
  -19.419     8.484     0.060     5.000         0
  -19.204     8.452     0.060     5.000         0
  -18.993     8.413     0.060     5.000         0
  -18.779     8.389     0.060     5.000         0
  -18.564     8.349     0.060     5.000         0
  -18.349     8.311     0.060     5.000         0
  -18.138     8.274     0.060     5.000         0
  -17.923     8.240     0.060     5.000         0
  -17.683     8.203     0.060     5.000         0
  -17.469     8.173     0.060     5.000         0
  -17.258     8.140     0.060     5.000         0
  -17.043     8.103     0.060     5.000         0
  -16.828     8.073     0.060     5.000         0
  -16.613     8.039     0.060     5.000         0
  -16.399     8.010     0.060     5.000         0
  -16.163     7.977     0.060     5.000         0
  -15.948     7.943     0.060     5.000         0
  -15.733     7.905     0.060     5.000         0
  -15.501     7.882     0.060     5.000         0
  -15.286     7.852     0.060     5.000         0
  -15.074     7.830     0.060     5.000         0
  -14.835     7.822     0.060     5.000         0
  -14.620     7.792     0.060     5.000         0
  -14.405     7.774     0.060     5.000         0
  -14.190     7.748     0.060     5.000         0
  -13.977     7.727     0.060     5.000         0
  -13.736     7.706     0.060     5.000         0
  -13.525     7.677     0.060     5.000         0
  -13.310     7.667     0.060     5.000         0
  -13.095     7.646     0.060     5.000         0
  -12.884     7.625     0.060     5.000         0
  -12.644     7.592     0.060     5.000         0
    0.000     0.000     0.000        -1
