    0.000     1.000     0.000         0
    0.127     3.348     0.060     1.000         0
    0.095     3.349     0.060     1.000         0
    0.300     3.365     0.060     1.000         0
    0.515     3.405     0.060     1.000         0
    0.729     3.422     0.060     1.000         0
    0.944     3.454     0.060     1.000         0
    1.159     3.485     0.060     1.000         0
    1.374     3.521     0.060     1.000         0
    1.559     3.551     0.060     1.000         0
    1.774     3.595     0.060     1.000         0
    1.988     3.638     0.060     1.000         0
    2.203     3.674     0.060     1.000         0
    2.414     3.700     0.060     1.000         0
    2.629     3.772     0.060     1.000         0
    2.844     3.867     0.060     1.000         0
    3.029     3.935     0.060     1.000         0
    3.243     4.014     0.060     1.000         0
    3.458     4.094     0.060     1.000         0
    3.673     4.169     0.060     1.000         0
    3.884     4.251     0.060     1.000         0
    4.074     4.321     0.060     1.000         0
    4.289     4.384     0.060     1.000         0
    4.502     4.463     0.060     1.000         0
    4.717     4.554     0.060     1.000         0
    4.911     4.614     0.060     1.000         0
    5.126     4.701     0.060     1.000         0
    5.337     4.807     0.060     1.000         0
    5.552     4.940     0.060     1.000         0
    5.766     5.044     0.060     1.000         0
    5.981     5.157     0.060     1.000         0
    6.196     5.290     0.060     1.000         0
    6.381     5.374     0.060     1.000         0
    6.596     5.507     0.060     1.000         0
    6.811     5.623     0.060     1.000         0
    6.999     5.725     0.060     1.000         0
    7.211     5.840     0.060     1.000         0
    7.425     5.949     0.060     1.000         0
    7.615     6.052     0.060     1.000         0
    8.041     6.217     0.060     2.000         0
    8.238     6.288     0.060     2.000         0
    8.453     6.357     0.060     2.000         0
    8.642     6.429     0.060     2.000         0
    8.853     6.500     0.060     2.000         0
    9.068     6.569     0.060     2.000         0
    9.258     6.637     0.060     2.000         0
    9.469     6.709     0.060     2.000         0
    9.682     6.781     0.060     2.000         0
    9.897     6.853     0.060     2.000         0
   10.087     6.918     0.060     2.000         0
   10.298     6.981     0.060     2.000         0
   10.727     7.102     0.060     3.000         0
   10.916     7.138     0.060     3.000         0
   11.127     7.187     0.060     3.000         0
   11.342     7.238     0.060     3.000         0
   11.557     7.304     0.060     3.000         0
   11.751     7.350     0.060     3.000         0
   11.969     7.401     0.060     3.000         0
   12.180     7.442     0.060     3.000         0
   12.395     7.496     0.060     3.000         0
   12.584     7.537     0.060     3.000         0
   12.795     7.583     0.060     3.000         0
   12.985     7.624     0.060     3.000         0
   13.198     7.670     0.060     3.000         0
   13.413     7.716     0.060     3.000         0
   13.624     7.753     0.060     3.000         0
   13.814     7.794     0.060     3.000         0
   14.029     7.841     0.060     3.000         0
   11.751     7.574     0.060     4.000         0
   11.969     7.610     0.060     4.000         0
   12.180     7.634     0.060     4.000         0
   12.395     7.667     0.060     4.000         0
   12.584     7.712     0.060     4.000         0
   12.795     7.745     0.060     4.000         0
   12.985     7.774     0.060     4.000         0
   13.198     7.791     0.060     4.000         0
   13.413     7.824     0.060     4.000         0
   13.624     7.856     0.060     4.000         0
   13.814     7.893     0.060     4.000         0
   14.029     7.929     0.060     4.000         0
   14.244     7.973     0.060     4.000         0
   14.455     8.015     0.060     4.000         0
   14.651     8.055     0.060     4.000         0
   14.866     8.115     0.060     4.000         0
   15.081     8.143     0.060     4.000         0
   15.296     8.202     0.060     4.000         0
   15.482     8.224     0.060     4.000         0
   15.695     8.267     0.060     4.000         0
   15.910     8.311     0.060     4.000         0
   16.100     8.350     0.060     4.000         0
   16.311     8.392     0.060     4.000         0
   16.526     8.436     0.060     4.000         0
   16.711     8.474     0.060     4.000         0
   16.926     8.517     0.060     4.000         0
   17.115     8.556     0.060     4.000         0
   17.329     8.599     0.060     4.000         0
   17.541     8.650     0.060     4.000         0
   17.738     8.686     0.060     4.000         0
   17.953     8.738     0.060     4.000         0
   18.167     8.781     0.060     4.000         0
   18.356     8.839     0.060     4.000         0
   18.568     8.886     0.060     4.000         0
   18.782     8.933     0.060     4.000         0
   18.972     8.975     0.060     4.000         0
   19.183     9.014     0.060     4.000         0
   17.329     8.505     0.060     5.000         0
   17.541     8.556     0.060     5.000         0
   17.738     8.597     0.060     5.000         0
   17.953     8.641     0.060     5.000         0
   18.167     8.684     0.060     5.000         0
   18.356     8.715     0.060     5.000         0
   18.568     8.740     0.060     5.000         0
   18.782     8.749     0.060     5.000         0
   18.972     8.775     0.060     5.000         0
   19.183     8.804     0.060     5.000         0
   19.372     8.826     0.060     5.000         0
   19.586     8.855     0.060     5.000         0
   19.797     8.884     0.060     5.000         0
   19.995     8.893     0.060     5.000         0
   20.210     8.893     0.060     5.000         0
   20.399     8.894     0.060     5.000         0
   20.613     8.879     0.060     5.000         0
   20.824     8.880     0.060     5.000         0
   21.014     8.880     0.060     5.000         0
   21.229     8.881     0.060     5.000         0
   21.414     8.882     0.060     5.000         0
   21.629     8.882     0.060     5.000         0
   21.819     8.883     0.060     5.000         0
   22.032     8.888     0.060     5.000         0
   22.243     8.893     0.060     5.000         0
   22.441     8.902     0.060     5.000         0
   22.656     8.904     0.060     5.000         0
   22.842     8.912     0.060     5.000         0
   23.057     8.926     0.060     5.000         0
   23.270     8.932     0.060     5.000         0
   23.460     8.940     0.060     5.000         0
   23.675     8.950     0.060     5.000         0
   23.889     8.960     0.060     5.000         0
   24.101     8.978     0.060     5.000         0
   24.290     8.987     0.060     5.000         0
   24.504     9.008     0.060     5.000         0
   24.715     9.053     0.060     5.000         0
   24.930     9.083     0.060     5.000         0
   25.144     9.096     0.060     5.000         0
   25.342     9.123     0.060     5.000         0
   25.553     9.152     0.060     5.000         0
   25.767     9.182     0.060     5.000         0
   25.982     9.228     0.060     5.000         0
   26.197     9.245     0.060     5.000         0
   26.408     9.286     0.060     5.000         0
   26.622     9.312     0.060     5.000         0
   26.837     9.345     0.060     5.000         0
   27.051     9.375     0.060     5.000         0
   27.266     9.388     0.060     5.000         0
   27.477     9.425     0.060     5.000         0
   27.666     9.446     0.060     5.000         0
   27.906     9.498     0.060     5.000         0
   28.117     9.529     0.060     5.000         0
   28.331     9.561     0.060     5.000         0
   28.546     9.593     0.060     5.000         0
   28.761     9.625     0.060     5.000         0
   28.975     9.649     0.060     5.000         0
   29.187     9.689     0.060     5.000         0
   29.376     9.717     0.060     5.000         0
   29.590     9.749     0.060     5.000         0
   29.804     9.773     0.060     5.000         0
   30.015     9.813     0.060     5.000         0
   30.230     9.837     0.060     5.000         0
   30.445     9.875     0.060     5.000         0
   30.659     9.905     0.060     5.000         0
   30.870     9.930     0.060     5.000         0
   31.085     9.952     0.060     5.000         0
   31.299     9.986     0.060     5.000         0
   31.514    10.016     0.060     5.000         0
   31.729    10.045     0.060     5.000         0
   31.942    10.071     0.060     5.000         0
   32.154    10.105     0.060     5.000         0
   32.394    10.131     0.060     5.000         0
   32.608    10.170     0.060     5.000         0
   32.798    10.205     0.060     5.000         0
   33.034    10.239     0.060     5.000         0
   33.248    10.266     0.060     5.000         0
   33.463    10.297     0.060     5.000         0
   33.674    10.331     0.060     5.000         0
   33.889    10.362     0.060     5.000         0
   34.103    10.393     0.060     5.000         0
   34.318    10.416     0.060     5.000         0
   34.529    10.454     0.060     5.000         0
   34.743    10.468     0.060     5.000         0
   34.958    10.499     0.060     5.000         0
   35.172    10.546     0.060     5.000         0
   35.404    10.579     0.060     5.000         0
   35.615    10.609     0.060     5.000         0
   35.829    10.631     0.060     5.000         0
   36.043    10.638     0.060     5.000         0
   36.283    10.654     0.060     5.000         0
   36.498    10.673     0.060     5.000         0
   36.713    10.700     0.060     5.000         0
   36.924    10.702     0.060     5.000         0
   37.138    10.729     0.060     5.000         0
   37.352    10.743     0.060     5.000         0
   37.593    10.760     0.060     5.000         0
   37.804    10.758     0.060     5.000         0
   38.018    10.789     0.060     5.000         0
   38.232    10.788     0.060     5.000         0
   38.472    10.804     0.060     5.000         0
   38.687    10.827     0.060     5.000         0
   38.898    10.857     0.060     5.000         0
   39.113    10.864     0.060     5.000         0
   39.344    10.905     0.060     5.000         0
   39.558    10.924     0.060     5.000         0
   39.769    10.950     0.060     5.000         0
   40.009    10.960     0.060     5.000         0
   40.224    10.983     0.060     5.000         0
   40.439    11.005     0.060     5.000         0
   40.677    11.035     0.060     5.000         0
   40.892    11.070     0.060     5.000         0
   41.103    11.076     0.060     5.000         0
   41.343    11.102     0.060     5.000         0
   41.558    11.125     0.060     5.000         0
   41.773    11.148     0.060     5.000         0
   42.012    11.189     0.060     5.000         0
   42.223    11.196     0.060     5.000         0
   42.438    11.231     0.060     5.000         0
   42.652    11.257     0.060     5.000         0
   42.884    11.282     0.060     5.000         0
   43.095    11.297     0.060     5.000         0
   43.309    11.318     0.060     5.000         0
   43.549    11.367     0.060     5.000         0
   43.763    11.397     0.060     5.000         0
   43.978    11.411     0.060     5.000         0
   44.218    11.460     0.060     5.000         0
   44.429    11.473     0.060     5.000         0
   44.643    11.503     0.060     5.000         0
   44.857    11.540     0.060     5.000         0
   45.072    11.578     0.060     5.000         0
   45.283    11.591     0.060     5.000         0
   45.498    11.629     0.060     5.000         0
   45.737    11.662     0.060     5.000         0
   45.952    11.699     0.060     5.000         0
   46.166    11.721     0.060     5.000         0
   46.381    11.751     0.060     5.000         0
   46.592    11.756     0.060     5.000         0
   46.807    11.781     0.060     5.000         0
   47.020    11.798     0.060     5.000         0
   47.231    11.819     0.060     5.000         0
   47.446    11.857     0.060     5.000         0
   47.678    11.864     0.060     5.000         0
   47.893    11.898     0.060     5.000         0
   48.106    11.911     0.060     5.000         0
   48.317    11.936     0.060     5.000         0
   48.532    11.970     0.060     5.000         0
   48.747    11.989     0.060     5.000         0
   48.987    12.039     0.060     5.000         0
   49.201    12.053     0.060     5.000         0
   49.412    12.099     0.060     5.000         0
   49.626    12.129     0.060     5.000         0
   49.841    12.144     0.060     5.000         0
   50.055    12.190     0.060     5.000         0
   50.266    12.220     0.060     5.000         0
   50.506    12.254     0.060     5.000         0
   50.720    12.268     0.060     5.000         0
   50.935    12.315     0.060     5.000         0
   51.149    12.345     0.060     5.000         0
   51.360    12.359     0.060     5.000         0
   51.575    12.397     0.060     5.000         0
   51.790    12.437     0.060     5.000         0
   52.003    12.453     0.060     5.000         0
   52.214    12.500     0.060     5.000         0
   52.455    12.536     0.060     5.000         0
   52.669    12.552     0.060     5.000         0
   52.884    12.600     0.060     5.000         0
   53.097    12.616     0.060     5.000         0
   53.309    12.647     0.060     5.000         0
   53.523    12.679     0.060     5.000         0
   53.763    12.715     0.060     5.000         0
   53.978    12.747     0.060     5.000         0
   54.189    12.778     0.060     5.000         0
   54.404    12.818     0.060     5.000         0
    0.000    -1.000     0.000         0
   -8.131     6.197     0.060     1.000         0
   -7.917     6.104     0.060     1.000         0
   -7.703     5.995     0.060     1.000         0
   -7.471     5.877     0.060     1.000         0
   -7.256     5.791     0.060     1.000         0
   -7.042     5.686     0.060     1.000         0
   -6.831     5.574     0.060     1.000         0
   -6.616     5.488     0.060     1.000         0
   -6.379     5.376     0.060     1.000         0
   -6.165     5.275     0.060     1.000         0
   -5.946     5.164     0.060     1.000         0
   -5.735     5.056     0.060     1.000         0
   -5.521     4.954     0.060     1.000         0
   -5.310     4.855     0.060     1.000         0
   -5.070     4.741     0.060     1.000         0
   -4.855     4.639     0.060     1.000         0
   -4.640     4.546     0.060     1.000         0
   -4.426     4.466     0.060     1.000         0
   -4.215     4.411     0.060     1.000         0
   -4.000     4.323     0.060     1.000         0
   -3.785     4.251     0.060     1.000         0
   -3.570     4.179     0.060     1.000         0
   -3.359     4.124     0.060     1.000         0
   -3.144     4.052     0.060     1.000         0
   -2.931     3.981     0.060     1.000         0
   -2.716     3.909     0.060     1.000         0
   -2.479     3.813     0.060     1.000         0
   -2.261     3.740     0.060     1.000         0
   -2.049     3.685     0.060     1.000         0
   -1.836     3.598     0.060     1.000         0
   -1.621     3.534     0.060     1.000         0
   -1.406     3.502     0.060     1.000         0
   -1.192     3.495     0.060     1.000         0
   -0.980     3.460     0.060     1.000         0
   -0.766     3.440     0.060     1.000         0
   -0.552     3.416     0.060     1.000         0
   -0.340     3.391     0.060     1.000         0
  -11.629     7.390     0.060     2.000         0
  -11.414     7.315     0.060     2.000         0
  -11.174     7.251     0.060     2.000         0
  -10.962     7.177     0.060     2.000         0
  -10.747     7.109     0.060     2.000         0
  -10.534     7.042     0.060     2.000         0
  -10.319     6.987     0.060     2.000         0
  -10.082     6.912     0.060     2.000         0
   -9.867     6.845     0.060     2.000         0
   -9.652     6.765     0.060     2.000         0
   -9.439     6.694     0.060     2.000         0
   -9.224     6.627     0.060     2.000         0
   -8.984     6.552     0.060     2.000         0
   -8.772     6.501     0.060     2.000         0
   -8.557     6.433     0.060     2.000         0
   -8.342     6.366     0.060     2.000         0
   -8.131     6.292     0.060     2.000         0
   -7.917     6.271     0.060     2.000         0
  -66.314    14.653     0.060     5.000         0
  -66.116    14.636     0.060     5.000         0
  -65.926    14.596     0.060     5.000         0
  -65.740    14.572     0.060     5.000         0
  -65.567    14.554     0.060     5.000         0
  -65.377    14.541     0.060     5.000         0
  -65.191    14.502     0.060     5.000         0
  -65.028    14.489     0.060     5.000         0
  -64.830    14.459     0.060     5.000         0
  -64.669    14.451     0.060     5.000         0
  -64.479    14.414     0.060     5.000         0
  -64.281    14.393     0.060     5.000         0
  -64.093    14.372     0.060     5.000         0
  -63.907    14.352     0.060     5.000         0
  -63.692    14.323     0.060     5.000         0
  -63.502    14.298     0.060     5.000         0
  -63.312    14.269     0.060     5.000         0
  -63.097    14.229     0.060     5.000         0
  -62.900    14.215     0.060     5.000         0
  -62.714    14.194     0.060     5.000         0
  -62.499    14.158     0.060     5.000         0
  -62.309    14.144     0.060     5.000         0
  -62.123    14.107     0.060     5.000         0
  -61.925    14.084     0.060     5.000         0
  -61.711    14.076     0.060     5.000         0
  -61.522    14.039     0.060     5.000         0
  -61.306    14.030     0.060     5.000         0
  -61.120    13.993     0.060     5.000         0
  -60.905    13.981     0.060     5.000         0
  -60.905    13.985     0.060     5.000         0
  -60.504    13.923     0.060     5.000         0
  -60.316    13.910     0.060     5.000         0
  -60.101    13.877     0.060     5.000         0
  -59.902    13.857     0.060     5.000         0
  -59.691    13.841     0.060     5.000         0
  -59.501    13.818     0.060     5.000         0
  -59.288    13.797     0.060     5.000         0
  -59.072    13.756     0.060     5.000         0
  -58.887    13.734     0.060     5.000         0
  -58.671    13.724     0.060     5.000         0
  -58.482    13.686     0.060     5.000         0
  -58.270    13.661     0.060     5.000         0
  -58.072    13.642     0.060     5.000         0
  -57.884    13.616     0.060     5.000         0
  -57.694    13.601     0.060     5.000         0
  -57.479    13.556     0.060     5.000         0
  -57.268    13.520     0.060     5.000         0
  -57.078    13.503     0.060     5.000         0
  -56.864    13.458     0.060     5.000         0
  -56.678    13.426     0.060     5.000         0
  -56.463    13.381     0.060     5.000         0
  -56.248    13.360     0.060     5.000         0
  -56.033    13.323     0.060     5.000         0
  -55.822    13.278     0.060     5.000         0
  -55.623    13.249     0.060     5.000         0
  -55.410    13.214     0.060     5.000         0
  -55.194    13.191     0.060     5.000         0
  -54.983    13.148     0.060     5.000         0
  -54.793    13.136     0.060     5.000         0
  -54.646    13.099     0.060     5.000         0
  -54.454    13.071     0.060     5.000         0
  -54.217    13.048     0.060     5.000         0
  -54.002    13.005     0.060     5.000         0
  -53.816    12.994     0.060     5.000         0
  -53.601    12.962     0.060     5.000         0
  -53.390    12.923     0.060     5.000         0
  -53.200    12.908     0.060     5.000         0
  -52.986    12.881     0.060     5.000         0
  -52.775    12.839     0.060     5.000         0
  -52.585    12.832     0.060     5.000         0
  -52.370    12.805     0.060     5.000         0
  -52.180    12.770     0.060     5.000         0
  -51.969    12.740     0.060     5.000         0
  -51.772    12.719     0.060     5.000         0
  -51.557    12.689     0.060     5.000         0
  -51.342    12.670     0.060     5.000         0
  -51.156    12.654     0.060     5.000         0
  -50.941    12.636     0.060     5.000         0
  -50.726    12.598     0.060     5.000         0
  -50.512    12.576     0.060     5.000         0
  -50.301    12.558     0.060     5.000         0
  -50.086    12.531     0.060     5.000         0
  -49.896    12.520     0.060     5.000         0
  -49.681    12.497     0.060     5.000         0
  -49.470    12.475     0.060     5.000         0
  -49.256    12.457     0.060     5.000         0
  -49.041    12.431     0.060     5.000         0
  -48.826    12.413     0.060     5.000         0
  -48.614    12.375     0.060     5.000         0
  -48.399    12.361     0.060     5.000         0
  -48.184    12.335     0.060     5.000         0
  -47.970    12.309     0.060     5.000         0
  -47.759    12.267     0.060     5.000         0
  -47.544    12.249     0.060     5.000         0
  -47.304    12.212     0.060     5.000         0
  -47.089    12.190     0.060     5.000         0
  -46.877    12.168     0.060     5.000         0
  -46.660    12.151     0.060     5.000         0
  -46.448    12.142     0.060     5.000         0
  -46.233    12.148     0.060     5.000         0
  -46.018    12.135     0.060     5.000         0
  -45.807    12.129     0.060     5.000         0
  -45.592    12.104     0.060     5.000         0
  -45.378    12.103     0.060     5.000         0
  -45.163    12.080     0.060     5.000         0
  -44.948    12.069     0.060     5.000         0
  -44.737    12.039     0.060     5.000         0
  -44.522    12.028     0.060     5.000         0
  -44.308    12.007     0.060     5.000         0
  -44.068    11.987     0.060     5.000         0
  -43.853    11.970     0.060     5.000         0
  -43.641    11.949     0.060     5.000         0
  -43.426    11.912     0.060     5.000         0
  -43.211    11.895     0.060     5.000         0
  -42.997    11.878     0.060     5.000         0
  -42.786    11.870     0.060     5.000         0
  -42.554    11.837     0.060     5.000         0
  -42.339    11.821     0.060     5.000         0
  -42.124    11.821     0.060     5.000         0
  -41.885    11.796     0.060     5.000         0
  -41.674    11.788     0.060     5.000         0
  -41.459    11.773     0.060     5.000         0
  -41.244    11.741     0.060     5.000         0
  -41.003    11.723     0.060     5.000         0
  -40.788    11.715     0.060     5.000         0
  -40.577    11.679     0.060     5.000         0
  -40.363    11.658     0.060     5.000         0
  -40.148    11.637     0.060     5.000         0
  -39.908    11.605     0.060     5.000         0
  -39.696    11.561     0.060     5.000         0
  -39.481    11.548     0.060     5.000         0
  -39.268    11.519     0.060     5.000         0
  -39.053    11.482     0.060     5.000         0
  -38.838    11.459     0.060     5.000         0
  -38.626    11.412     0.060     5.000         0
  -38.411    11.380     0.060     5.000         0
  -38.171    11.361     0.060     5.000         0
  -37.957    11.318     0.060     5.000         0
  -37.742    11.298     0.060     5.000         0
  -37.531    11.260     0.060     5.000         0
  -37.316    11.231     0.060     5.000         0
  -37.084    11.176     0.060     5.000         0
  -36.870    11.139     0.060     5.000         0
  -36.659    11.104     0.060     5.000         0
  -36.444    11.075     0.060     5.000         0
  -36.229    11.043     0.060     5.000         0
  -35.988    10.982     0.060     5.000         0
  -35.773    10.958     0.060     5.000         0
  -35.562    10.903     0.060     5.000         0
  -35.348    10.863     0.060     5.000         0
  -35.108    10.818     0.060     5.000         0
  -34.893    10.778     0.060     5.000         0
  -34.678    10.738     0.060     5.000         0
  -34.467    10.706     0.060     5.000         0
  -34.253    10.680     0.060     5.000         0
  -34.013    10.635     0.060     5.000         0
  -33.798    10.621     0.060     5.000         0
  -33.586    10.575     0.060     5.000         0
  -33.371    10.561     0.060     5.000         0
  -33.156    10.519     0.060     5.000         0
  -32.926    10.499     0.060     5.000         0
  -32.714    10.457     0.060     5.000         0
  -32.496    10.423     0.060     5.000         0
  -32.284    10.401     0.060     5.000         0
  -32.069    10.376     0.060     5.000         0
  -31.830    10.331     0.060     5.000         0
  -31.615    10.306     0.060     5.000         0
  -31.404    10.258     0.060     5.000         0
  -31.189    10.225     0.060     5.000         0
  -30.974    10.192     0.060     5.000         0
  -30.759    10.159     0.060     5.000         0
  -30.522    10.138     0.060     5.000         0
  -30.309    10.097     0.060     5.000         0
  -30.094    10.041     0.060     5.000         0
  -29.879     9.996     0.060     5.000         0
  -29.664     9.968     0.060     5.000         0
  -29.452     9.925     0.060     5.000         0
  -29.239     9.865     0.060     5.000         0
  -29.024     9.837     0.060     5.000         0
  -28.809     9.784     0.060     5.000         0
  -28.597     9.741     0.060     5.000         0
  -28.382     9.719     0.060     5.000         0
  -28.142     9.677     0.060     5.000         0
  -27.928     9.663     0.060     5.000         0
  -27.717     9.638     0.060     5.000         0
  -27.502     9.599     0.060     5.000         0
  -27.287     9.589     0.060     5.000         0
  -27.072     9.563     0.060     5.000         0
  -26.858     9.537     0.060     5.000         0
  -26.622     9.508     0.060     5.000         0
  -26.407     9.482     0.060     5.000         0
  -26.192     9.444     0.060     5.000         0
  -25.960     9.411     0.060     5.000         0
  -25.745     9.385     0.060     5.000         0
  -25.534     9.359     0.060     5.000         0
  -25.295     9.330     0.060     5.000         0
  -25.080     9.304     0.060     5.000         0
  -24.865     9.286     0.060     5.000         0
  -24.650     9.252     0.060     5.000         0
  -24.436     9.234     0.060     5.000         0
  -24.196     9.204     0.060     5.000         0
  -23.984     9.176     0.060     5.000         0
  -23.769     9.164     0.060     5.000         0
  -23.555     9.136     0.060     5.000         0
  -23.343     9.116     0.060     5.000         0
  -23.103     9.094     0.060     5.000         0
  -22.889     9.089     0.060     5.000         0
  -22.674     9.069     0.060     5.000         0
  -22.459     9.049     0.060     5.000         0
  -22.248     9.029     0.060     5.000         0
  -22.016     8.999     0.060     5.000         0
  -21.802     8.945     0.060     5.000         0
  -21.587     8.907     0.060     5.000         0
  -21.376     8.877     0.060     5.000         0
  -21.136     8.834     0.060     5.000         0
  -20.921     8.796     0.060     5.000         0
  -20.706     8.757     0.060     5.000         0
  -20.492     8.719     0.060     5.000         0
  -20.256     8.661     0.060     5.000         0
  -20.041     8.638     0.060     5.000         0
  -19.826     8.600     0.060     5.000         0
  -19.611     8.561     0.060     5.000         0
  -19.397     8.523     0.060     5.000         0
  -19.161     8.480     0.060     5.000         0
  -18.946     8.442     0.060     5.000         0
  -18.731     8.395     0.060     5.000         0
  -18.516     8.351     0.060     5.000         0
  -18.275     8.327     0.060     5.000         0
  -18.064     8.276     0.060     5.000         0
  -17.850     8.245     0.060     5.000         0
  -17.619     8.202     0.060     5.000         0
  -17.404     8.166     0.060     5.000         0
  -17.189     8.130     0.060     5.000         0
  -16.950     8.091     0.060     5.000         0
  -16.738     8.055     0.060     5.000         0
  -16.523     8.020     0.060     5.000         0
  -16.283     7.980     0.060     5.000         0
  -16.068     7.944     0.060     5.000         0
  -15.853     7.908     0.060     5.000         0
  -15.617     7.877     0.060     5.000         0
  -15.403     7.844     0.060     5.000         0
  -15.171     7.818     0.060     5.000         0
  -14.960     7.794     0.060     5.000         0
  -14.720     7.766     0.060     5.000         0
  -14.505     7.742     0.060     5.000         0
  -14.291     7.733     0.060     5.000         0
  -14.051     7.690     0.060     5.000         0
  -13.836     7.682     0.060     5.000         0
  -13.595     7.654     0.060     5.000         0
  -13.381     7.622     0.060     5.000         0
  -13.169     7.589     0.060     5.000         0
  -12.930     7.562     0.060     5.000         0
  -12.715     7.538     0.060     5.000         0
  -12.500     7.517     0.060     5.000         0
  -12.286     7.497     0.060     5.000         0
  -12.057     7.471     0.060     5.000         0
  -11.844     7.455     0.060     5.000         0
    0.000     0.000     0.000        -1
