    0.000     1.000     0.000         0
    0.215     3.382     0.060     1.000         0
    0.033     3.347     0.060     1.000         0
    0.222     3.383     0.060     1.000         0
    0.434     3.401     0.060     1.000         0
    0.624     3.413     0.060     1.000         0
    0.833     3.439     0.060     1.000         0
    1.048     3.464     0.060     1.000         0
    1.263     3.497     0.060     1.000         0
    1.457     3.527     0.060     1.000         0
    1.675     3.561     0.060     1.000         0
    1.885     3.602     0.060     1.000         0
    2.100     3.656     0.060     1.000         0
    2.290     3.711     0.060     1.000         0
    2.501     3.772     0.060     1.000         0
    2.690     3.827     0.060     1.000         0
    2.904     3.889     0.060     1.000         0
    3.119     3.956     0.060     1.000         0
    3.330     4.021     0.060     1.000         0
    3.519     4.104     0.060     1.000         0
    3.734     4.182     0.060     1.000         0
    3.949     4.272     0.060     1.000         0
    4.160     4.360     0.060     1.000         0
    4.357     4.442     0.060     1.000         0
    4.572     4.532     0.060     1.000         0
    4.787     4.622     0.060     1.000         0
    5.002     4.712     0.060     1.000         0
    5.187     4.797     0.060     1.000         0
    5.401     4.889     0.060     1.000         0
    5.616     4.966     0.060     1.000         0
    5.805     5.056     0.060     1.000         0
    6.016     5.189     0.060     1.000         0
    6.231     5.313     0.060     1.000         0
    6.417     5.415     0.060     1.000         0
    6.632     5.538     0.060     1.000         0
    6.820     5.654     0.060     1.000         0
    7.035     5.777     0.060     1.000         0
    7.246     5.918     0.060     1.000         0
    7.444     6.036     0.060     1.000         0
    7.659     6.155     0.060     1.000         0
    8.488     6.382     0.060     2.000         0
    8.677     6.444     0.060     2.000         0
    8.888     6.514     0.060     2.000         0
    9.078     6.576     0.060     2.000         0
    9.291     6.647     0.060     2.000         0
    9.502     6.716     0.060     2.000         0
    9.700     6.781     0.060     2.000         0
    9.915     6.852     0.060     2.000         0
   10.105     6.915     0.060     2.000         0
   10.318     6.985     0.060     2.000         0
   10.530     7.055     0.060     2.000         0
   10.719     7.102     0.060     2.000         0
   10.934     7.173     0.060     2.000         0
   11.120     7.234     0.060     2.000         0
   11.334     7.305     0.060     2.000         0
   11.524     7.383     0.060     2.000         0
   11.738     7.450     0.060     2.000         0
   11.949     7.515     0.060     2.000         0
   12.361     7.542     0.060     5.000         0
   12.547     7.563     0.060     5.000         0
   12.762     7.580     0.060     5.000         0
   12.976     7.600     0.060     5.000         0
   13.165     7.618     0.060     5.000         0
   13.380     7.646     0.060     5.000         0
   13.595     7.662     0.060     5.000         0
   13.806     7.682     0.060     5.000         0
   13.995     7.696     0.060     5.000         0
   14.209     7.724     0.060     5.000         0
   14.420     7.744     0.060     5.000         0
   14.635     7.764     0.060     5.000         0
   14.850     7.776     0.060     5.000         0
   15.048     7.809     0.060     5.000         0
   15.259     7.835     0.060     5.000         0
   15.472     7.861     0.060     5.000         0
   15.687     7.887     0.060     5.000         0
   15.902     7.914     0.060     5.000         0
   16.113     7.936     0.060     5.000         0
   16.328     7.966     0.060     5.000         0
   16.543     7.984     0.060     5.000         0
   16.756     8.018     0.060     5.000         0
   16.971     8.045     0.060     5.000         0
   17.182     8.071     0.060     5.000         0
   17.372     8.094     0.060     5.000         0
   17.612     8.124     0.060     5.000         0
   17.823     8.149     0.060     5.000         0
   18.036     8.160     0.060     5.000         0
   18.251     8.186     0.060     5.000         0
   18.466     8.220     0.060     5.000         0
   18.681     8.247     0.060     5.000         0
   18.892     8.282     0.060     5.000         0
   19.081     8.309     0.060     5.000         0
   19.295     8.348     0.060     5.000         0
   19.510     8.376     0.060     5.000         0
   19.721     8.411     0.060     5.000         0
   19.936     8.446     0.060     5.000         0
   20.150     8.482     0.060     5.000         0
   20.364     8.521     0.060     5.000         0
   20.575     8.568     0.060     5.000         0
   20.790     8.603     0.060     5.000         0
   21.005     8.631     0.060     5.000         0
   21.219     8.651     0.060     5.000         0
   21.434     8.680     0.060     5.000         0
   21.648     8.708     0.060     5.000         0
   21.859     8.736     0.060     5.000         0
   22.099     8.768     0.060     5.000         0
   22.314     8.797     0.060     5.000         0
   22.503     8.826     0.060     5.000         0
   22.740     8.853     0.060     5.000         0
   22.953     8.886     0.060     5.000         0
   23.168     8.918     0.060     5.000         0
   23.379     8.952     0.060     5.000         0
   23.594     8.990     0.060     5.000         0
   23.809     9.016     0.060     5.000         0
   24.023     9.046     0.060     5.000         0
   24.235     9.079     0.060     5.000         0
   24.448     9.129     0.060     5.000         0
   24.663     9.163     0.060     5.000         0
   24.878     9.197     0.060     5.000         0
   25.109     9.234     0.060     5.000         0
   25.320     9.259     0.060     5.000         0
   25.534     9.275     0.060     5.000         0
   25.749     9.311     0.060     5.000         0
   25.989     9.334     0.060     5.000         0
   26.204     9.356     0.060     5.000         0
   26.418     9.378     0.060     5.000         0
   26.629     9.404     0.060     5.000         0
   26.843     9.430     0.060     5.000         0
   27.058     9.456     0.060     5.000         0
   27.298     9.485     0.060     5.000         0
   27.509     9.527     0.060     5.000         0
   27.724     9.549     0.060     5.000         0
   27.937     9.571     0.060     5.000         0
   28.177     9.601     0.060     5.000         0
   28.392     9.643     0.060     5.000         0
   28.603     9.657     0.060     5.000         0
   28.818     9.687     0.060     5.000         0
   29.050     9.736     0.060     5.000         0
   29.263     9.754     0.060     5.000         0
   29.474     9.780     0.060     5.000         0
   29.714     9.829     0.060     5.000         0
   29.929     9.856     0.060     5.000         0
   30.144     9.882     0.060     5.000         0
   30.383     9.920     0.060     5.000         0
   30.597     9.946     0.060     5.000         0
   30.809     9.967     0.060     5.000         0
   31.049    10.015     0.060     5.000         0
   31.263    10.044     0.060     5.000         0
   31.478    10.057     0.060     5.000         0
   31.717    10.089     0.060     5.000         0
   31.928    10.118     0.060     5.000         0
   32.143    10.147     0.060     5.000         0
   32.358    10.176     0.060     5.000         0
   32.589    10.207     0.060     5.000         0
   32.800    10.252     0.060     5.000         0
   33.014    10.265     0.060     5.000         0
   33.254    10.297     0.060     5.000         0
   33.469    10.330     0.060     5.000         0
   33.683    10.355     0.060     5.000         0
   33.923    10.388     0.060     5.000         0
   34.135    10.420     0.060     5.000         0
   34.348    10.445     0.060     5.000         0
   34.563    10.474     0.060     5.000         0
   34.778    10.511     0.060     5.000         0
   34.989    10.538     0.060     5.000         0
   35.203    10.556     0.060     5.000         0
   35.442    10.586     0.060     5.000         0
   35.657    10.613     0.060     5.000         0
   35.872    10.648     0.060     5.000         0
   36.086    10.684     0.060     5.000         0
   36.297    10.711     0.060     5.000         0
   36.512    10.739     0.060     5.000         0
   36.726    10.759     0.060     5.000         0
   36.937    10.778     0.060     5.000         0
   37.152    10.822     0.060     5.000         0
   37.383    10.844     0.060     5.000         0
   37.598    10.880     0.060     5.000         0
   37.811    10.899     0.060     5.000         0
   38.022    10.918     0.060     5.000         0
   38.237    10.962     0.060     5.000         0
   38.452    10.974     0.060     5.000         0
   38.692    11.005     0.060     5.000         0
   38.907    11.033     0.060     5.000         0
   39.118    11.068     0.060     5.000         0
   39.331    11.087     0.060     5.000         0
   39.546    11.131     0.060     5.000         0
   39.761    11.159     0.060     5.000         0
   39.972    11.182     0.060     5.000         0
   40.212    11.201     0.060     5.000         0
   40.425    11.229     0.060     5.000         0
   40.640    11.264     0.060     5.000         0
   40.855    11.292     0.060     5.000         0
   41.066    11.328     0.060     5.000         0
   41.281    11.341     0.060     5.000         0
   41.495    11.382     0.060     5.000         0
   41.709    11.399     0.060     5.000         0
   41.920    11.427     0.060     5.000         0
   42.160    11.463     0.060     5.000         0
   42.375    11.488     0.060     5.000         0
   42.589    11.529     0.060     5.000         0
   42.803    11.562     0.060     5.000         0
   43.014    11.590     0.060     5.000         0
   43.229    11.619     0.060     5.000         0
   43.469    11.651     0.060     5.000         0
   43.683    11.680     0.060     5.000         0
   43.894    11.700     0.060     5.000         0
   44.109    11.738     0.060     5.000         0
   44.323    11.767     0.060     5.000         0
   44.537    11.796     0.060     5.000         0
   44.748    11.825     0.060     5.000         0
   44.963    11.854     0.060     5.000         0
   45.178    11.884     0.060     5.000         0
   45.391    11.913     0.060     5.000         0
   45.606    11.942     0.060     5.000         0
   45.817    11.971     0.060     5.000         0
   46.032    11.985     0.060     5.000         0
   46.246    12.014     0.060     5.000         0
   46.461    12.043     0.060     5.000         0
   46.672    12.076     0.060     5.000         0
   46.886    12.101     0.060     5.000         0
   47.100    12.139     0.060     5.000         0
   47.315    12.160     0.060     5.000         0
   47.543    12.199     0.060     5.000         0
   47.758    12.234     0.060     5.000         0
   47.971    12.257     0.060     5.000         0
   48.186    12.292     0.060     5.000         0
   48.397    12.330     0.060     5.000         0
   48.612    12.353     0.060     5.000         0
   48.826    12.391     0.060     5.000         0
   49.041    12.422     0.060     5.000         0
   49.280    12.441     0.060     5.000         0
   49.491    12.487     0.060     5.000         0
   49.705    12.502     0.060     5.000         0
   49.920    12.549     0.060     5.000         0
   50.135    12.564     0.060     5.000         0
   50.374    12.602     0.060     5.000         0
   50.588    12.637     0.060     5.000         0
   50.799    12.655     0.060     5.000         0
   51.014    12.682     0.060     5.000         0
   51.229    12.709     0.060     5.000         0
   51.443    12.735     0.060     5.000         0
   51.682    12.781     0.060     5.000         0
   51.893    12.792     0.060     5.000         0
   52.108    12.835     0.060     5.000         0
   52.323    12.861     0.060     5.000         0
   52.537    12.884     0.060     5.000         0
   52.765    12.917     0.060     5.000         0
   52.979    12.927     0.060     5.000         0
   53.193    12.954     0.060     5.000         0
   53.408    12.989     0.060     5.000         0
   53.619    13.022     0.060     5.000         0
   53.859    13.041     0.060     5.000         0
   54.074    13.074     0.060     5.000         0
   54.287    13.083     0.060     5.000         0
   54.502    13.108     0.060     5.000         0
   54.713    13.148     0.060     5.000         0
   54.928    13.165     0.060     5.000         0
   55.168    13.182     0.060     5.000         0
   55.381    13.213     0.060     5.000         0
   55.596    13.227     0.060     5.000         0
   55.807    13.254     0.060     5.000         0
   56.021    13.276     0.060     5.000         0
   56.236    13.311     0.060     5.000         0
   56.451    13.334     0.060     5.000         0
   56.689    13.347     0.060     5.000         0
   56.901    13.365     0.060     5.000         0
   57.115    13.396     0.060     5.000         0
    0.000    -1.000     0.000         0
   -8.306     6.264     0.060     1.000         0
   -8.091     6.146     0.060     1.000         0
   -7.880     6.037     0.060     1.000         0
   -7.665     5.927     0.060     1.000         0
   -7.450     5.816     0.060     1.000         0
   -7.265     5.737     0.060     1.000         0
   -7.051     5.627     0.060     1.000         0
   -6.836     5.516     0.060     1.000         0
   -6.621     5.406     0.060     1.000         0
   -6.410     5.297     0.060     1.000         0
   -6.220     5.199     0.060     1.000         0
   -6.006     5.081     0.060     1.000         0
   -5.792     4.990     0.060     1.000         0
   -5.577     4.922     0.060     1.000         0
   -5.383     4.831     0.060     1.000         0
   -5.168     4.763     0.060     1.000         0
   -4.957     4.673     0.060     1.000         0
   -4.742     4.581     0.060     1.000         0
   -4.528     4.497     0.060     1.000         0
   -4.313     4.430     0.060     1.000         0
   -4.099     4.346     0.060     1.000         0
   -3.913     4.274     0.060     1.000         0
   -3.698     4.182     0.060     1.000         0
   -3.483     4.111     0.060     1.000         0
   -3.295     4.041     0.060     1.000         0
   -3.083     3.972     0.060     1.000         0
   -2.869     3.917     0.060     1.000         0
   -2.679     3.855     0.060     1.000         0
   -2.465     3.768     0.060     1.000         0
   -2.253     3.699     0.060     1.000         0
   -2.056     3.642     0.060     1.000         0
   -1.842     3.604     0.060     1.000         0
   -1.653     3.593     0.060     1.000         0
   -1.441     3.564     0.060     1.000         0
   -1.227     3.534     0.060     1.000         0
   -1.038     3.507     0.060     1.000         0
   -0.826     3.477     0.060     1.000         0
   -0.612     3.431     0.060     1.000         0
   -0.399     3.410     0.060     1.000         0
  -13.010     7.541     0.060     2.000         0
  -12.774     7.492     0.060     2.000         0
  -12.555     7.439     0.060     2.000         0
  -12.344     7.379     0.060     2.000         0
  -12.130     7.327     0.060     2.000         0
  -11.916     7.275     0.060     2.000         0
  -11.701     7.215     0.060     2.000         0
  -11.486     7.163     0.060     2.000         0
  -11.275     7.111     0.060     2.000         0
  -11.060     7.059     0.060     2.000         0
  -10.846     7.015     0.060     2.000         0
  -10.635     6.951     0.060     2.000         0
  -10.420     6.894     0.060     2.000         0
  -10.205     6.841     0.060     2.000         0
   -9.994     6.773     0.060     2.000         0
   -9.779     6.720     0.060     2.000         0
   -9.565     6.659     0.060     2.000         0
   -9.350     6.598     0.060     2.000         0
   -9.136     6.521     0.060     2.000         0
   -8.921     6.460     0.060     2.000         0
   -8.735     6.423     0.060     2.000         0
   -8.520     6.361     0.060     2.000         0
   -8.306     6.293     0.060     2.000         0
   -8.091     6.266     0.060     2.000         0
  -76.609    15.873     0.060     5.000         0
  -76.410    15.838     0.060     5.000         0
  -76.221    15.828     0.060     5.000         0
  -76.035    15.803     0.060     5.000         0
  -75.862    15.768     0.060     5.000         0
  -75.672    15.738     0.060     5.000         0
  -75.486    15.713     0.060     5.000         0
  -75.323    15.691     0.060     5.000         0
  -75.125    15.676     0.060     5.000         0
  -74.964    15.642     0.060     5.000         0
  -74.774    15.624     0.060     5.000         0
  -74.576    15.590     0.060     5.000         0
  -74.388    15.565     0.060     5.000         0
  -74.202    15.540     0.060     5.000         0
  -73.986    15.511     0.060     5.000         0
  -73.797    15.485     0.060     5.000         0
  -73.607    15.460     0.060     5.000         0
  -73.392    15.431     0.060     5.000         0
  -73.195    15.405     0.060     5.000         0
  -73.009    15.396     0.060     5.000         0
  -72.794    15.351     0.060     5.000         0
  -72.604    15.330     0.060     5.000         0
  -72.418    15.301     0.060     5.000         0
  -72.220    15.282     0.060     5.000         0
  -72.006    15.253     0.060     5.000         0
  -71.816    15.239     0.060     5.000         0
  -71.601    15.198     0.060     5.000         0
  -71.415    15.177     0.060     5.000         0
  -71.200    15.152     0.060     5.000         0
  -71.200    15.152     0.060     5.000         0
  -70.799    15.121     0.060     5.000         0
  -70.611    15.083     0.060     5.000         0
  -70.395    15.058     0.060     5.000         0
  -70.197    15.035     0.060     5.000         0
  -69.986    15.027     0.060     5.000         0
  -69.796    15.005     0.060     5.000         0
  -69.582    14.980     0.060     5.000         0
  -69.367    14.939     0.060     5.000         0
  -69.181    14.925     0.060     5.000         0
  -68.966    14.909     0.060     5.000         0
  -68.776    14.901     0.060     5.000         0
  -68.565    14.888     0.060     5.000         0
  -68.367    14.859     0.060     5.000         0
  -68.179    14.848     0.060     5.000         0
  -67.989    14.824     0.060     5.000         0
  -67.774    14.802     0.060     5.000         0
  -67.562    14.784     0.060     5.000         0
  -67.373    14.756     0.060     5.000         0
  -67.159    14.727     0.060     5.000         0
  -66.973    14.697     0.060     5.000         0
  -66.758    14.671     0.060     5.000         0
  -66.543    14.646     0.060     5.000         0
  -66.328    14.620     0.060     5.000         0
  -66.116    14.575     0.060     5.000         0
  -65.918    14.560     0.060     5.000         0
  -65.704    14.518     0.060     5.000         0
  -65.489    14.489     0.060     5.000         0
  -65.278    14.460     0.060     5.000         0
  -65.088    14.434     0.060     5.000         0
  -64.941    14.414     0.060     5.000         0
  -64.748    14.399     0.060     5.000         0
  -64.512    14.355     0.060     5.000         0
  -64.297    14.333     0.060     5.000         0
  -64.111    14.309     0.060     5.000         0
  -63.896    14.265     0.060     5.000         0
  -63.684    14.254     0.060     5.000         0
  -63.495    14.222     0.060     5.000         0
  -63.281    14.191     0.060     5.000         0
  -63.070    14.184     0.060     5.000         0
  -62.880    14.160     0.060     5.000         0
  -62.665    14.141     0.060     5.000         0
  -62.475    14.120     0.060     5.000         0
  -62.264    14.098     0.060     5.000         0
  -62.067    14.061     0.060     5.000         0
  -61.852    14.038     0.060     5.000         0
  -61.637    14.014     0.060     5.000         0
  -61.451    14.011     0.060     5.000         0
  -61.236    13.988     0.060     5.000         0
  -61.021    13.961     0.060     5.000         0
  -60.807    13.926     0.060     5.000         0
  -60.596    13.915     0.060     5.000         0
  -60.380    13.896     0.060     5.000         0
  -60.191    13.876     0.060     5.000         0
  -59.976    13.837     0.060     5.000         0
  -59.764    13.826     0.060     5.000         0
  -59.551    13.803     0.060     5.000         0
  -59.336    13.772     0.060     5.000         0
  -59.120    13.753     0.060     5.000         0
  -58.909    13.739     0.060     5.000         0
  -58.694    13.718     0.060     5.000         0
  -58.479    13.680     0.060     5.000         0
  -58.265    13.658     0.060     5.000         0
  -58.054    13.653     0.060     5.000         0
  -57.839    13.615     0.060     5.000         0
  -57.598    13.590     0.060     5.000         0
  -57.383    13.573     0.060     5.000         0
  -57.172    13.551     0.060     5.000         0
  -56.955    13.533     0.060     5.000         0
  -56.743    13.516     0.060     5.000         0
  -56.528    13.482     0.060     5.000         0
  -56.313    13.472     0.060     5.000         0
  -56.102    13.447     0.060     5.000         0
  -55.887    13.427     0.060     5.000         0
  -55.673    13.407     0.060     5.000         0
  -55.458    13.367     0.060     5.000         0
  -55.243    13.343     0.060     5.000         0
  -55.032    13.327     0.060     5.000         0
  -54.817    13.295     0.060     5.000         0
  -54.603    13.276     0.060     5.000         0
  -54.362    13.245     0.060     5.000         0
  -54.147    13.221     0.060     5.000         0
  -53.936    13.197     0.060     5.000         0
  -53.721    13.173     0.060     5.000         0
  -53.506    13.145     0.060     5.000         0
  -53.292    13.128     0.060     5.000         0
  -53.081    13.107     0.060     5.000         0
  -52.849    13.090     0.060     5.000         0
  -52.634    13.051     0.060     5.000         0
  -52.419    13.028     0.060     5.000         0
  -52.180    13.003     0.060     5.000         0
  -51.969    12.996     0.060     5.000         0
  -51.753    12.961     0.060     5.000         0
  -51.538    12.950     0.060     5.000         0
  -51.298    12.909     0.060     5.000         0
  -51.083    12.886     0.060     5.000         0
  -50.872    12.879     0.060     5.000         0
  -50.658    12.853     0.060     5.000         0
  -50.443    12.834     0.060     5.000         0
  -50.203    12.796     0.060     5.000         0
  -49.991    12.770     0.060     5.000         0
  -49.776    12.763     0.060     5.000         0
  -49.562    12.736     0.060     5.000         0
  -49.347    12.701     0.060     5.000         0
  -49.132    12.678     0.060     5.000         0
  -48.921    12.671     0.060     5.000         0
  -48.706    12.648     0.060     5.000         0
  -48.466    12.623     0.060     5.000         0
  -48.252    12.588     0.060     5.000         0
  -48.037    12.577     0.060     5.000         0
  -47.826    12.539     0.060     5.000         0
  -47.611    12.524     0.060     5.000         0
  -47.379    12.499     0.060     5.000         0
  -47.165    12.462     0.060     5.000         0
  -46.954    12.438     0.060     5.000         0
  -46.739    12.399     0.060     5.000         0
  -46.524    12.383     0.060     5.000         0
  -46.283    12.331     0.060     5.000         0
  -46.068    12.300     0.060     5.000         0
  -45.857    12.273     0.060     5.000         0
  -45.643    12.253     0.060     5.000         0
  -45.403    12.218     0.060     5.000         0
  -45.188    12.178     0.060     5.000         0
  -44.973    12.147     0.060     5.000         0
  -44.762    12.111     0.060     5.000         0
  -44.548    12.064     0.060     5.000         0
  -44.307    12.027     0.060     5.000         0
  -44.092    11.983     0.060     5.000         0
  -43.881    11.964     0.060     5.000         0
  -43.666    11.928     0.060     5.000         0
  -43.451    11.876     0.060     5.000         0
  -43.221    11.838     0.060     5.000         0
  -43.009    11.810     0.060     5.000         0
  -42.790    11.782     0.060     5.000         0
  -42.579    11.746     0.060     5.000         0
  -42.364    11.695     0.060     5.000         0
  -42.125    11.655     0.060     5.000         0
  -41.910    11.635     0.060     5.000         0
  -41.699    11.592     0.060     5.000         0
  -41.484    11.548     0.060     5.000         0
  -41.269    11.521     0.060     5.000         0
  -41.054    11.477     0.060     5.000         0
  -40.817    11.449     0.060     5.000         0
  -40.604    11.410     0.060     5.000         0
  -40.389    11.383     0.060     5.000         0
  -40.174    11.335     0.060     5.000         0
  -39.959    11.304     0.060     5.000         0
  -39.747    11.277     0.060     5.000         0
  -39.534    11.242     0.060     5.000         0
  -39.319    11.207     0.060     5.000         0
  -39.104    11.156     0.060     5.000         0
  -38.892    11.121     0.060     5.000         0
  -38.677    11.086     0.060     5.000         0
  -38.437    11.046     0.060     5.000         0
  -38.223    11.011     0.060     5.000         0
  -38.012    10.985     0.060     5.000         0
  -37.797    10.957     0.060     5.000         0
  -37.582    10.922     0.060     5.000         0
  -37.367    10.887     0.060     5.000         0
  -37.153    10.844     0.060     5.000         0
  -36.917    10.804     0.060     5.000         0
  -36.702    10.776     0.060     5.000         0
  -36.487    10.748     0.060     5.000         0
  -36.255    10.729     0.060     5.000         0
  -36.040    10.704     0.060     5.000         0
  -35.829    10.677     0.060     5.000         0
  -35.590    10.641     0.060     5.000         0
  -35.375    10.617     0.060     5.000         0
  -35.160    10.580     0.060     5.000         0
  -34.945    10.550     0.060     5.000         0
  -34.731    10.536     0.060     5.000         0
  -34.491    10.503     0.060     5.000         0
  -34.279    10.493     0.060     5.000         0
  -34.064    10.475     0.060     5.000         0
  -33.849    10.445     0.060     5.000         0
  -33.638    10.426     0.060     5.000         0
  -33.398    10.384     0.060     5.000         0
  -33.184    10.354     0.060     5.000         0
  -32.969    10.327     0.060     5.000         0
  -32.754    10.308     0.060     5.000         0
  -32.543    10.261     0.060     5.000         0
  -32.311    10.210     0.060     5.000         0
  -32.097    10.182     0.060     5.000         0
  -31.882    10.138     0.060     5.000         0
  -31.671    10.087     0.060     5.000         0
  -31.431    10.052     0.060     5.000         0
  -31.216    10.013     0.060     5.000         0
  -31.001     9.963     0.060     5.000         0
  -30.787     9.920     0.060     5.000         0
  -30.551     9.894     0.060     5.000         0
  -30.336     9.847     0.060     5.000         0
  -30.121     9.801     0.060     5.000         0
  -29.906     9.770     0.060     5.000         0
  -29.692     9.724     0.060     5.000         0
  -29.455     9.681     0.060     5.000         0
  -29.240     9.643     0.060     5.000         0
  -29.025     9.620     0.060     5.000         0
  -28.810     9.573     0.060     5.000         0
  -28.570     9.539     0.060     5.000         0
  -28.359     9.509     0.060     5.000         0
  -28.145     9.471     0.060     5.000         0
  -27.913     9.438     0.060     5.000         0
  -27.698     9.400     0.060     5.000         0
  -27.483     9.370     0.060     5.000         0
  -27.244     9.316     0.060     5.000         0
  -27.033     9.282     0.060     5.000         0
  -26.818     9.248     0.060     5.000         0
  -26.578     9.210     0.060     5.000         0
  -26.363     9.176     0.060     5.000         0
  -26.148     9.145     0.060     5.000         0
  -25.911     9.104     0.060     5.000         0
  -25.698     9.078     0.060     5.000         0
  -25.466     9.055     0.060     5.000         0
  -25.255     9.011     0.060     5.000         0
  -25.014     8.983     0.060     5.000         0
  -24.799     8.951     0.060     5.000         0
  -24.586     8.923     0.060     5.000         0
  -24.345     8.907     0.060     5.000         0
  -24.131     8.879     0.060     5.000         0
  -23.890     8.843     0.060     5.000         0
  -23.675     8.811     0.060     5.000         0
  -23.464     8.791     0.060     5.000         0
  -23.225     8.778     0.060     5.000         0
  -23.010     8.778     0.060     5.000         0
  -22.795     8.770     0.060     5.000         0
  -22.580     8.746     0.060     5.000         0
  -22.352     8.738     0.060     5.000         0
  -22.138     8.717     0.060     5.000         0
  -21.924     8.704     0.060     5.000         0
  -21.709     8.683     0.060     5.000         0
  -21.468     8.651     0.060     5.000         0
  -21.257     8.638     0.060     5.000         0
  -21.042     8.609     0.060     5.000         0
  -20.828     8.585     0.060     5.000         0
  -20.614     8.569     0.060     5.000         0
  -20.377     8.550     0.060     5.000         0
  -20.162     8.542     0.060     5.000         0
  -19.947     8.530     0.060     5.000         0
  -19.733     8.502     0.060     5.000         0
  -19.519     8.470     0.060     5.000         0
  -19.278     8.452     0.060     5.000         0
  -19.067     8.425     0.060     5.000         0
  -18.852     8.397     0.060     5.000         0
  -18.637     8.370     0.060     5.000         0
  -18.426     8.327     0.060     5.000         0
  -18.212     8.300     0.060     5.000         0
  -17.997     8.273     0.060     5.000         0
  -17.766     8.259     0.060     5.000         0
  -17.551     8.232     0.060     5.000         0
  -17.337     8.205     0.060     5.000         0
  -17.126     8.178     0.060     5.000         0
  -16.911     8.150     0.060     5.000         0
  -16.674     8.120     0.060     5.000         0
  -16.459     8.093     0.060     5.000         0
  -16.241     8.065     0.060     5.000         0
  -16.030     8.030     0.060     5.000         0
  -15.816     8.006     0.060     5.000         0
  -15.605     7.974     0.060     5.000         0
  -15.364     7.937     0.060     5.000         0
  -15.150     7.905     0.060     5.000         0
  -14.935     7.873     0.060     5.000         0
  -14.721     7.836     0.060     5.000         0
  -14.510     7.800     0.060     5.000         0
  -14.295     7.768     0.060     5.000         0
  -14.080     7.739     0.060     5.000         0
  -13.865     7.711     0.060     5.000         0
  -13.654     7.675     0.060     5.000         0
  -13.439     7.638     0.060     5.000         0
    0.000     0.000     0.000        -1
