    0.000     1.000     0.000         0
    0.020     3.399     0.060     1.000         0
    0.198     3.417     0.060     1.000         0
    0.388     3.424     0.060     1.000         0
    0.603     3.442     0.060     1.000         0
    0.788     3.459     0.060     1.000         0
    1.003     3.478     0.060     1.000         0
    1.193     3.504     0.060     1.000         0
    1.406     3.534     0.060     1.000         0
    1.617     3.572     0.060     1.000         0
    1.815     3.619     0.060     1.000         0
    2.030     3.678     0.060     1.000         0
    2.216     3.738     0.060     1.000         0
    2.431     3.793     0.060     1.000         0
    2.644     3.849     0.060     1.000         0
    2.834     3.908     0.060     1.000         0
    3.049     3.980     0.060     1.000         0
    3.264     4.062     0.060     1.000         0
    3.475     4.163     0.060     1.000         0
    3.664     4.215     0.060     1.000         0
    3.878     4.317     0.060     1.000         0
    4.089     4.397     0.060     1.000         0
    4.304     4.479     0.060     1.000         0
    4.518     4.561     0.060     1.000         0
    4.716     4.617     0.060     1.000         0
    4.927     4.707     0.060     1.000         0
    5.141     4.802     0.060     1.000         0
    5.356     4.907     0.060     1.000         0
    5.571     5.012     0.060     1.000         0
    5.782     5.115     0.060     1.000         0
    5.997     5.220     0.060     1.000         0
    6.211     5.324     0.060     1.000         0
    6.425     5.428     0.060     1.000         0
    6.640     5.533     0.060     1.000         0
    6.851     5.646     0.060     1.000         0
    7.040     5.749     0.060     1.000         0
    7.280     5.866     0.060     1.000         0
    7.492     5.949     0.060     1.000         0
    7.705     6.073     0.060     1.000         0
    7.920     6.168     0.060     1.000         0
    8.135     6.238     0.060     3.000         0
    8.350     6.298     0.060     3.000         0
    8.561     6.337     0.060     3.000         0
    8.750     6.367     0.060     3.000         0
    8.964     6.432     0.060     3.000         0
    9.178     6.482     0.060     3.000         0
    9.390     6.527     0.060     3.000         0
    9.604     6.577     0.060     3.000         0
    9.819     6.602     0.060     3.000         0
   10.033     6.652     0.060     3.000         0
   10.244     6.706     0.060     3.000         0
    8.135     6.347     0.060     4.000         0
    8.350     6.403     0.060     4.000         0
    8.561     6.424     0.060     4.000         0
    8.750     6.465     0.060     4.000         0
    8.964     6.511     0.060     4.000         0
    9.178     6.562     0.060     4.000         0
    9.390     6.613     0.060     4.000         0
    9.604     6.659     0.060     4.000         0
    9.819     6.700     0.060     4.000         0
   10.033     6.726     0.060     4.000         0
   10.244     6.772     0.060     4.000         0
   10.459     6.833     0.060     4.000         0
   10.673     6.879     0.060     4.000         0
   10.888     6.900     0.060     4.000         0
   11.103     6.966     0.060     4.000         0
   11.317     7.007     0.060     4.000         0
   11.528     7.043     0.060     4.000         0
   11.768     6.938     0.060     5.000         0
   11.983     6.968     0.060     5.000         0
   12.172     7.005     0.060     5.000         0
   12.408     7.039     0.060     5.000         0
   12.622     7.090     0.060     5.000         0
   12.837     7.126     0.060     5.000         0
   13.048     7.161     0.060     5.000         0
   13.263     7.197     0.060     5.000         0
   13.477     7.222     0.060     5.000         0
   13.692     7.258     0.060     5.000         0
   13.903     7.288     0.060     5.000         0
   14.117     7.319     0.060     5.000         0
   14.332     7.350     0.060     5.000         0
   14.546     7.380     0.060     5.000         0
   14.778     7.413     0.060     5.000         0
   14.989     7.444     0.060     5.000         0
   15.203     7.454     0.060     5.000         0
   15.418     7.500     0.060     5.000         0
   15.658     7.534     0.060     5.000         0
   15.872     7.565     0.060     5.000         0
   16.087     7.596     0.060     5.000         0
   16.298     7.626     0.060     5.000         0
   16.512     7.651     0.060     5.000         0
   16.727     7.672     0.060     5.000         0
   16.967     7.706     0.060     5.000         0
   17.178     7.736     0.060     5.000         0
   17.393     7.752     0.060     5.000         0
   17.606     7.787     0.060     5.000         0
   17.846     7.806     0.060     5.000         0
   18.061     7.817     0.060     5.000         0
   18.272     7.852     0.060     5.000         0
   18.487     7.877     0.060     5.000         0
   18.718     7.914     0.060     5.000         0
   18.932     7.949     0.060     5.000         0
   19.143     7.999     0.060     5.000         0
   19.383     8.038     0.060     5.000         0
   19.598     8.073     0.060     5.000         0
   19.813     8.108     0.060     5.000         0
   20.052     8.147     0.060     5.000         0
   20.266     8.171     0.060     5.000         0
   20.477     8.207     0.060     5.000         0
   20.717     8.241     0.060     5.000         0
   20.932     8.262     0.060     5.000         0
   21.147     8.287     0.060     5.000         0
   21.386     8.330     0.060     5.000         0
   21.597     8.367     0.060     5.000         0
   21.812     8.391     0.060     5.000         0
   22.026     8.434     0.060     5.000         0
   22.258     8.449     0.060     5.000         0
   22.469     8.477     0.060     5.000         0
   22.683     8.520     0.060     5.000         0
   22.923     8.565     0.060     5.000         0
   23.137     8.582     0.060     5.000         0
   23.352     8.619     0.060     5.000         0
   23.592     8.655     0.060     5.000         0
   23.803     8.691     0.060     5.000         0
   24.017     8.733     0.060     5.000         0
   24.232     8.755     0.060     5.000         0
   24.446     8.781     0.060     5.000         0
   24.657     8.833     0.060     5.000         0
   24.872     8.845     0.060     5.000         0
   25.111     8.884     0.060     5.000         0
   25.326     8.900     0.060     5.000         0
   25.540     8.930     0.060     5.000         0
   25.755     8.961     0.060     5.000         0
   25.966     9.006     0.060     5.000         0
   26.181     9.036     0.060     5.000         0
   26.395     9.062     0.060     5.000         0
   26.606     9.092     0.060     5.000         0
   26.820     9.117     0.060     5.000         0
   27.052     9.129     0.060     5.000         0
   27.267     9.160     0.060     5.000         0
   27.480     9.195     0.060     5.000         0
   27.691     9.229     0.060     5.000         0
   27.906     9.248     0.060     5.000         0
   28.121     9.302     0.060     5.000         0
   28.361     9.315     0.060     5.000         0
   28.576     9.354     0.060     5.000         0
   28.787     9.398     0.060     5.000         0
   29.000     9.416     0.060     5.000         0
   29.215     9.446     0.060     5.000         0
   29.430     9.495     0.060     5.000         0
   29.641     9.519     0.060     5.000         0
   29.881     9.559     0.060     5.000         0
   30.094     9.577     0.060     5.000         0
   30.309     9.599     0.060     5.000         0
   30.524     9.652     0.060     5.000         0
   30.735     9.669     0.060     5.000         0
   30.949     9.711     0.060     5.000         0
   31.164     9.744     0.060     5.000         0
   31.378     9.756     0.060     5.000         0
   31.589     9.803     0.060     5.000         0
   31.829     9.834     0.060     5.000         0
   32.043     9.857     0.060     5.000         0
   32.258     9.893     0.060     5.000         0
   32.472     9.924     0.060     5.000         0
   32.683     9.955     0.060     5.000         0
   32.897     9.961     0.060     5.000         0
   33.137    10.015     0.060     5.000         0
   33.352    10.041     0.060     5.000         0
   33.563    10.072     0.060     5.000         0
   33.778    10.098     0.060     5.000         0
   33.991    10.129     0.060     5.000         0
   34.206    10.155     0.060     5.000         0
   34.417    10.176     0.060     5.000         0
   34.632    10.217     0.060     5.000         0
   34.847    10.244     0.060     5.000         0
   35.060    10.271     0.060     5.000         0
   35.275    10.293     0.060     5.000         0
   35.486    10.319     0.060     5.000         0
   35.700    10.341     0.060     5.000         0
   35.915    10.373     0.060     5.000         0
   36.130    10.400     0.060     5.000         0
   36.341    10.451     0.060     5.000         0
   36.554    10.463     0.060     5.000         0
   36.769    10.500     0.060     5.000         0
   36.984    10.523     0.060     5.000         0
   37.212    10.572     0.060     5.000         0
   37.426    10.590     0.060     5.000         0
   37.640    10.623     0.060     5.000         0
   37.855    10.656     0.060     5.000         0
   38.066    10.688     0.060     5.000         0
   38.280    10.716     0.060     5.000         0
   38.495    10.757     0.060     5.000         0
   38.710    10.764     0.060     5.000         0
   38.949    10.818     0.060     5.000         0
   39.160    10.823     0.060     5.000         0
   39.374    10.874     0.060     5.000         0
   39.589    10.881     0.060     5.000         0
   39.804    10.927     0.060     5.000         0
   40.042    10.946     0.060     5.000         0
   40.257    10.992     0.060     5.000         0
   40.468    11.023     0.060     5.000         0
   40.683    11.039     0.060     5.000         0
   40.898    11.080     0.060     5.000         0
   41.112    11.106     0.060     5.000         0
   41.351    11.140     0.060     5.000         0
   41.562    11.166     0.060     5.000         0
   41.777    11.197     0.060     5.000         0
   41.991    11.228     0.060     5.000         0
   42.206    11.255     0.060     5.000         0
   42.434    11.287     0.060     5.000         0
   42.647    11.313     0.060     5.000         0
   42.862    11.345     0.060     5.000         0
   43.077    11.371     0.060     5.000         0
   43.288    11.392     0.060     5.000         0
    0.000    -1.000     0.000         0
   -7.427     5.960     0.060     1.000         0
   -7.212     5.853     0.060     1.000         0
   -7.001     5.738     0.060     1.000         0
   -6.811     5.634     0.060     1.000         0
   -6.596     5.518     0.060     1.000         0
   -6.381     5.411     0.060     1.000         0
   -6.170     5.306     0.060     1.000         0
   -5.974     5.204     0.060     1.000         0
   -5.759     5.092     0.060     1.000         0
   -5.544     4.997     0.060     1.000         0
   -5.329     4.901     0.060     1.000         0
   -5.143     4.809     0.060     1.000         0
   -4.930     4.714     0.060     1.000         0
   -4.715     4.614     0.060     1.000         0
   -4.525     4.525     0.060     1.000         0
   -4.314     4.406     0.060     1.000         0
   -4.099     4.310     0.060     1.000         0
   -3.914     4.229     0.060     1.000         0
   -3.699     4.154     0.060     1.000         0
   -3.510     4.117     0.060     1.000         0
   -3.296     4.053     0.060     1.000         0
   -3.084     3.974     0.060     1.000         0
   -2.886     3.910     0.060     1.000         0
   -2.672     3.845     0.060     1.000         0
   -2.458     3.786     0.060     1.000         0
   -2.269     3.729     0.060     1.000         0
   -2.057     3.670     0.060     1.000         0
   -1.843     3.633     0.060     1.000         0
   -1.653     3.591     0.060     1.000         0
   -1.442     3.554     0.060     1.000         0
   -1.252     3.520     0.060     1.000         0
   -1.039     3.493     0.060     1.000         0
   -0.828     3.467     0.060     1.000         0
   -0.630     3.442     0.060     1.000         0
   -0.415     3.425     0.060     1.000         0
   -0.226     3.413     0.060     1.000         0
  -11.772     7.460     0.060     2.000         0
  -11.557     7.409     0.060     2.000         0
  -11.367     7.345     0.060     2.000         0
  -11.156     7.273     0.060     2.000         0
  -10.942     7.196     0.060     2.000         0
  -10.728     7.128     0.060     2.000         0
  -10.538     7.064     0.060     2.000         0
  -10.327     6.987     0.060     2.000         0
  -10.112     6.914     0.060     2.000         0
   -9.898     6.841     0.060     2.000         0
   -9.709     6.782     0.060     2.000         0
   -9.498     6.711     0.060     2.000         0
   -9.283     6.618     0.060     2.000         0
   -9.068     6.545     0.060     2.000         0
   -8.874     6.499     0.060     2.000         0
   -8.656     6.425     0.060     2.000         0
   -8.445     6.353     0.060     2.000         0
   -8.230     6.280     0.060     2.000         0
   -8.041     6.216     0.060     2.000         0
   -7.830     6.145     0.060     2.000         0
   -7.640     6.080     0.060     2.000         0
   -7.427     5.998     0.060     2.000         0
  -20.536     9.168     0.060     4.000         0
  -20.325     9.113     0.060     4.000         0
  -20.110     9.068     0.060     4.000         0
  -19.896     9.032     0.060     4.000         0
  -19.681     8.996     0.060     4.000         0
  -19.466     8.930     0.060     4.000         0
  -19.252     8.885     0.060     4.000         0
  -19.066     8.845     0.060     4.000         0
  -18.851     8.799     0.060     4.000         0
  -18.637     8.754     0.060     4.000         0
  -18.422     8.713     0.060     4.000         0
  -18.211     8.673     0.060     4.000         0
  -17.996     8.637     0.060     4.000         0
  -17.781     8.591     0.060     4.000         0
  -17.596     8.551     0.060     4.000         0
  -17.382     8.506     0.060     4.000         0
  -17.167     8.465     0.060     4.000         0
  -16.952     8.424     0.060     4.000         0
  -16.741     8.404     0.060     4.000         0
  -16.551     8.348     0.060     4.000         0
  -16.337     8.322     0.060     4.000         0
  -16.123     8.267     0.060     4.000         0
  -15.908     8.226     0.060     4.000         0
  -15.714     8.199     0.060     4.000         0
  -15.499     8.159     0.060     4.000         0
  -15.288     8.120     0.060     4.000         0
  -15.073     8.085     0.060     4.000         0
  -14.859     8.056     0.060     4.000         0
  -14.644     8.016     0.060     4.000         0
  -14.429     7.981     0.060     4.000         0
  -14.244     7.951     0.060     4.000         0
  -14.029     7.921     0.060     4.000         0
  -13.814     7.897     0.060     4.000         0
  -13.626     7.861     0.060     4.000         0
  -13.414     7.837     0.060     4.000         0
  -13.200     7.808     0.060     4.000         0
  -13.010     7.787     0.060     4.000         0
  -12.795     7.763     0.060     4.000         0
  -12.584     7.749     0.060     4.000         0
  -12.387     7.732     0.060     4.000         0
  -12.172     7.707     0.060     4.000         0
  -11.983     7.686     0.060     4.000         0
  -11.772     7.662     0.060     4.000         0
  -11.557     7.628     0.060     4.000         0
  -56.399    13.552     0.060     5.000         0
  -56.188    13.537     0.060     5.000         0
  -55.974    13.482     0.060     5.000         0
  -55.734    13.442     0.060     5.000         0
  -55.519    13.407     0.060     5.000         0
  -55.304    13.392     0.060     5.000         0
  -55.093    13.357     0.060     5.000         0
  -54.879    13.302     0.060     5.000         0
  -54.638    13.272     0.060     5.000         0
  -54.423    13.227     0.060     5.000         0
  -54.212    13.202     0.060     5.000         0
  -53.997    13.156     0.060     5.000         0
  -53.782    13.121     0.060     5.000         0
  -53.551    13.103     0.060     5.000         0
  -53.340    13.048     0.060     5.000         0
  -53.121    13.012     0.060     5.000         0
  -52.910    12.997     0.060     5.000         0
  -52.695    12.947     0.060     5.000         0
  -52.456    12.923     0.060     5.000         0
  -52.241    12.877     0.060     5.000         0
  -52.030    12.842     0.060     5.000         0
  -51.815    12.797     0.060     5.000         0
  -51.600    12.767     0.060     5.000         0
  -51.385    12.741     0.060     5.000         0
  -51.148    12.687     0.060     5.000         0
  -50.934    12.667     0.060     5.000         0
  -50.719    12.632     0.060     5.000         0
  -50.504    12.581     0.060     5.000         0
  -50.289    12.566     0.060     5.000         0
  -50.078    12.531     0.060     5.000         0
  -49.864    12.486     0.060     5.000         0
  -49.649    12.446     0.060     5.000         0
  -49.434    12.425     0.060     5.000         0
  -49.223    12.386     0.060     5.000         0
  -49.008    12.355     0.060     5.000         0
  -48.768    12.322     0.060     5.000         0
  -48.554    12.312     0.060     5.000         0
  -48.343    12.282     0.060     5.000         0
  -48.128    12.252     0.060     5.000         0
  -47.913    12.217     0.060     5.000         0
  -47.698    12.171     0.060     5.000         0
  -47.484    12.146     0.060     5.000         0
  -47.248    12.123     0.060     5.000         0
  -47.033    12.083     0.060     5.000         0
  -46.818    12.048     0.060     5.000         0
  -46.586    12.015     0.060     5.000         0
  -46.371    12.000     0.060     5.000         0
  -46.160    11.965     0.060     5.000         0
  -45.921    11.941     0.060     5.000         0
  -45.706    11.906     0.060     5.000         0
  -45.491    11.880     0.060     5.000         0
  -45.276    11.859     0.060     5.000         0
  -45.062    11.823     0.060     5.000         0
  -44.821    11.814     0.060     5.000         0
  -44.610    11.789     0.060     5.000         0
  -44.395    11.763     0.060     5.000         0
  -44.180    11.737     0.060     5.000         0
  -43.969    11.712     0.060     5.000         0
  -43.729    11.673     0.060     5.000         0
  -43.515    11.647     0.060     5.000         0
  -43.300    11.613     0.060     5.000         0
  -43.085    11.579     0.060     5.000         0
  -42.874    11.571     0.060     5.000         0
  -42.642    11.519     0.060     5.000         0
  -42.428    11.490     0.060     5.000         0
  -42.213    11.481     0.060     5.000         0
  -42.002    11.433     0.060     5.000         0
  -41.762    11.420     0.060     5.000         0
  -41.547    11.371     0.060     5.000         0
  -41.332    11.347     0.060     5.000         0
  -41.118    11.313     0.060     5.000         0
  -40.882    11.281     0.060     5.000         0
  -40.667    11.272     0.060     5.000         0
  -40.452    11.243     0.060     5.000         0
  -40.237    11.209     0.060     5.000         0
  -40.023    11.175     0.060     5.000         0
  -39.786    11.143     0.060     5.000         0
  -39.571    11.113     0.060     5.000         0
  -39.356    11.072     0.060     5.000         0
  -39.141    11.042     0.060     5.000         0
  -38.901    11.008     0.060     5.000         0
  -38.690    10.979     0.060     5.000         0
  -38.476    10.969     0.060     5.000         0
  -38.244    10.916     0.060     5.000         0
  -38.029    10.906     0.060     5.000         0
  -37.814    10.861     0.060     5.000         0
  -37.575    10.827     0.060     5.000         0
  -37.364    10.802     0.060     5.000         0
  -37.149    10.762     0.060     5.000         0
  -36.909    10.738     0.060     5.000         0
  -36.694    10.702     0.060     5.000         0
  -36.479    10.696     0.060     5.000         0
  -36.242    10.652     0.060     5.000         0
  -36.029    10.641     0.060     5.000         0
  -35.797    10.613     0.060     5.000         0
  -35.586    10.573     0.060     5.000         0
  -35.345    10.543     0.060     5.000         0
  -35.130    10.512     0.060     5.000         0
  -34.917    10.506     0.060     5.000         0
  -34.676    10.477     0.060     5.000         0
  -34.462    10.451     0.060     5.000         0
  -34.221    10.422     0.060     5.000         0
  -34.006    10.395     0.060     5.000         0
  -33.795    10.350     0.060     5.000         0
  -33.556    10.341     0.060     5.000         0
  -33.341    10.295     0.060     5.000         0
  -33.126    10.268     0.060     5.000         0
  -32.911    10.257     0.060     5.000         0
  -32.683    10.215     0.060     5.000         0
  -32.469    10.189     0.060     5.000         0
  -32.254    10.182     0.060     5.000         0
  -32.040    10.156     0.060     5.000         0
  -31.799    10.107     0.060     5.000         0
  -31.588    10.086     0.060     5.000         0
  -31.373    10.055     0.060     5.000         0
  -31.159    10.049     0.060     5.000         0
  -30.945    10.008     0.060     5.000         0
  -30.708     9.974     0.060     5.000         0
  -30.493     9.968     0.060     5.000         0
  -30.278     9.942     0.060     5.000         0
  -30.064     9.896     0.060     5.000         0
  -29.850     9.870     0.060     5.000         0
  -29.609     9.851     0.060     5.000         0
  -29.398     9.825     0.060     5.000         0
  -29.183     9.789     0.060     5.000         0
  -28.968     9.762     0.060     5.000         0
  -28.757     9.736     0.060     5.000         0
  -28.543     9.710     0.060     5.000         0
  -28.328     9.683     0.060     5.000         0
  -28.097     9.655     0.060     5.000         0
  -27.882     9.628     0.060     5.000         0
  -27.668     9.622     0.060     5.000         0
  -27.457     9.576     0.060     5.000         0
  -27.242     9.570     0.060     5.000         0
  -27.005     9.540     0.060     5.000         0
  -26.790     9.494     0.060     5.000         0
  -26.572     9.487     0.060     5.000         0
  -26.361     9.461     0.060     5.000         0
  -26.147     9.430     0.060     5.000         0
  -25.936     9.399     0.060     5.000         0
  -25.695     9.369     0.060     5.000         0
  -25.481     9.347     0.060     5.000         0
  -25.266     9.325     0.060     5.000         0
  -25.052     9.293     0.060     5.000         0
  -24.841     9.257     0.060     5.000         0
  -24.626     9.240     0.060     5.000         0
  -24.411     9.208     0.060     5.000         0
  -24.196     9.176     0.060     5.000         0
  -23.985     9.155     0.060     5.000         0
  -23.770     9.128     0.060     5.000         0
  -23.556     9.106     0.060     5.000         0
  -23.341     9.079     0.060     5.000         0
  -23.105     9.045     0.060     5.000         0
  -22.886     9.023     0.060     5.000         0
  -22.675     8.987     0.060     5.000         0
  -22.461     8.950     0.060     5.000         0
  -22.246     8.918     0.060     5.000         0
  -22.032     8.897     0.060     5.000         0
  -21.817     8.866     0.060     5.000         0
  -21.606     8.836     0.060     5.000         0
  -21.391     8.805     0.060     5.000         0
  -21.177     8.764     0.060     5.000         0
  -20.966     8.721     0.060     5.000         0
  -20.751     8.706     0.060     5.000         0
  -20.536     8.652     0.060     5.000         0
  -20.325     8.623     0.060     5.000         0
  -20.110     8.584     0.060     5.000         0
  -19.896     8.550     0.060     5.000         0
  -19.681     8.515     0.060     5.000         0
  -19.466     8.481     0.060     5.000         0
  -19.252     8.457     0.060     5.000         0
  -19.066     8.427     0.060     5.000         0
  -18.851     8.403     0.060     5.000         0
  -18.637     8.364     0.060     5.000         0
  -18.422     8.334     0.060     5.000         0
  -18.211     8.291     0.060     5.000         0
  -17.996     8.255     0.060     5.000         0
  -17.781     8.220     0.060     5.000         0
  -17.596     8.193     0.060     5.000         0
  -17.382     8.183     0.060     5.000         0
  -17.167     8.132     0.060     5.000         0
  -16.952     8.122     0.060     5.000         0
  -16.741     8.092     0.060     5.000         0
  -16.551     8.065     0.060     5.000         0
  -16.337     8.034     0.060     5.000         0
  -16.123     8.004     0.060     5.000         0
  -15.908     7.974     0.060     5.000         0
  -15.714     7.926     0.060     5.000         0
  -15.499     7.901     0.060     5.000         0
  -15.288     7.871     0.060     5.000         0
  -15.073     7.840     0.060     5.000         0
  -14.859     7.805     0.060     5.000         0
  -14.644     7.784     0.060     5.000         0
  -14.429     7.755     0.060     5.000         0
  -14.244     7.739     0.060     5.000         0
  -14.029     7.720     0.060     5.000         0
  -13.814     7.712     0.060     5.000         0
  -13.626     7.700     0.060     5.000         0
  -13.414     7.687     0.060     5.000         0
  -13.200     7.648     0.060     5.000         0
  -13.010     7.631     0.060     5.000         0
  -12.795     7.632     0.060     5.000         0
    0.000     0.000     0.000        -1
