    0.000     1.000     0.000         0
    0.492     3.443     0.060     1.000         0
    0.707     3.468     0.060     1.000         0
    0.921     3.523     0.060     1.000         0
    1.135     3.557     0.060     1.000         0
    1.346     3.572     0.060     1.000         0
    1.586     3.611     0.060     1.000         0
    1.801     3.646     0.060     1.000         0
    1.990     3.687     0.060     1.000         0
    2.227     3.747     0.060     1.000         0
    2.440     3.810     0.060     1.000         0
    2.655     3.874     0.060     1.000         0
    2.866     3.937     0.060     1.000         0
    3.081     4.021     0.060     1.000         0
    3.296     4.085     0.060     1.000         0
    3.510     4.129     0.060     1.000         0
    3.722     4.202     0.060     1.000         0
    3.935     4.286     0.060     1.000         0
    4.150     4.382     0.060     1.000         0
    4.365     4.477     0.060     1.000         0
    4.596     4.580     0.060     1.000         0
    4.807     4.679     0.060     1.000         0
    5.021     4.779     0.060     1.000         0
    5.236     4.874     0.060     1.000         0
    5.476     4.986     0.060     1.000         0
    5.691     5.095     0.060     1.000         0
    5.905     5.204     0.060     1.000         0
    6.116     5.311     0.060     1.000         0
    6.330     5.420     0.060     1.000         0
    6.545     5.529     0.060     1.000         0
    6.785     5.666     0.060     1.000         0
    6.996     5.759     0.060     1.000         0
    7.211     5.888     0.060     1.000         0
    7.424     5.986     0.060     1.000         0
    7.664     6.055     0.060     1.000         0
    7.879     6.135     0.060     1.000         0
    8.090     6.238     0.060     2.000         0
    8.305     6.299     0.060     2.000         0
    8.537     6.416     0.060     2.000         0
    8.750     6.485     0.060     2.000         0
    8.961     6.553     0.060     2.000         0
    9.201     6.630     0.060     2.000         0
    9.416     6.705     0.060     2.000         0
    9.631     6.774     0.060     2.000         0
    9.870     6.846     0.060     2.000         0
   10.084     6.925     0.060     2.000         0
   10.296     7.004     0.060     2.000         0
   10.536     7.071     0.060     2.000         0
   10.965     7.151     0.060     3.000         0
   11.204     7.205     0.060     3.000         0
   11.415     7.261     0.060     3.000         0
   11.630     7.301     0.060     3.000         0
   11.845     7.342     0.060     3.000         0
   12.076     7.392     0.060     3.000         0
   12.287     7.416     0.060     5.000         0
   12.501     7.438     0.060     5.000         0
   12.741     7.468     0.060     5.000         0
   12.956     7.496     0.060     5.000         0
   13.170     7.528     0.060     5.000         0
   13.410     7.559     0.060     5.000         0
   13.622     7.591     0.060     5.000         0
   13.835     7.618     0.060     5.000         0
   14.050     7.645     0.060     5.000         0
   14.265     7.678     0.060     5.000         0
   14.476     7.715     0.060     5.000         0
   14.690     7.732     0.060     5.000         0
   14.929     7.782     0.060     5.000         0
   15.144     7.805     0.060     5.000         0
   15.359     7.832     0.060     5.000         0
   15.573     7.854     0.060     5.000         0
   15.784     7.881     0.060     5.000         0
   15.999     7.914     0.060     5.000         0
   16.213     7.941     0.060     5.000         0
   16.424     7.988     0.060     5.000         0
   16.639     8.000     0.060     5.000         0
   16.870     8.030     0.060     5.000         0
   17.085     8.077     0.060     5.000         0
   17.298     8.109     0.060     5.000         0
   17.509     8.136     0.060     5.000         0
   17.724     8.149     0.060     5.000         0
   17.939     8.186     0.060     5.000         0
   18.179     8.226     0.060     5.000         0
   18.394     8.244     0.060     5.000         0
   18.605     8.291     0.060     5.000         0
   18.818     8.319     0.060     5.000         0
   19.033     8.342     0.060     5.000         0
   19.248     8.360     0.060     5.000         0
   19.459     8.403     0.060     5.000         0
   19.699     8.434     0.060     5.000         0
   19.912     8.457     0.060     5.000         0
   20.127     8.490     0.060     5.000         0
   20.342     8.518     0.060     5.000         0
   20.553     8.530     0.060     5.000         0
   20.768     8.558     0.060     5.000         0
   20.982     8.596     0.060     5.000         0
   21.196     8.609     0.060     5.000         0
   21.407     8.637     0.060     5.000         0
   21.647     8.668     0.060     5.000         0
   21.862     8.696     0.060     5.000         0
   22.076     8.734     0.060     5.000         0
   22.290     8.754     0.060     5.000         0
   22.501     8.788     0.060     5.000         0
   22.716     8.813     0.060     5.000         0
   22.956     8.847     0.060     5.000         0
   23.170     8.877     0.060     5.000         0
   23.381     8.906     0.060     5.000         0
   23.596     8.936     0.060     5.000         0
   23.810     8.966     0.060     5.000         0
   24.024     8.996     0.060     5.000         0
   24.235     9.045     0.060     5.000         0
   24.450     9.055     0.060     5.000         0
   24.665     9.085     0.060     5.000         0
   24.878     9.125     0.060     5.000         0
   25.093     9.145     0.060     5.000         0
   25.304     9.174     0.060     5.000         0
   25.519     9.214     0.060     5.000         0
   25.733     9.241     0.060     5.000         0
   25.948     9.279     0.060     5.000         0
   26.159     9.300     0.060     5.000         0
   26.373     9.332     0.060     5.000         0
   26.587     9.370     0.060     5.000         0
   26.802     9.417     0.060     5.000         0
   27.030     9.436     0.060     5.000         0
   27.245     9.478     0.060     5.000         0
   27.458     9.495     0.060     5.000         0
   27.673     9.528     0.060     5.000         0
   27.884     9.559     0.060     5.000         0
   28.098     9.591     0.060     5.000         0
   28.313     9.634     0.060     5.000         0
   28.528     9.676     0.060     5.000         0
   28.767     9.712     0.060     5.000         0
   28.978     9.724     0.060     5.000         0
   29.192     9.766     0.060     5.000         0
   29.407     9.807     0.060     5.000         0
   29.622     9.819     0.060     5.000         0
   29.861     9.874     0.060     5.000         0
   30.075     9.905     0.060     5.000         0
   30.286     9.936     0.060     5.000         0
   30.501     9.968     0.060     5.000         0
   30.716     9.999     0.060     5.000         0
   30.930    10.025     0.060     5.000         0
   31.169    10.066     0.060     5.000         0
   51.263    12.990     0.060     5.000         0
   51.474    13.041     0.060     5.000         0
   51.714    13.077     0.060     5.000         0
   51.929    13.088     0.060     5.000         0
   52.144    13.140     0.060     5.000         0
   52.382    13.164     0.060     5.000         0
   52.593    13.195     0.060     5.000         0
   52.808    13.232     0.060     5.000         0
   53.023    13.238     0.060     5.000         0
   53.262    13.287     0.060     5.000         0
   53.477    13.303     0.060     5.000         0
   53.688    13.334     0.060     5.000         0
   53.901    13.345     0.060     5.000         0
   54.141    13.395     0.060     5.000         0
   54.356    13.411     0.060     5.000         0
   54.571    13.447     0.060     5.000         0
   54.782    13.473     0.060     5.000         0
   54.995    13.499     0.060     5.000         0
   55.210    13.515     0.060     5.000         0
   55.441    13.554     0.060     5.000         0
   55.656    13.581     0.060     5.000         0
   55.870    13.608     0.060     5.000         0
   56.081    13.614     0.060     5.000         0
   56.295    13.661     0.060     5.000         0
   56.534    13.691     0.060     5.000         0
   56.745    13.717     0.060     5.000         0
   56.960    13.744     0.060     5.000         0
   57.175    13.751     0.060     5.000         0
   57.628    13.808     0.060     5.000         0
   57.839    13.854     0.060     5.000         0
   58.053    13.881     0.060     5.000         0
   58.268    13.888     0.060     5.000         0
   58.508    13.928     0.060     5.000         0
   58.721    13.967     0.060     5.000         0
   58.932    13.975     0.060     5.000         0
   59.164    14.007     0.060     5.000         0
   59.378    14.036     0.060     5.000         0
   59.593    14.085     0.060     5.000         0
   59.832    14.112     0.060     5.000         0
   60.046    14.146     0.060     5.000         0
   60.261    14.176     0.060     5.000         0
   60.497    14.188     0.060     5.000         0
   60.712    14.217     0.060     5.000         0
   60.926    14.266     0.060     5.000         0
   61.163    14.278     0.060     5.000         0
   61.376    14.327     0.060     5.000         0
   61.590    14.341     0.060     5.000         0
   61.830    14.378     0.060     5.000         0
   62.045    14.416     0.060     5.000         0
   62.256    14.433     0.060     5.000         0
   62.469    14.461     0.060     5.000         0
   62.701    14.501     0.060     5.000         0
   62.915    14.528     0.060     5.000         0
   63.130    14.541     0.060     5.000         0
   63.366    14.576     0.060     5.000         0
   63.581    14.599     0.060     5.000         0
   63.819    14.645     0.060     5.000         0
   64.034    14.657     0.060     5.000         0
   64.249    14.680     0.060     5.000         0
   64.485    14.730     0.060     5.000         0
   64.699    14.758     0.060     5.000         0
   64.930    14.768     0.060     5.000         0
   65.141    14.815     0.060     5.000         0
   65.355    14.842     0.060     5.000         0
   65.570    14.860     0.060     5.000         0
   65.810    14.895     0.060     5.000         0
   66.024    14.898     0.060     5.000         0
   66.235    14.920     0.060     5.000         0
   66.474    14.960     0.060     5.000         0
   66.688    14.988     0.060     5.000         0
   66.903    14.990     0.060     5.000         0
   67.117    15.033     0.060     5.000         0
   67.356    15.048     0.060     5.000         0
   67.571    15.061     0.060     5.000         0
   67.782    15.083     0.060     5.000         0
   68.021    15.108     0.060     5.000         0
   68.236    15.136     0.060     5.000         0
   68.451    15.163     0.060     5.000         0
   68.678    15.188     0.060     5.000         0
   68.892    15.206     0.060     5.000         0
   69.132    15.227     0.060     5.000         0
   69.346    15.265     0.060     5.000         0
   69.561    15.273     0.060     5.000         0
   69.799    15.319     0.060     5.000         0
   70.010    15.342     0.060     5.000         0
   70.250    15.348     0.060     5.000         0
   70.465    15.386     0.060     5.000         0
   70.696    15.396     0.060     5.000         0
   70.907    15.439     0.060     5.000         0
   71.147    15.445     0.060     5.000         0
   71.360    15.488     0.060     5.000         0
   71.600    15.494     0.060     5.000         0
   71.815    15.527     0.060     5.000         0
   72.051    15.561     0.060     5.000         0
   72.265    15.583     0.060     5.000         0
   72.504    15.607     0.060     5.000         0
   72.719    15.628     0.060     5.000         0
   72.933    15.650     0.060     5.000         0
   73.161    15.653     0.060     5.000         0
   73.376    15.675     0.060     5.000         0
   73.590    15.697     0.060     5.000         0
   73.803    15.738     0.060     5.000         0
   74.040    15.762     0.060     5.000         0
   74.254    15.769     0.060     5.000         0
   74.494    15.803     0.060     5.000         0
   74.709    15.825     0.060     5.000         0
   78.738    16.227     0.060     5.000         0
   78.951    16.249     0.060     5.000         0
   79.191    16.276     0.060     5.000         0
   79.405    16.319     0.060     5.000         0
   79.645    16.356     0.060     5.000         0
   79.856    16.378     0.060     5.000         0
   80.086    16.419     0.060     5.000         0
   80.301    16.447     0.060     5.000         0
   80.541    16.484     0.060     5.000         0
   80.752    16.536     0.060     5.000         0
   80.966    16.569     0.060     5.000         0
   81.206    16.606     0.060     5.000         0
   81.419    16.639     0.060     5.000         0
   81.659    16.676     0.060     5.000         0
   81.870    16.709     0.060     5.000         0
   82.110    16.736     0.060     5.000         0
   82.324    16.744     0.060     5.000         0
   82.537    16.783     0.060     5.000         0
   82.769    16.803     0.060     5.000         0
   82.983    16.822     0.060     5.000         0
   83.220    16.842     0.060     5.000         0
   83.434    16.841     0.060     5.000         0
   83.674    16.861     0.060     5.000         0
   83.887    16.890     0.060     5.000         0
   84.127    16.911     0.060     5.000         0
   84.338    16.929     0.060     5.000         0
   84.552    16.940     0.060     5.000         0
   84.784    16.968     0.060     5.000         0
   84.997    17.000     0.060     5.000         0
   85.212    17.011     0.060     5.000         0
   85.451    17.040     0.060     5.000         0
   85.662    17.066     0.060     5.000         0
   85.877    17.087     0.060     5.000         0
   86.117    17.096     0.060     5.000         0
   86.330    17.138     0.060     5.000         0
   86.544    17.154     0.060     5.000         0
   86.781    17.182     0.060     5.000         0
   86.995    17.204     0.060     5.000         0
   87.210    17.225     0.060     5.000         0
   87.423    17.236     0.060     5.000         0
   87.663    17.277     0.060     5.000         0
   87.874    17.289     0.060     5.000         0
   88.105    17.334     0.060     5.000         0
   88.319    17.361     0.060     5.000         0
   88.534    17.369     0.060     5.000         0
   88.772    17.399     0.060     5.000         0
   88.983    17.426     0.060     5.000         0
   89.223    17.477     0.060     5.000         0
   89.438    17.499     0.060     5.000         0
   89.677    17.515     0.060     5.000         0
   89.888    17.552     0.060     5.000         0
   90.102    17.583     0.060     5.000         0
   90.333    17.611     0.060     5.000         0
   90.547    17.642     0.060     5.000         0
   90.762    17.648     0.060     5.000         0
   90.998    17.677     0.060     5.000         0
   91.213    17.713     0.060     5.000         0
   91.426    17.728     0.060     5.000         0
   91.666    17.778     0.060     5.000         0
   91.880    17.794     0.060     5.000         0
   92.091    17.841     0.060     5.000         0
   92.331    17.874     0.060     5.000         0
   92.544    17.902     0.060     5.000         0
   92.784    17.960     0.060     5.000         0
   92.998    17.989     0.060     5.000         0
   93.230    18.045     0.060     5.000         0
   93.441    18.083     0.060     5.000         0
   93.655    18.101     0.060     5.000         0
   93.894    18.159     0.060     5.000         0
   94.108    18.182     0.060     5.000         0
   94.319    18.220     0.060     5.000         0
   94.533    18.263     0.060     5.000         0
   94.773    18.306     0.060     5.000         0
   94.986    18.359     0.060     5.000         0
   95.201    18.378     0.060     5.000         0
   95.441    18.431     0.060     5.000         0
    0.000    -1.000     0.000         0
   -7.132     5.772     0.060     1.000         0
   -6.917     5.659     0.060     1.000         0
   -6.706     5.554     0.060     1.000         0
   -6.517     5.455     0.060     1.000         0
   -6.303     5.348     0.060     1.000         0
   -6.092     5.242     0.060     1.000         0
   -5.877     5.135     0.060     1.000         0
   -5.662     5.033     0.060     1.000         0
   -5.465     4.929     0.060     1.000         0
   -5.254     4.834     0.060     1.000         0
   -5.040     4.734     0.060     1.000         0
   -4.825     4.643     0.060     1.000         0
   -4.610     4.553     0.060     1.000         0
   -4.399     4.484     0.060     1.000         0
   -4.184     4.394     0.060     1.000         0
   -3.970     4.304     0.060     1.000         0
   -3.756     4.194     0.060     1.000         0
   -3.541     4.103     0.060     1.000         0
   -3.330     4.025     0.060     1.000         0
   -3.141     3.986     0.060     1.000         0
   -2.900     3.924     0.060     1.000         0
   -2.690     3.860     0.060     1.000         0
   -2.476     3.794     0.060     1.000         0
   -2.261     3.739     0.060     1.000         0
   -2.046     3.683     0.060     1.000         0
   -1.831     3.628     0.060     1.000         0
   -1.621     3.584     0.060     1.000         0
   -1.431     3.557     0.060     1.000         0
   -1.217     3.558     0.060     1.000         0
   -1.003     3.539     0.060     1.000         0
   -0.792     3.506     0.060     1.000         0
   -0.577     3.482     0.060     1.000         0
   -0.362     3.463     0.060     1.000         0
   -0.150     3.451     0.060     1.000         0
   -0.077     3.437     0.060     1.000         0
   -0.279     3.466     0.060     1.000         0
   -8.775     6.446     0.060     2.000         0
   -8.564     6.373     0.060     2.000         0
   -8.366     6.295     0.060     2.000         0
   -8.151     6.211     0.060     2.000         0
   -7.965     6.118     0.060     2.000         0
   -7.750     6.033     0.060     2.000         0
   -7.537     5.950     0.060     2.000         0
   -7.347     5.875     0.060     2.000         0
   -7.132     5.800     0.060     2.000         0
  -18.012     8.239     0.060     3.000         0
  -17.822     8.195     0.060     3.000         0
  -17.609     8.160     0.060     3.000         0
  -17.394     8.115     0.060     3.000         0
  -17.183     8.070     0.060     3.000         0
  -16.993     8.030     0.060     3.000         0
  -16.778     7.985     0.060     3.000         0
  -16.563     7.934     0.060     3.000         0
  -16.352     7.885     0.060     3.000         0
  -16.155     7.838     0.060     3.000         0
  -15.941     7.793     0.060     3.000         0
  -15.726     7.752     0.060     3.000         0
  -15.511     7.697     0.060     3.000         0
  -15.325     7.668     0.060     3.000         0
  -15.111     7.612     0.060     3.000         0
  -14.897     7.571     0.060     3.000         0
  -14.707     7.525     0.060     3.000         0
  -14.496     7.485     0.060     3.000         0
  -14.281     7.444     0.060     3.000         0
  -14.095     7.404     0.060     3.000         0
  -13.881     7.354     0.060     3.000         0
  -13.692     7.308     0.060     3.000         0
  -13.477     7.267     0.060     3.000         0
  -13.266     7.217     0.060     3.000         0
  -13.068     7.179     0.060     3.000         0
  -12.853     7.138     0.060     3.000         0
  -12.640     7.086     0.060     3.000         0
  -12.450     7.049     0.060     3.000         0
  -12.239     7.007     0.060     3.000         0
  -12.024     6.965     0.060     3.000         0
  -11.835     6.928     0.060     3.000         0
  -11.624     6.886     0.060     3.000         0
  -11.434     6.849     0.060     3.000         0
  -11.221     6.817     0.060     3.000         0
  -11.010     6.775     0.060     3.000         0
  -10.812     6.751     0.060     3.000         0
  -10.597     6.714     0.060     3.000         0
  -10.407     6.686     0.060     3.000         0
  -10.194     6.655     0.060     3.000         0
   -9.983     6.628     0.060     3.000         0
   -9.793     6.595     0.060     3.000         0
   -9.578     6.583     0.060     3.000         0
   -9.393     6.556     0.060     3.000         0
   -9.178     6.524     0.060     3.000         0
   -8.988     6.486     0.060     3.000         0
  -21.739     8.909     0.060     4.000         0
  -21.549     8.890     0.060     4.000         0
  -21.338     8.858     0.060     4.000         0
  -21.124     8.805     0.060     4.000         0
  -20.909     8.787     0.060     4.000         0
  -20.720     8.744     0.060     4.000         0
  -20.509     8.721     0.060     4.000         0
  -20.294     8.699     0.060     4.000         0
  -20.080     8.656     0.060     4.000         0
  -19.891     8.617     0.060     4.000         0
  -19.680     8.595     0.060     4.000         0
  -19.465     8.566     0.060     4.000         0
  -19.250     8.538     0.060     4.000         0
  -19.056     8.516     0.060     4.000         0
  -18.838     8.493     0.060     4.000         0
  -18.627     8.470     0.060     4.000         0
  -18.412     8.446     0.060     4.000         0
  -18.223     8.425     0.060     4.000         0
  -18.012     8.412     0.060     4.000         0
  -17.822     8.395     0.060     4.000         0
  -17.609     8.381     0.060     4.000         0
  -17.394     8.352     0.060     4.000         0
  -17.183     8.338     0.060     4.000         0
  -16.993     8.326     0.060     4.000         0
  -16.778     8.312     0.060     4.000         0
  -16.563     8.283     0.060     4.000         0
  -84.809    16.821     0.060     5.000         0
  -84.623    16.805     0.060     5.000         0
  -84.408    16.754     0.060     5.000         0
  -84.197    16.728     0.060     5.000         0
  -84.007    16.701     0.060     5.000         0
  -83.793    16.680     0.060     5.000         0
  -83.582    16.654     0.060     5.000         0
  -83.392    16.607     0.060     5.000         0
  -83.177    16.586     0.060     5.000         0
  -82.987    16.552     0.060     5.000         0
  -82.776    16.526     0.060     5.000         0
  -82.579    16.501     0.060     5.000         0
  -82.364    16.474     0.060     5.000         0
  -82.149    16.467     0.060     5.000         0
  -81.963    16.424     0.060     5.000         0
  -81.748    16.417     0.060     5.000         0
  -81.533    16.370     0.060     5.000         0
  -81.319    16.364     0.060     5.000         0
  -81.108    16.327     0.060     5.000         0
  -80.893    16.293     0.060     5.000         0
  -80.703    16.292     0.060     5.000         0
  -80.488    16.268     0.060     5.000         0
  -80.277    16.225     0.060     5.000         0
  -80.063    16.201     0.060     5.000         0
  -79.848    16.192     0.060     5.000         0
  -79.633    16.153     0.060     5.000         0
  -79.422    16.129     0.060     5.000         0
  -79.207    16.105     0.060     5.000         0
  -78.991    16.086     0.060     5.000         0
  -78.778    16.068     0.060     5.000         0
  -78.566    16.062     0.060     5.000         0
  -78.351    16.031     0.060     5.000         0
  -78.111    16.009     0.060     5.000         0
  -77.896    16.003     0.060     5.000         0
  -77.685    15.998     0.060     5.000         0
  -77.467    15.982     0.060     5.000         0
  -77.256    15.966     0.060     5.000         0
  -77.041    15.931     0.060     5.000         0
  -76.826    15.925     0.060     5.000         0
  -61.330    13.946     0.060     5.000         0
  -61.116    13.922     0.060     5.000         0
  -60.901    13.883     0.060     5.000         0
  -60.686    13.854     0.060     5.000         0
  -60.471    13.799     0.060     5.000         0
  -60.260    13.786     0.060     5.000         0
  -60.046    13.752     0.060     5.000         0
  -59.831    13.697     0.060     5.000         0
  -59.616    13.678     0.060     5.000         0
  -59.405    13.644     0.060     5.000         0
  -59.190    13.605     0.060     5.000         0
  -58.950    13.567     0.060     5.000         0
  -58.736    13.543     0.060     5.000         0
  -58.525    13.509     0.060     5.000         0
  -58.310    13.475     0.060     5.000         0
  -58.095    13.440     0.060     5.000         0
  -57.880    13.406     0.060     5.000         0
  -57.666    13.357     0.060     5.000         0
  -57.429    13.334     0.060     5.000         0
  -57.214    13.290     0.060     5.000         0
  -56.999    13.270     0.060     5.000         0
  -56.767    13.237     0.060     5.000         0
  -56.552    13.207     0.060     5.000         0
  -56.341    13.178     0.060     5.000         0
  -56.102    13.125     0.060     5.000         0
  -55.887    13.099     0.060     5.000         0
  -55.672    13.084     0.060     5.000         0
  -55.457    13.054     0.060     5.000         0
  -55.243    13.005     0.060     5.000         0
  -55.003    12.971     0.060     5.000         0
  -54.792    12.952     0.060     5.000         0
  -54.577    12.915     0.060     5.000         0
  -54.362    12.888     0.060     5.000         0
  -54.151    12.861     0.060     5.000         0
  -53.910    12.831     0.060     5.000         0
  -53.697    12.825     0.060     5.000         0
  -53.482    12.798     0.060     5.000         0
  -53.267    12.761     0.060     5.000         0
  -53.056    12.745     0.060     5.000         0
  -52.824    12.696     0.060     5.000         0
  -52.610    12.689     0.060     5.000         0
  -52.395    12.642     0.060     5.000         0
  -52.184    12.626     0.060     5.000         0
  -51.943    12.605     0.060     5.000         0
  -51.728    12.574     0.060     5.000         0
  -51.513    12.532     0.060     5.000         0
  -51.300    12.515     0.060     5.000         0
  -51.063    12.488     0.060     5.000         0
  -50.848    12.434     0.060     5.000         0
  -50.633    12.400     0.060     5.000         0
  -50.418    12.386     0.060     5.000         0
  -50.205    12.333     0.060     5.000         0
  -49.968    12.311     0.060     5.000         0
  -49.753    12.262     0.060     5.000         0
  -49.538    12.238     0.060     5.000         0
  -49.323    12.199     0.060     5.000         0
  -49.083    12.162     0.060     5.000         0
  -48.872    12.128     0.060     5.000         0
  -48.658    12.090     0.060     5.000         0
  -48.426    12.053     0.060     5.000         0
  -48.211    12.036     0.060     5.000         0
  -38.063    10.764     0.060     5.000         0
  -37.850    10.732     0.060     5.000         0
  -37.639    10.721     0.060     5.000         0
  -37.424    10.699     0.060     5.000         0
  -37.187    10.670     0.060     5.000         0
  -36.972    10.623     0.060     5.000         0
  -36.753    10.596     0.060     5.000         0
  -36.542    10.570     0.060     5.000         0
  -36.329    10.563     0.060     5.000         0
  -36.117    10.522     0.060     5.000         0
  -35.877    10.487     0.060     5.000         0
  -35.662    10.461     0.060     5.000         0
  -35.447    10.434     0.060     5.000         0
  -35.234    10.427     0.060     5.000         0
  -35.023    10.381     0.060     5.000         0
  -34.808    10.354     0.060     5.000         0
  -34.593    10.348     0.060     5.000         0
  -34.378    10.321     0.060     5.000         0
  -34.167    10.275     0.060     5.000         0
  -33.952    10.248     0.060     5.000         0
  -33.738    10.232     0.060     5.000         0
  -33.523    10.195     0.060     5.000         0
  -33.287    10.166     0.060     5.000         0
  -33.068    10.138     0.060     5.000         0
  -32.857    10.112     0.060     5.000         0
  -32.643    10.086     0.060     5.000         0
  -32.428    10.059     0.060     5.000         0
  -32.213    10.032     0.060     5.000         0
  -31.998    10.005     0.060     5.000         0
  -31.787     9.979     0.060     5.000         0
  -31.572     9.957     0.060     5.000         0
  -31.359     9.926     0.060     5.000         0
  -31.148     9.900     0.060     5.000         0
  -30.933     9.893     0.060     5.000         0
  -30.718     9.866     0.060     5.000         0
  -30.507     9.840     0.060     5.000         0
  -30.292     9.813     0.060     5.000         0
  -30.078     9.777     0.060     5.000         0
  -29.863     9.750     0.060     5.000         0
  -29.648     9.704     0.060     5.000         0
  -29.433     9.678     0.060     5.000         0
  -29.247     9.652     0.060     5.000         0
  -29.033     9.611     0.060     5.000         0
  -28.819     9.581     0.060     5.000         0
  -28.604     9.545     0.060     5.000         0
  -28.393     9.499     0.060     5.000         0
  -28.178     9.468     0.060     5.000         0
  -27.963     9.441     0.060     5.000         0
  -27.777     9.409     0.060     5.000         0
  -27.564     9.372     0.060     5.000         0
  -27.349     9.340     0.060     5.000         0
  -27.134     9.308     0.060     5.000         0
  -26.923     9.282     0.060     5.000         0
  -26.733     9.248     0.060     5.000         0
  -26.518     9.231     0.060     5.000         0
  -26.305     9.200     0.060     5.000         0
  -26.090     9.158     0.060     5.000         0
  -25.896     9.133     0.060     5.000         0
  -25.681     9.117     0.060     5.000         0
  -25.470     9.070     0.060     5.000         0
  -25.255     9.043     0.060     5.000         0
  -25.041     9.017     0.060     5.000         0
  -24.826     8.995     0.060     5.000         0
  -24.611     8.973     0.060     5.000         0
  -24.425     8.960     0.060     5.000         0
  -24.211     8.923     0.060     5.000         0
  -23.996     8.916     0.060     5.000         0
  -23.807     8.881     0.060     5.000         0
  -23.596     8.884     0.060     5.000         0
  -23.381     8.867     0.060     5.000         0
  -23.192     8.832     0.060     5.000         0
  -22.977     8.815     0.060     5.000         0
  -22.766     8.799     0.060     5.000         0
  -22.569     8.783     0.060     5.000         0
  -22.354     8.776     0.060     5.000         0
  -22.165     8.764     0.060     5.000         0
  -21.953     8.747     0.060     5.000         0
  -21.739     8.733     0.060     5.000         0
  -21.549     8.717     0.060     5.000         0
  -21.338     8.704     0.060     5.000         0
  -21.124     8.711     0.060     5.000         0
  -20.909     8.688     0.060     5.000         0
  -20.720     8.674     0.060     5.000         0
  -20.509     8.642     0.060     5.000         0
  -20.294     8.619     0.060     5.000         0
    0.000     0.000     0.000        -1
