    0.184     3.439     0.060     1.000         0
    0.399     3.462     0.060     1.000         0
    0.614     3.505     0.060     1.000         0
    0.852     3.531     0.060     1.000         0
    1.064     3.534     0.060     1.000         0
    1.278     3.557     0.060     1.000         0
    1.493     3.590     0.060     1.000         0
    1.725     3.644     0.060     1.000         0
    1.936     3.701     0.060     1.000         0
    2.149     3.760     0.060     1.000         0
    2.389     3.825     0.060     1.000         0
    2.604     3.884     0.060     1.000         0
    2.819     3.943     0.060     1.000         0
    3.059     4.019     0.060     1.000         0
    3.270     4.086     0.060     1.000         0
    3.483     4.145     0.060     1.000         0
    3.698     4.194     0.060     1.000         0
    3.913     4.280     0.060     1.000         0
    4.124     4.375     0.060     1.000         0
    4.339     4.472     0.060     1.000         0
    4.578     4.600     0.060     1.000         0
    4.792     4.696     0.060     1.000         0
    5.007     4.793     0.060     1.000         0
    5.222     4.869     0.060     1.000         0
    5.433     4.964     0.060     1.000         0
    5.648     5.071     0.060     1.000         0
    5.861     5.167     0.060     1.000         0
    6.072     5.280     0.060     1.000         0
    6.287     5.385     0.060     1.000         0
    6.518     5.498     0.060     1.000         0
    6.733     5.603     0.060     1.000         0
    6.947     5.708     0.060     1.000         0
    7.158     5.791     0.060     1.000         0
    7.373     5.901     0.060     1.000         0
    7.587     6.015     0.060     1.000         0
    7.827     6.133     0.060     1.000         0
    8.042     6.243     0.060     1.000         0
    8.253     6.336     0.060     1.000         0
    8.467     6.444     0.060     2.000         0
    8.681     6.519     0.060     2.000         0
    8.896     6.589     0.060     2.000         0
    9.107     6.658     0.060     2.000         0
    9.347     6.731     0.060     2.000         0
    9.561     6.786     0.060     2.000         0
    9.775     6.856     0.060     2.000         0
    9.990     6.926     0.060     2.000         0
   10.201     6.995     0.060     2.000         0
   10.416     7.075     0.060     2.000         0
    9.561     7.012     0.060     4.000         0
    9.775     7.077     0.060     4.000         0
    9.990     7.102     0.060     4.000         0
   10.201     7.151     0.060     4.000         0
   10.416     7.192     0.060     4.000         0
   10.631     7.237     0.060     4.000         0
   10.844     7.292     0.060     4.000         0
   11.055     7.325     0.060     4.000         0
   11.295     7.374     0.060     4.000         0
   11.510     7.418     0.060     4.000         0
   11.725     7.462     0.060     4.000         0
   11.938     7.505     0.060     4.000         0
   12.149     7.548     0.060     4.000         0
   12.364     7.597     0.060     4.000         0
   12.604     7.641     0.060     4.000         0
   12.819     7.695     0.060     4.000         0
   11.055     7.210     0.060     5.000         0
   11.295     7.254     0.060     5.000         0
   11.510     7.285     0.060     5.000         0
   11.725     7.316     0.060     5.000         0
   11.938     7.347     0.060     5.000         0
   12.149     7.378     0.060     5.000         0
   12.364     7.409     0.060     5.000         0
   12.604     7.433     0.060     5.000         0
   12.819     7.464     0.060     5.000         0
   13.030     7.485     0.060     5.000         0
   13.244     7.526     0.060     5.000         0
   13.458     7.556     0.060     5.000         0
   13.673     7.585     0.060     5.000         0
   13.884     7.604     0.060     5.000         0
   14.098     7.637     0.060     5.000         0
   14.313     7.671     0.060     5.000         0
   14.527     7.710     0.060     5.000         0
   14.741     7.738     0.060     5.000         0
   14.952     7.762     0.060     5.000         0
   15.167     7.795     0.060     5.000         0
   15.382     7.824     0.060     5.000         0
   15.596     7.853     0.060     5.000         0
   15.807     7.861     0.060     5.000         0
   16.021     7.890     0.060     5.000         0
   16.236     7.939     0.060     5.000         0
   16.450     7.952     0.060     5.000         0
   16.678     7.998     0.060     5.000         0
   16.893     8.017     0.060     5.000         0
   17.106     8.053     0.060     5.000         0
   17.321     8.119     0.060     5.000         0
   17.532     8.154     0.060     5.000         0
   17.747     8.184     0.060     5.000         0
   17.962     8.213     0.060     5.000         0
   18.176     8.267     0.060     5.000         0
   18.415     8.306     0.060     5.000         0
   18.626     8.329     0.060     5.000         0
   18.841     8.359     0.060     5.000         0
   19.056     8.398     0.060     5.000         0
   19.270     8.421     0.060     5.000         0
   19.509     8.468     0.060     5.000         0
   19.724     8.496     0.060     5.000         0
   19.935     8.503     0.060     5.000         0
   20.149     8.531     0.060     5.000         0
   20.364     8.560     0.060     5.000         0
   20.579     8.603     0.060     5.000         0
   20.818     8.629     0.060     5.000         0
   -8.360     6.410     0.060     1.000         0
   -8.124     6.286     0.060     1.000         0
   -7.910     6.173     0.060     1.000         0
   -7.696     6.066     0.060     1.000         0
   -7.485     5.980     0.060     1.000         0
   -7.270     5.867     0.060     1.000         0
   -7.055     5.759     0.060     1.000         0
   -6.840     5.646     0.060     1.000         0
   -6.629     5.530     0.060     1.000         0
   -6.416     5.428     0.060     1.000         0
   -6.201     5.315     0.060     1.000         0
   -5.986     5.206     0.060     1.000         0
   -5.754     5.100     0.060     1.000         0
   -5.543     4.998     0.060     1.000         0
   -5.330     4.906     0.060     1.000         0
   -5.115     4.812     0.060     1.000         0
   -4.875     4.708     0.060     1.000         0
   -4.660     4.614     0.060     1.000         0
   -4.445     4.521     0.060     1.000         0
   -4.234     4.429     0.060     1.000         0
   -4.021     4.336     0.060     1.000         0
   -3.806     4.258     0.060     1.000         0
   -3.566     4.158     0.060     1.000         0
   -3.355     4.047     0.060     1.000         0
   -3.140     3.963     0.060     1.000         0
   -2.926     3.906     0.060     1.000         0
   -2.686     3.874     0.060     1.000         0
   -2.472     3.812     0.060     1.000         0
   -2.261     3.761     0.060     1.000         0
   -2.046     3.713     0.060     1.000         0
   -1.814     3.663     0.060     1.000         0
   -1.601     3.616     0.060     1.000         0
   -1.390     3.570     0.060     1.000         0
   -1.149     3.527     0.060     1.000         0
   -0.935     3.509     0.060     1.000         0
   -0.720     3.482     0.060     1.000         0
   -0.481     3.462     0.060     1.000         0
   -0.266     3.444     0.060     1.000         0
   -0.057     3.437     0.060     1.000         0
  -11.569     7.246     0.060     2.000         0
  -11.354     7.192     0.060     2.000         0
  -11.143     7.144     0.060     2.000         0
  -10.928     7.080     0.060     2.000         0
  -10.713     7.022     0.060     2.000         0
  -10.500     6.973     0.060     2.000         0
  -10.289     6.936     0.060     2.000         0
  -10.074     6.882     0.060     2.000         0
   -9.859     6.828     0.060     2.000         0
   -9.644     6.774     0.060     2.000         0
   -9.429     6.715     0.060     2.000         0
   -9.216     6.662     0.060     2.000         0
   -9.005     6.594     0.060     2.000         0
   -8.765     6.534     0.060     2.000         0
   -8.550     6.501     0.060     2.000         0
   -8.360     6.443     0.060     2.000         0
  -15.816     8.226     0.060     4.000         0
  -15.605     8.190     0.060     4.000         0
  -15.392     8.144     0.060     4.000         0
  -15.177     8.098     0.060     4.000         0
  -14.962     8.047     0.060     4.000         0
  -14.751     8.001     0.060     4.000         0
  -14.536     7.960     0.060     4.000         0
  -14.321     7.913     0.060     4.000         0
  -14.108     7.867     0.060     4.000         0
  -13.893     7.821     0.060     4.000         0
  -13.682     7.775     0.060     4.000         0
  -13.492     7.724     0.060     4.000         0
  -13.252     7.686     0.060     4.000         0
  -13.041     7.644     0.060     4.000         0
  -12.827     7.581     0.060     4.000         0
  -12.613     7.538     0.060     4.000         0
  -12.398     7.495     0.060     4.000         0
  -12.183     7.451     0.060     4.000         0
  -11.972     7.409     0.060     4.000         0
  -11.782     7.371     0.060     4.000         0
  -11.569     7.328     0.060     4.000         0
  -11.354     7.285     0.060     4.000         0
  -11.143     7.242     0.060     4.000         0
  -10.928     7.214     0.060     4.000         0
  -10.713     7.166     0.060     4.000         0
  -10.500     7.129     0.060     4.000         0
  -10.289     7.102     0.060     4.000         0
  -38.745    10.641     0.060     5.000         0
  -38.530    10.604     0.060     5.000         0
  -38.315    10.577     0.060     5.000         0
  -38.129    10.550     0.060     5.000         0
  -37.915    10.540     0.060     5.000         0
  -37.700    10.515     0.060     5.000         0
  -37.485    10.490     0.060     5.000         0
  -37.274    10.490     0.060     5.000         0
  -37.085    10.462     0.060     5.000         0
  -36.870    10.445     0.060     5.000         0
  -36.656    10.417     0.060     5.000         0
  -36.441    10.389     0.060     5.000         0
  -36.247    10.364     0.060     5.000         0
  -36.032    10.326     0.060     5.000         0
  -35.821    10.299     0.060     5.000         0
  -35.606    10.261     0.060     5.000         0
  -35.393    10.243     0.060     5.000         0
  -35.178    10.245     0.060     5.000         0
  -34.963    10.238     0.060     5.000         0
  -34.777    10.231     0.060     5.000         0
  -34.562    10.203     0.060     5.000         0
  -34.347    10.210     0.060     5.000         0
  -34.159    10.198     0.060     5.000         0
  -33.948    10.186     0.060     5.000         0
  -33.733    10.183     0.060     5.000         0
  -33.543    10.201     0.060     5.000         0
  -33.328    10.198     0.060     5.000         0
  -33.117    10.185     0.060     5.000         0
  -32.921    10.180     0.060     5.000         0
  -32.706    10.143     0.060     5.000         0
  -32.516    10.148     0.060     5.000         0
  -32.305    10.131     0.060     5.000         0
  -32.090    10.104     0.060     5.000         0
  -31.901    10.095     0.060     5.000         0
  -31.690    10.068     0.060     5.000         0
  -31.476    10.052     0.060     5.000         0
  -31.261    10.030     0.060     5.000         0
  -31.071    10.005     0.060     5.000         0
  -30.860     9.969     0.060     5.000         0
  -30.646     9.967     0.060     5.000         0
  -30.432     9.936     0.060     5.000         0
  -30.242     9.907     0.060     5.000         0
  -30.031     9.868     0.060     5.000         0
  -24.848     8.936     0.060     5.000         0
  -24.633     8.887     0.060     5.000         0
  -24.447     8.853     0.060     5.000         0
  -24.232     8.793     0.060     5.000         0
  -24.044     8.749     0.060     5.000         0
  -23.829     8.719     0.060     5.000         0
  -23.618     8.675     0.060     5.000         0
  -23.420     8.639     0.060     5.000         0
  -23.205     8.574     0.060     5.000         0
  -22.992     8.550     0.060     5.000         0
  -22.802     8.511     0.060     5.000         0
  -22.591     8.457     0.060     5.000         0
  -22.376     8.418     0.060     5.000         0
  -22.187     8.398     0.060     5.000         0
  -21.975     8.364     0.060     5.000         0
  -21.786     8.359     0.060     5.000         0
  -21.572     8.331     0.060     5.000         0
  -21.361     8.303     0.060     5.000         0
  -21.163     8.276     0.060     5.000         0
  -20.948     8.247     0.060     5.000         0
  -20.759     8.212     0.060     5.000         0
  -20.545     8.188     0.060     5.000         0
  -20.334     8.160     0.060     5.000         0
  -20.145     8.134     0.060     5.000         0
  -19.930     8.110     0.060     5.000         0
  -19.744     8.089     0.060     5.000         0
  -19.529     8.065     0.060     5.000         0
  -19.340     8.044     0.060     5.000         0
  -19.126     8.040     0.060     5.000         0
  -18.915     7.996     0.060     5.000         0
  -18.717     7.974     0.060     5.000         0
  -18.502     7.950     0.060     5.000         0
  -18.317     7.930     0.060     5.000         0
  -18.102     7.906     0.060     5.000         0
  -17.888     7.882     0.060     5.000         0
  -17.699     7.871     0.060     5.000         0
  -17.484     7.853     0.060     5.000         0
  -17.269     7.835     0.060     5.000         0
  -17.058     7.792     0.060     5.000         0
  -16.868     7.772     0.060     5.000         0
  -16.655     7.749     0.060     5.000         0
  -16.444     7.726     0.060     5.000         0
  -16.229     7.713     0.060     5.000         0
  -16.014     7.690     0.060     5.000         0
  -15.816     7.674     0.060     5.000         0
  -15.605     7.646     0.060     5.000         0
  -15.392     7.624     0.060     5.000         0
  -15.177     7.606     0.060     5.000         0
  -14.962     7.573     0.060     5.000         0
  -14.751     7.551     0.060     5.000         0
  -14.536     7.528     0.060     5.000         0
  -14.321     7.506     0.060     5.000         0
  -14.108     7.483     0.060     5.000         0
  -13.893     7.470     0.060     5.000         0
  -13.682     7.433     0.060     5.000         0
  -13.492     7.418     0.060     5.000         0
  -13.252     7.403     0.060     5.000         0
  -13.041     7.376     0.060     5.000         0
  -12.827     7.348     0.060     5.000         0
  -12.613     7.330     0.060     5.000         0
  -12.398     7.313     0.060     5.000         0
  -12.183     7.280     0.060     5.000         0
  -11.972     7.263     0.060     5.000         0