    0.145     3.440     0.060     1.000         0
    0.359     3.464     0.060     1.000         0
    0.572     3.509     0.060     1.000         0
    0.784     3.533     0.060     1.000         0
    1.023     3.560     0.060     1.000         0
    1.238     3.584     0.060     1.000         0
    1.453     3.589     0.060     1.000         0
    1.666     3.613     0.060     1.000         0
    1.877     3.647     0.060     1.000         0
    2.092     3.707     0.060     1.000         0
    2.332     3.805     0.060     1.000         0
    2.547     3.875     0.060     1.000         0
    2.758     3.939     0.060     1.000         0
    2.972     4.009     0.060     1.000         0
    3.186     4.073     0.060     1.000         0
    3.401     4.149     0.060     1.000         0
    3.612     4.222     0.060     1.000         0
    3.826     4.292     0.060     1.000         0
    4.041     4.342     0.060     1.000         0
    4.255     4.422     0.060     1.000         0
    4.469     4.518     0.060     1.000         0
    4.680     4.643     0.060     1.000         0
    4.895     4.750     0.060     1.000         0
    5.110     4.857     0.060     1.000         0
    5.324     4.958     0.060     1.000         0
    5.536     5.069     0.060     1.000         0
    5.749     5.170     0.060     1.000         0
    5.964     5.277     0.060     1.000         0
    6.178     5.388     0.060     1.000         0
    6.406     5.496     0.060     1.000         0
    6.621     5.608     0.060     1.000         0
    6.835     5.715     0.060     1.000         0
    7.049     5.821     0.060     1.000         0
    7.260     5.926     0.060     1.000         0
    7.475     6.013     0.060     1.000         0
    7.690     6.125     0.060     1.000         0
    7.904     6.236     0.060     1.000         0
    8.143     6.310     0.060     2.000         0
    8.354     6.369     0.060     2.000         0
    8.569     6.438     0.060     2.000         0
    8.784     6.508     0.060     2.000         0
    8.998     6.577     0.060     2.000         0
    9.237     6.674     0.060     2.000         0
    9.452     6.724     0.060     2.000         0
    9.663     6.812     0.060     2.000         0
    9.877     6.881     0.060     2.000         0
   10.092     6.951     0.060     2.000         0
   10.307     7.020     0.060     2.000         0
   10.546     7.098     0.060     2.000         0
   10.757     7.166     0.060     2.000         0
   10.971     7.235     0.060     2.000         0
   11.186     7.305     0.060     2.000         0
   11.401     7.374     0.060     2.000         0
   11.629     7.448     0.060     2.000         0
   11.842     7.507     0.060     2.000         0
   12.271     7.577     0.060     5.000         0
   12.482     7.615     0.060     5.000         0
   12.722     7.648     0.060     5.000         0
   12.937     7.677     0.060     5.000         0
   13.151     7.706     0.060     5.000         0
   13.365     7.735     0.060     5.000         0
   13.576     7.744     0.060     5.000         0
   13.791     7.783     0.060     5.000         0
   14.031     7.814     0.060     5.000         0
   14.244     7.823     0.060     5.000         0
   14.459     7.852     0.060     5.000         0
   14.670     7.870     0.060     5.000         0
   14.885     7.889     0.060     5.000         0
   15.099     7.898     0.060     5.000         0
   15.314     7.907     0.060     5.000         0
   15.553     7.949     0.060     5.000         0
   15.764     7.969     0.060     5.000         0
   15.979     7.973     0.060     5.000         0
   16.193     7.988     0.060     5.000         0
   16.404     8.027     0.060     5.000         0
   16.619     8.047     0.060     5.000         0
   16.832     8.067     0.060     5.000         0
   17.072     8.079     0.060     5.000         0
   17.283     8.088     0.060     5.000         0
   17.498     8.127     0.060     5.000         0
   17.713     8.147     0.060     5.000         0
   17.927     8.161     0.060     5.000         0
   18.141     8.185     0.060     5.000         0
   18.355     8.185     0.060     5.000         0
   18.566     8.204     0.060     5.000         0
   18.798     8.240     0.060     5.000         0
   19.013     8.259     0.060     5.000         0
   19.226     8.278     0.060     5.000         0
   19.437     8.287     0.060     5.000         0
   19.677     8.314     0.060     5.000         0
   19.892     8.364     0.060     5.000         0
   41.207    11.697     0.060     5.000         0
   41.422    11.720     0.060     5.000         0
   41.633    11.758     0.060     5.000         0
   41.846    11.800     0.060     5.000         0
   42.077    11.841     0.060     5.000         0
   42.292    11.864     0.060     5.000         0
   42.506    11.896     0.060     5.000         0
   42.743    11.923     0.060     5.000         0
   42.957    11.956     0.060     5.000         0
   43.196    11.992     0.060     5.000         0
   43.411    12.025     0.060     5.000         0
   43.625    12.073     0.060     5.000         0
   43.861    12.104     0.060     5.000         0
   44.076    12.125     0.060     5.000         0
   44.306    12.177     0.060     5.000         0
   44.517    12.187     0.060     5.000         0
   44.732    12.218     0.060     5.000         0
   44.946    12.268     0.060     5.000         0
   45.186    12.292     0.060     5.000         0
   45.401    12.333     0.060     5.000         0
   45.612    12.352     0.060     5.000         0
   45.850    12.374     0.060     5.000         0
   46.065    12.393     0.060     5.000         0
   46.280    12.423     0.060     5.000         0
   46.494    12.442     0.060     5.000         0
   46.733    12.458     0.060     5.000         0
   46.947    12.483     0.060     5.000         0
   47.158    12.502     0.060     5.000         0
   47.398    12.503     0.060     5.000         0
   47.613    12.533     0.060     5.000         0
   47.827    12.557     0.060     5.000         0
   48.055    12.562     0.060     5.000         0
   48.268    12.591     0.060     5.000         0
   48.508    12.608     0.060     5.000         0
   48.723    12.622     0.060     5.000         0
   48.937    12.642     0.060     5.000         0
   49.176    12.683     0.060     5.000         0
   49.387    12.692     0.060     5.000         0
   49.627    12.734     0.060     5.000         0
   49.841    12.747     0.060     5.000         0
   50.073    12.772     0.060     5.000         0
   50.284    12.820     0.060     5.000         0
   50.524    12.852     0.060     5.000         0
   50.737    12.860     0.060     5.000         0
   50.977    12.906     0.060     5.000         0
   51.191    12.930     0.060     5.000         0
   51.428    12.971     0.060     5.000         0
   51.642    12.999     0.060     5.000         0
   51.881    13.010     0.060     5.000         0
   52.095    13.039     0.060     5.000         0
   52.310    13.077     0.060     5.000         0
   52.538    13.097     0.060     5.000         0
   52.752    13.136     0.060     5.000         0
   52.967    13.175     0.060     5.000         0
   53.180    13.203     0.060     5.000         0
   53.416    13.215     0.060     5.000         0
   53.631    13.264     0.060     5.000         0
   53.871    13.276     0.060     5.000         0
   54.085    13.314     0.060     5.000         0
   54.299    13.344     0.060     5.000         0
   54.513    13.355     0.060     5.000         0
   54.749    13.387     0.060     5.000         0
   54.964    13.407     0.060     5.000         0
   55.195    13.409     0.060     5.000         0
   55.406    13.429     0.060     5.000         0
   55.646    13.451     0.060     5.000         0
   55.859    13.481     0.060     5.000         0
   56.074    13.517     0.060     5.000         0
   56.314    13.545     0.060     5.000         0
   56.528    13.550     0.060     5.000         0
   56.765    13.598     0.060     5.000         0
   57.003    13.617     0.060     5.000         0
   -7.667     6.082     0.060     1.000         0
   -7.452     5.968     0.060     1.000         0
   -7.212     5.851     0.060     1.000         0
   -7.001     5.735     0.060     1.000         0
   -6.788     5.627     0.060     1.000         0
   -6.573     5.518     0.060     1.000         0
   -6.358     5.409     0.060     1.000         0
   -6.147     5.322     0.060     1.000         0
   -5.932     5.193     0.060     1.000         0
   -5.693     5.072     0.060     1.000         0
   -5.479     4.964     0.060     1.000         0
   -5.264     4.860     0.060     1.000         0
   -5.049     4.756     0.060     1.000         0
   -4.838     4.667     0.060     1.000         0
   -4.623     4.587     0.060     1.000         0
   -4.410     4.528     0.060     1.000         0
   -4.199     4.449     0.060     1.000         0
   -3.984     4.364     0.060     1.000         0
   -3.753     4.277     0.060     1.000         0
   -3.538     4.202     0.060     1.000         0
   -3.324     4.122     0.060     1.000         0
   -3.113     4.044     0.060     1.000         0
   -2.899     3.964     0.060     1.000         0
   -2.684     3.864     0.060     1.000         0
   -2.444     3.784     0.060     1.000         0
   -2.229     3.730     0.060     1.000         0
   -2.018     3.687     0.060     1.000         0
   -1.804     3.643     0.060     1.000         0
   -1.590     3.599     0.060     1.000         0
   -1.375     3.555     0.060     1.000         0
   -1.164     3.521     0.060     1.000         0
   -0.924     3.494     0.060     1.000         0
   -0.711     3.479     0.060     1.000         0
   -0.496     3.464     0.060     1.000         0
   -0.281     3.448     0.060     1.000         0
   -0.074     3.444     0.060     1.000         0
  -10.992     7.210     0.060     2.000         0
  -10.753     7.142     0.060     2.000         0
  -10.538     7.052     0.060     2.000         0
  -10.327     6.983     0.060     2.000         0
  -10.087     6.905     0.060     2.000         0
   -9.872     6.835     0.060     2.000         0
   -9.657     6.765     0.060     2.000         0
   -9.419     6.687     0.060     2.000         0
   -9.208     6.638     0.060     2.000         0
   -8.993     6.558     0.060     2.000         0
   -8.778     6.493     0.060     2.000         0
   -8.546     6.417     0.060     2.000         0
   -8.335     6.354     0.060     2.000         0
   -8.122     6.274     0.060     2.000         0
   -7.882     6.191     0.060     2.000         0
   -7.667     6.126     0.060     2.000         0
  -49.656    12.344     0.060     5.000         0
  -49.442    12.321     0.060     5.000         0
  -49.228    12.268     0.060     5.000         0
  -49.016    12.235     0.060     5.000         0
  -48.801    12.221     0.060     5.000         0
  -48.587    12.168     0.060     5.000         0
  -48.401    12.154     0.060     5.000         0
  -48.187    12.106     0.060     5.000         0
  -47.972    12.088     0.060     5.000         0
  -47.757    12.060     0.060     5.000         0
  -47.546    12.007     0.060     5.000         0
  -47.357    11.993     0.060     5.000         0
  -47.142    11.944     0.060     5.000         0
  -46.928    11.911     0.060     5.000         0
  -46.713    11.888     0.060     5.000         0
  -46.519    11.859     0.060     5.000         0
  -46.304    11.839     0.060     5.000         0
  -46.093    11.833     0.060     5.000         0
  -45.878    11.798     0.060     5.000         0
  -45.664    11.797     0.060     5.000         0
  -45.450    11.757     0.060     5.000         0
  -45.235    11.756     0.060     5.000         0
  -45.049    11.718     0.060     5.000         0
  -44.834    11.717     0.060     5.000         0
  -44.619    11.697     0.060     5.000         0
  -44.431    11.669     0.060     5.000         0
  -44.220    11.662     0.060     5.000         0
  -44.005    11.644     0.060     5.000         0
  -43.815    11.614     0.060     5.000         0
  -43.600    11.601     0.060     5.000         0
  -43.389    11.584     0.060     5.000         0
  -43.193    11.578     0.060     5.000         0
  -42.978    11.560     0.060     5.000         0
  -42.788    11.540     0.060     5.000         0
  -42.577    11.518     0.060     5.000         0
  -42.362    11.491     0.060     5.000         0
  -42.173    11.487     0.060     5.000         0
  -41.961    11.465     0.060     5.000         0
  -41.748    11.429     0.060     5.000         0
  -41.533    11.417     0.060     5.000         0
  -41.343    11.398     0.060     5.000         0
  -41.132    11.361     0.060     5.000         0
  -40.917    11.349     0.060     5.000         0
  -40.704    11.318     0.060     5.000         0
  -40.514    11.319     0.060     5.000         0
  -40.303    11.297     0.060     5.000         0
  -40.088    11.275     0.060     5.000         0
  -39.873    11.254     0.060     5.000         0
  -39.679    11.229     0.060     5.000         0
  -39.462    11.202     0.060     5.000         0
  -39.251    11.174     0.060     5.000         0
  -39.036    11.136     0.060     5.000         0
  -38.846    11.103     0.060     5.000         0
  -38.635    11.065     0.060     5.000         0
  -38.446    11.032     0.060     5.000         0
  -38.232    10.994     0.060     5.000         0
  -38.017    10.956     0.060     5.000         0
  -37.806    10.918     0.060     5.000         0
  -37.617    10.870     0.060     5.000         0
  -37.402    10.847     0.060     5.000         0
  -37.187    10.809     0.060     5.000         0
  -36.976    10.771     0.060     5.000         0
  -36.779    10.731     0.060     5.000         0
  -36.564    10.688     0.060     5.000         0
  -36.349    10.655     0.060     5.000         0
  -36.134    10.617     0.060     5.000         0
  -35.949    10.579     0.060     5.000         0
  -35.735    10.548     0.060     5.000         0
  -35.520    10.501     0.060     5.000         0
  -35.331    10.449     0.060     5.000         0
  -35.120    10.408     0.060     5.000         0
  -34.905    10.367     0.060     5.000         0
  -34.719    10.331     0.060     5.000         0
  -34.504    10.299     0.060     5.000         0
  -34.316    10.252     0.060     5.000         0
  -34.101    10.211     0.060     5.000         0
  -33.890    10.170     0.060     5.000         0
  -33.692    10.136     0.060     5.000         0
  -33.477    10.090     0.060     5.000         0
  -18.822     8.102     0.060     5.000         0
  -18.632     8.064     0.060     5.000         0
  -18.396     8.042     0.060     5.000         0
  -18.182     7.994     0.060     5.000         0
  -17.968     7.965     0.060     5.000         0
  -17.757     7.952     0.060     5.000         0
  -17.542     7.909     0.060     5.000         0
  -17.327     7.880     0.060     5.000         0
  -17.112     7.851     0.060     5.000         0
  -16.901     7.823     0.060     5.000         0
  -16.688     7.815     0.060     5.000         0
  -16.473     7.786     0.060     5.000         0
  -16.258     7.737     0.060     5.000         0
  -16.026     7.726     0.060     5.000         0
  -15.815     7.688     0.060     5.000         0
  -15.602     7.656     0.060     5.000         0
  -15.387     7.634     0.060     5.000         0
  -15.147     7.609     0.060     5.000         0
  -14.932     7.587     0.060     5.000         0
  -14.717     7.565     0.060     5.000         0
  -14.506     7.543     0.060     5.000         0
  -14.293     7.521     0.060     5.000         0
  -14.078     7.504     0.060     5.000         0
  -13.838     7.474     0.060     5.000         0
  -13.627     7.473     0.060     5.000         0
  -13.412     7.451     0.060     5.000         0
  -13.198     7.413     0.060     5.000         0
  -12.958     7.399     0.060     5.000         0
  -12.744     7.372     0.060     5.000         0
  -12.533     7.360     0.060     5.000         0
  -12.318     7.328     0.060     5.000         0
  -12.086     7.295     0.060     5.000         0
  -11.873     7.294     0.060     5.000         0
  -11.662     7.264     0.060     5.000         0