    0.000     1.000     0.000         0
    0.062     3.434     0.060     1.000         0
    0.184     3.443     0.060     1.000         0
    0.393     3.462     0.060     1.000         0
    0.608     3.486     0.060     1.000         0
    0.823     3.531     0.060     1.000         0
    1.038     3.535     0.060     1.000         0
    1.265     3.561     0.060     1.000         0
    1.479     3.596     0.060     1.000         0
    1.693     3.645     0.060     1.000         0
    1.908     3.704     0.060     1.000         0
    2.119     3.762     0.060     1.000         0
    2.359     3.847     0.060     1.000         0
    2.574     3.907     0.060     1.000         0
    2.787     3.945     0.060     1.000         0
    3.002     4.004     0.060     1.000         0
    3.213     4.077     0.060     1.000         0
    3.427     4.141     0.060     1.000         0
    3.667     4.187     0.060     1.000         0
    3.881     4.265     0.060     1.000         0
    4.096     4.314     0.060     1.000         0
    4.307     4.435     0.060     1.000         0
    4.521     4.533     0.060     1.000         0
    4.736     4.641     0.060     1.000         0
    4.951     4.774     0.060     1.000         0
    5.189     4.880     0.060     1.000         0
    5.400     4.991     0.060     1.000         0
    5.615     5.104     0.060     1.000         0
    5.830     5.237     0.060     1.000         0
    6.041     5.348     0.060     1.000         0
    6.255     5.460     0.060     1.000         0
    6.469     5.568     0.060     1.000         0
    6.709     5.679     0.060     1.000         0
    6.920     5.790     0.060     1.000         0
    7.134     5.908     0.060     1.000         0
    7.349     6.026     0.060     1.000         0
    7.777     6.115     0.060     2.000         0
    7.992     6.186     0.060     2.000         0
    8.203     6.250     0.060     2.000         0
    8.434     6.321     0.060     2.000         0
    8.649     6.391     0.060     2.000         0
    8.863     6.482     0.060     2.000         0
    9.074     6.551     0.060     2.000         0
    9.314     6.630     0.060     2.000         0
    9.528     6.690     0.060     2.000         0
   10.382     6.862     0.060     3.000         0
   10.622     6.906     0.060     3.000         0
   10.837     6.960     0.060     3.000         0
   11.051     6.999     0.060     3.000         0
   11.262     7.037     0.060     3.000         0
   11.476     7.085     0.060     3.000         0
   11.716     7.134     0.060     3.000         0
   11.930     7.183     0.060     3.000         0
   12.141     7.226     0.060     3.000         0
   12.356     7.269     0.060     3.000         0
   12.588     7.317     0.060     3.000         0
   12.801     7.360     0.060     3.000         0
   13.016     7.414     0.060     3.000         0
   13.227     7.452     0.060     3.000         0
   13.467     7.506     0.060     3.000         0
   13.681     7.549     0.060     3.000         0
   13.895     7.593     0.060     3.000         0
   14.106     7.636     0.060     3.000         0
   14.346     7.685     0.060     3.000         0
   14.560     7.728     0.060     3.000         0
   14.775     7.772     0.060     3.000         0
   15.015     7.821     0.060     3.000         0
   15.226     7.864     0.060     3.000         0
   15.439     7.907     0.060     3.000         0
   15.654     7.951     0.060     3.000         0
   15.894     8.000     0.060     3.000         0
   16.105     8.043     0.060     3.000         0
   16.319     8.086     0.060     3.000         0
   16.533     8.130     0.060     3.000         0
   16.764     8.177     0.060     3.000         0
   16.979     8.221     0.060     3.000         0
   17.194     8.265     0.060     3.000         0
   17.405     8.293     0.060     3.000         0
   17.645     8.357     0.060     3.000         0
   17.858     8.380     0.060     3.000         0
   18.073     8.434     0.060     3.000         0
   18.287     8.478     0.060     3.000         0
   18.523     8.516     0.060     3.000         0
   18.738     8.551     0.060     3.000         0
   18.952     8.586     0.060     3.000         0
   19.191     8.619     0.060     3.000         0
   19.406     8.659     0.060     3.000         0
   19.617     8.693     0.060     3.000         0
   19.832     8.728     0.060     3.000         0
   20.063     8.765     0.060     3.000         0
   20.277     8.800     0.060     3.000         0
   20.488     8.834     0.060     3.000         0
   20.727     8.872     0.060     3.000         0
   20.942     8.902     0.060     3.000         0
   21.157     8.937     0.060     3.000         0
   21.395     8.970     0.060     3.000         0
   21.606     9.009     0.060     3.000         0
   21.821     9.039     0.060     3.000         0
   22.036     9.074     0.060     3.000         0
   22.276     9.113     0.060     3.000         0
   22.276     9.272     0.060     4.000         0
   22.490     9.287     0.060     4.000         0
   22.701     9.312     0.060     4.000         0
   22.915     9.338     0.060     4.000         0
   23.154     9.386     0.060     4.000         0
   23.369     9.412     0.060     4.000         0
   23.584     9.437     0.060     4.000         0
   23.795     9.462     0.060     4.000         0
   24.008     9.487     0.060     4.000         0
   24.223     9.513     0.060     4.000         0
   24.454     9.540     0.060     4.000         0
   24.669     9.566     0.060     4.000         0
   24.883     9.591     0.060     4.000         0
   25.094     9.606     0.060     4.000         0
   25.308     9.654     0.060     4.000         0
   25.548     9.692     0.060     4.000         0
   25.759     9.731     0.060     4.000         0
   25.973     9.765     0.060     4.000         0
   26.188     9.795     0.060     4.000         0
   26.188     9.795     0.060     4.000         0
   26.641     9.844     0.060     4.000         0
   26.852     9.891     0.060     4.000         0
   27.067     9.909     0.060     4.000         0
   27.281     9.941     0.060     4.000         0
   27.521     9.998     0.060     4.000         0
   27.735    10.030     0.060     4.000         0
   27.945    10.042     0.060     4.000         0
   28.177    10.082     0.060     4.000         0
   28.392    10.120     0.060     4.000         0
   28.606    10.162     0.060     4.000         0
   28.845    10.194     0.060     4.000         0
   29.059    10.231     0.060     4.000         0
   29.274    10.264     0.060     4.000         0
   29.510    10.290     0.060     4.000         0
   29.725    10.322     0.060     4.000         0
   29.939    10.356     0.060     4.000         0
   30.176    10.394     0.060     4.000         0
   30.389    10.432     0.060     4.000         0
   30.604    10.471     0.060     4.000         0
   30.844    10.524     0.060     4.000         0
   29.725    10.240     0.060     5.000         0
   29.939    10.269     0.060     5.000         0
   30.176    10.292     0.060     5.000         0
   30.389    10.326     0.060     5.000         0
   30.604    10.350     0.060     5.000         0
   30.844    10.383     0.060     5.000         0
   31.058    10.423     0.060     5.000         0
   31.269    10.452     0.060     5.000         0
   31.482    10.490     0.060     5.000         0
   31.714    10.521     0.060     5.000         0
   31.929    10.550     0.060     5.000         0
   32.143    10.579     0.060     5.000         0
   32.379    10.611     0.060     5.000         0
   32.594    10.640     0.060     5.000         0
   32.833    10.667     0.060     5.000         0
   33.047    10.700     0.060     5.000         0
   33.262    10.724     0.060     5.000         0
   33.498    10.761     0.060     5.000         0
   33.713    10.790     0.060     5.000         0
   33.943    10.821     0.060     5.000         0
   34.154    10.829     0.060     5.000         0
   34.368    10.878     0.060     5.000         0
   34.583    10.897     0.060     5.000         0
   34.823    10.941     0.060     5.000         0
   35.037    10.971     0.060     5.000         0
   35.248    11.001     0.060     5.000         0
   35.487    11.035     0.060     5.000         0
   35.702    11.066     0.060     5.000         0
   35.916    11.096     0.060     5.000         0
   36.131    11.127     0.060     5.000         0
   36.369    11.151     0.060     5.000         0
   36.584    11.176     0.060     5.000         0
   36.795    11.175     0.060     5.000         0
   37.035    11.187     0.060     5.000         0
   37.249    11.202     0.060     5.000         0
   37.464    11.227     0.060     5.000         0
   37.692    11.253     0.060     5.000         0
   37.905    11.258     0.060     5.000         0
   38.145    11.300     0.060     5.000         0
   38.359    11.324     0.060     5.000         0
   38.574    11.357     0.060     5.000         0
   38.813    11.394     0.060     5.000         0
   39.024    11.432     0.060     5.000         0
   39.263    11.459     0.060     5.000         0
   39.478    11.502     0.060     5.000         0
   39.709    11.548     0.060     5.000         0
   39.920    11.581     0.060     5.000         0
   40.160    11.618     0.060     5.000         0
   40.374    11.651     0.060     5.000         0
   40.613    11.673     0.060     5.000         0
   40.828    11.721     0.060     5.000         0
   41.064    11.753     0.060     5.000         0
   41.279    11.791     0.060     5.000         0
   41.517    11.818     0.060     5.000         0
   41.732    11.852     0.060     5.000         0
   41.946    11.877     0.060     5.000         0
   42.174    11.873     0.060     5.000         0
   42.389    11.908     0.060     5.000         0
   42.603    11.913     0.060     5.000         0
   42.817    11.918     0.060     5.000         0
   43.053    11.945     0.060     5.000         0
   43.267    11.970     0.060     5.000         0
   43.507    11.967     0.060     5.000         0
   43.722    11.992     0.060     5.000         0
   43.935    12.012     0.060     5.000         0
   44.150    12.012     0.060     5.000         0
   44.386    12.039     0.060     5.000         0
   44.601    12.044     0.060     5.000         0
   44.832    12.070     0.060     5.000         0
   45.043    12.082     0.060     5.000         0
   45.283    12.118     0.060     5.000         0
   45.496    12.130     0.060     5.000         0
   45.711    12.153     0.060     5.000         0
   45.950    12.178     0.060     5.000         0
   46.165    12.200     0.060     5.000         0
   46.401    12.230     0.060     5.000         0
   46.640    12.250     0.060     5.000         0
   46.854    12.273     0.060     5.000         0
   47.086    12.297     0.060     5.000         0
   47.300    12.319     0.060     5.000         0
   47.515    12.352     0.060     5.000         0
   47.751    12.375     0.060     5.000         0
   47.964    12.404     0.060     5.000         0
   48.204    12.458     0.060     5.000         0
   48.419    12.488     0.060     5.000         0
   48.658    12.521     0.060     5.000         0
   48.869    12.550     0.060     5.000         0
   49.100    12.563     0.060     5.000         0
   49.314    12.612     0.060     5.000         0
   49.554    12.646     0.060     5.000         0
   49.765    12.655     0.060     5.000         0
   49.979    12.705     0.060     5.000         0
   50.219    12.728     0.060     5.000         0
   50.432    12.758     0.060     5.000         0
   50.672    12.770     0.060     5.000         0
   50.883    12.794     0.060     5.000         0
   51.123    12.836     0.060     5.000         0
   51.338    12.845     0.060     5.000         0
   51.551    12.870     0.060     5.000         0
   51.782    12.896     0.060     5.000         0
   51.997    12.920     0.060     5.000         0
   52.233    12.947     0.060     5.000         0
   52.447    12.971     0.060     5.000         0
   52.687    12.998     0.060     5.000         0
   52.901    13.023     0.060     5.000         0
   53.140    13.050     0.060     5.000         0
   53.351    13.089     0.060     5.000         0
   53.566    13.108     0.060     5.000         0
   53.797    13.144     0.060     5.000         0
   54.010    13.169     0.060     5.000         0
   54.225    13.183     0.060     5.000         0
   54.465    13.204     0.060     5.000         0
   54.676    13.218     0.060     5.000         0
   54.890    13.241     0.060     5.000         0
   55.130    13.253     0.060     5.000         0
   55.343    13.291     0.060     5.000         0
   55.558    13.305     0.060     5.000         0
   55.794    13.316     0.060     5.000         0
   56.008    13.345     0.060     5.000         0
   56.223    13.354     0.060     5.000         0
   56.436    13.377     0.060     5.000         0
   56.676    13.393     0.060     5.000         0
   56.887    13.417     0.060     5.000         0
   57.118    13.437     0.060     5.000         0
   57.333    13.476     0.060     5.000         0
   57.547    13.496     0.060     5.000         0
   57.786    13.549     0.060     5.000         0
   57.997    13.567     0.060     5.000         0
   58.237    13.606     0.060     5.000         0
   58.451    13.640     0.060     5.000         0
   58.691    13.698     0.060     5.000         0
   58.902    13.732     0.060     5.000         0
   59.115    13.756     0.060     5.000         0
   59.346    13.792     0.060     5.000         0
   59.561    13.816     0.060     5.000         0
   59.775    13.841     0.060     5.000         0
   60.012    13.868     0.060     5.000         0
   60.226    13.892     0.060     5.000         0
   60.439    13.916     0.060     5.000         0
   60.679    13.943     0.060     5.000         0
   60.894    13.948     0.060     5.000         0
   61.104    13.981     0.060     5.000         0
   61.344    14.026     0.060     5.000         0
   61.557    14.060     0.060     5.000         0
   61.797    14.089     0.060     5.000         0
   62.012    14.140     0.060     5.000         0
   62.243    14.162     0.060     5.000         0
   62.454    14.197     0.060     5.000         0
   62.668    14.247     0.060     5.000         0
   62.907    14.275     0.060     5.000         0
   63.121    14.310     0.060     5.000         0
   63.332    14.359     0.060     5.000         0
   63.547    14.383     0.060     5.000         0
   63.787    14.437     0.060     5.000         0
   64.000    14.481     0.060     5.000         0
   64.214    14.500     0.060     5.000         0
   64.454    14.543     0.060     5.000         0
   64.665    14.602     0.060     5.000         0
   64.879    14.641     0.060     5.000         0
   65.111    14.683     0.060     5.000         0
   65.324    14.722     0.060     5.000         0
   65.535    14.750     0.060     5.000         0
   65.775    14.768     0.060     5.000         0
   65.989    14.793     0.060     5.000         0
   66.204    14.819     0.060     5.000         0
   66.440    14.846     0.060     5.000         0
   66.653    14.871     0.060     5.000         0
   66.893    14.909     0.060     5.000         0
   67.107    14.924     0.060     5.000         0
   67.322    14.949     0.060     5.000         0
   67.558    14.992     0.060     5.000         0
   67.772    15.022     0.060     5.000         0
   67.986    15.027     0.060     5.000         0
   68.217    15.054     0.060     5.000         0
   68.431    15.089     0.060     5.000         0
   68.646    15.118     0.060     5.000         0
   68.882    15.138     0.060     5.000         0
   69.095    15.136     0.060     5.000         0
   69.310    15.154     0.060     5.000         0
   69.549    15.174     0.060     5.000         0
   69.760    15.192     0.060     5.000         0
   69.975    15.210     0.060     5.000         0
   70.215    15.246     0.060     5.000         0
   70.428    15.249     0.060     5.000         0
   70.639    15.277     0.060     5.000         0
   70.870    15.306     0.060     5.000         0
   71.084    15.304     0.060     5.000         0
   71.299    15.333     0.060     5.000         0
   71.537    15.362     0.060     5.000         0
   71.748    15.412     0.060     5.000         0
   71.963    15.453     0.060     5.000         0
   72.202    15.473     0.060     5.000         0
   72.420    15.525     0.060     5.000         0
   72.631    15.560     0.060     5.000         0
   72.845    15.590     0.060     5.000         0
   73.055    15.635     0.060     5.000         0
   73.270    15.661     0.060     5.000         0
   73.510    15.701     0.060     5.000         0
   73.724    15.742     0.060     5.000         0
   73.935    15.762     0.060     5.000         0
   74.148    15.798     0.060     5.000         0
   74.362    15.853     0.060     5.000         0
   74.577    15.889     0.060     5.000         0
   74.791    15.915     0.060     5.000         0
   75.002    15.951     0.060     5.000         0
   75.242    15.981     0.060     5.000         0
   75.455    15.988     0.060     5.000         0
   75.670    16.020     0.060     5.000         0
   75.880    16.046     0.060     5.000         0
   76.095    16.088     0.060     5.000         0
   76.309    16.095     0.060     5.000         0
   76.520    16.121     0.060     5.000         0
   76.737    16.168     0.060     5.000         0
   76.948    16.195     0.060     5.000         0
   77.162    16.221     0.060     5.000         0
   77.351    16.245     0.060     5.000         0
   77.566    16.252     0.060     5.000         0
   77.777    16.288     0.060     5.000         0
    0.000    -1.000     0.000         0
   -7.816     6.246     0.060     1.000         0
   -7.605     6.120     0.060     1.000         0
   -7.390     6.002     0.060     1.000         0
   -7.177     5.886     0.060     1.000         0
   -6.962     5.768     0.060     1.000         0
   -6.751     5.653     0.060     1.000         0
   -6.536     5.535     0.060     1.000         0
   -6.321     5.427     0.060     1.000         0
   -6.108     5.311     0.060     1.000         0
   -5.893     5.216     0.060     1.000         0
   -5.682     5.109     0.060     1.000         0
   -5.467     5.004     0.060     1.000         0
   -5.253     4.905     0.060     1.000         0
   -5.038     4.811     0.060     1.000         0
   -4.827     4.713     0.060     1.000         0
   -4.614     4.630     0.060     1.000         0
   -4.399     4.530     0.060     1.000         0
   -4.184     4.431     0.060     1.000         0
   -3.956     4.310     0.060     1.000         0
   -3.742     4.216     0.060     1.000         0
   -3.528     4.148     0.060     1.000         0
   -3.313     4.080     0.060     1.000         0
   -3.102     4.038     0.060     1.000         0
   -2.888     3.975     0.060     1.000         0
   -2.673     3.912     0.060     1.000         0
   -2.458     3.848     0.060     1.000         0
   -2.219     3.758     0.060     1.000         0
   -2.008     3.696     0.060     1.000         0
   -1.794     3.643     0.060     1.000         0
   -1.579     3.607     0.060     1.000         0
   -1.364     3.601     0.060     1.000         0
   -1.126     3.572     0.060     1.000         0
   -0.911     3.546     0.060     1.000         0
   -0.700     3.521     0.060     1.000         0
   -0.485     3.475     0.060     1.000         0
   -0.271     3.449     0.060     1.000         0
  -11.738     7.406     0.060     2.000         0
  -11.527     7.335     0.060     2.000         0
  -11.287     7.265     0.060     2.000         0
  -11.074     7.202     0.060     2.000         0
  -10.859     7.140     0.060     2.000         0
  -10.644     7.097     0.060     2.000         0
  -10.433     7.035     0.060     2.000         0
  -10.219     6.973     0.060     2.000         0
  -10.004     6.895     0.060     2.000         0
   -9.790     6.828     0.060     2.000         0
   -9.579     6.766     0.060     2.000         0
   -9.339     6.696     0.060     2.000         0
   -9.125     6.653     0.060     2.000         0
   -8.910     6.591     0.060     2.000         0
   -8.696     6.528     0.060     2.000         0
   -8.485     6.466     0.060     2.000         0
   -8.271     6.394     0.060     2.000         0
   -8.031     6.334     0.060     2.000         0
  -53.341    12.957     0.060     5.000         0
  -53.152    12.948     0.060     5.000         0
  -52.941    12.926     0.060     5.000         0
  -52.726    12.884     0.060     5.000         0
  -52.536    12.864     0.060     5.000         0
  -52.325    12.842     0.060     5.000         0
  -52.111    12.820     0.060     5.000         0
  -51.896    12.798     0.060     5.000         0
  -51.707    12.783     0.060     5.000         0
  -51.496    12.766     0.060     5.000         0
  -51.281    12.734     0.060     5.000         0
  -51.067    12.732     0.060     5.000         0
  -50.878    12.712     0.060     5.000         0
  -50.667    12.670     0.060     5.000         0
  -50.452    12.648     0.060     5.000         0
  -50.237    12.626     0.060     5.000         0
  -50.043    12.626     0.060     5.000         0
  -49.825    12.603     0.060     5.000         0
  -49.614    12.581     0.060     5.000         0
  -49.399    12.549     0.060     5.000         0
  -49.210    12.504     0.060     5.000         0
  -48.999    12.481     0.060     5.000         0
  -48.809    12.451     0.060     5.000         0
  -48.596    12.397     0.060     5.000         0
  -48.381    12.373     0.060     5.000         0
  -48.170    12.334     0.060     5.000         0
  -47.980    12.299     0.060     5.000         0
  -47.765    12.260     0.060     5.000         0
  -47.550    12.221     0.060     5.000         0
  -47.339    12.182     0.060     5.000         0
  -47.142    12.146     0.060     5.000         0
  -46.928    12.107     0.060     5.000         0
  -46.713    12.047     0.060     5.000         0
  -46.498    12.028     0.060     5.000         0
  -46.312    11.984     0.060     5.000         0
  -46.099    11.950     0.060     5.000         0
  -45.884    11.901     0.060     5.000         0
  -45.694    11.871     0.060     5.000         0
  -45.483    11.832     0.060     5.000         0
  -45.268    11.803     0.060     5.000         0
  -45.082    11.798     0.060     5.000         0
  -44.868    11.769     0.060     5.000         0
  -44.679    11.739     0.060     5.000         0
  -44.464    11.695     0.060     5.000         0
  -44.253    11.666     0.060     5.000         0
  -44.055    11.639     0.060     5.000         0
  -43.841    11.630     0.060     5.000         0
  -43.627    11.591     0.060     5.000         0
  -43.437    11.570     0.060     5.000         0
  -43.226    11.556     0.060     5.000         0
  -43.011    11.527     0.060     5.000         0
  -42.822    11.501     0.060     5.000         0
  -42.611    11.472     0.060     5.000         0
  -42.421    11.431     0.060     5.000         0
  -42.208    11.397     0.060     5.000         0
  -41.997    11.368     0.060     5.000         0
  -41.799    11.351     0.060     5.000         0
  -41.584    11.312     0.060     5.000         0
  -41.394    11.306     0.060     5.000         0
  -41.181    11.277     0.060     5.000         0
  -40.970    11.228     0.060     5.000         0
  -40.780    11.202     0.060     5.000         0
  -40.565    11.178     0.060     5.000         0
  -40.380    11.147     0.060     5.000         0
  -40.165    11.118     0.060     5.000         0
  -39.975    11.112     0.060     5.000         0
  -39.762    11.073     0.060     5.000         0
  -39.551    11.054     0.060     5.000         0
  -39.353    11.027     0.060     5.000         0
  -39.138    10.978     0.060     5.000         0
  -38.952    10.952     0.060     5.000         0
  -38.737    10.923     0.060     5.000         0
  -38.524    10.894     0.060     5.000         0
  -38.334    10.868     0.060     5.000         0
  -38.119    10.838     0.060     5.000         0
  -37.904    10.809     0.060     5.000         0
  -37.693    10.800     0.060     5.000         0
  -37.504    10.764     0.060     5.000         0
  -37.290    10.740     0.060     5.000         0
  -37.079    10.716     0.060     5.000         0
  -36.864    10.687     0.060     5.000         0
  -36.650    10.658     0.060     5.000         0
  -36.452    10.631     0.060     5.000         0
  -36.241    10.592     0.060     5.000         0
  -36.027    10.563     0.060     5.000         0
  -35.812    10.532     0.060     5.000         0
  -35.597    10.512     0.060     5.000         0
  -35.386    10.491     0.060     5.000         0
  -35.171    10.471     0.060     5.000         0
  -34.957    10.460     0.060     5.000         0
  -34.743    10.430     0.060     5.000         0
  -34.528    10.409     0.060     5.000         0
  -34.317    10.389     0.060     5.000         0
  -34.128    10.371     0.060     5.000         0
  -33.887    10.368     0.060     5.000         0
  -33.676    10.348     0.060     5.000         0
  -33.463    10.307     0.060     5.000         0
  -33.248    10.287     0.060     5.000         0
  -33.033    10.266     0.060     5.000         0
  -32.818    10.266     0.060     5.000         0
  -32.607    10.225     0.060     5.000         0
  -32.418    10.207     0.060     5.000         0
  -32.204    10.187     0.060     5.000         0
  -31.989    10.166     0.060     5.000         0
  -31.778    10.151     0.060     5.000         0
  -31.564    10.135     0.060     5.000         0
  -31.349    10.089     0.060     5.000         0
  -31.135    10.053     0.060     5.000         0
  -30.924    10.017     0.060     5.000         0
  -30.709    10.001     0.060     5.000         0
  -30.495     9.965     0.060     5.000         0
  -30.280     9.928     0.060     5.000         0
  -30.065     9.872     0.060     5.000         0
  -29.851     9.851     0.060     5.000         0
  -29.640     9.815     0.060     5.000         0
  -29.400     9.760     0.060     5.000         0
  -29.185     9.728     0.060     5.000         0
  -28.996     9.711     0.060     5.000         0
  -28.760     9.671     0.060     5.000         0
  -28.546     9.630     0.060     5.000         0
  -28.331     9.599     0.060     5.000         0
  -28.120     9.563     0.060     5.000         0
  -27.905     9.517     0.060     5.000         0
  -21.785     8.700     0.060     5.000         0
  -21.570     8.650     0.060     5.000         0
  -21.355     8.641     0.060     5.000         0
  -21.116     8.604     0.060     5.000         0
  -20.902     8.580     0.060     5.000         0
  -20.691     8.547     0.060     5.000         0
  -20.451     8.509     0.060     5.000         0
  -20.236     8.473     0.060     5.000         0
  -20.021     8.457     0.060     5.000         0
  -19.782     8.417     0.060     5.000         0
  -19.571     8.392     0.060     5.000         0
  -19.356     8.341     0.060     5.000         0
  -19.142     8.310     0.060     5.000         0
  -18.910     8.276     0.060     5.000         0
  -18.699     8.246     0.060     5.000         0
  -18.485     8.215     0.060     5.000         0
  -18.245     8.190     0.060     5.000         0
  -18.031     8.158     0.060     5.000         0
  -17.816     8.127     0.060     5.000         0
  -17.576     8.091     0.060     5.000         0
  -17.365     8.055     0.060     5.000         0
  -17.151     8.019     0.060     5.000         0
  -16.936     7.992     0.060     5.000         0
  -16.722     7.965     0.060     5.000         0
  -16.511     7.934     0.060     5.000         0
  -16.296     7.913     0.060     5.000         0
  -16.057     7.867     0.060     5.000         0
  -15.842     7.846     0.060     5.000         0
  -15.628     7.820     0.060     5.000         0
  -15.413     7.803     0.060     5.000         0
  -15.202     7.782     0.060     5.000         0
  -14.987     7.761     0.060     5.000         0
  -14.773     7.734     0.060     5.000         0
  -14.562     7.713     0.060     5.000         0
  -14.348     7.692     0.060     5.000         0
  -14.116     7.674     0.060     5.000         0
  -13.901     7.652     0.060     5.000         0
  -13.688     7.631     0.060     5.000         0
  -13.477     7.605     0.060     5.000         0
  -13.262     7.593     0.060     5.000         0
  -13.047     7.577     0.060     5.000         0
  -12.807     7.553     0.060     5.000         0
  -12.592     7.532     0.060     5.000         0
  -12.381     7.511     0.060     5.000         0
  -12.168     7.489     0.060     5.000         0
  -11.953     7.458     0.060     5.000         0
    0.000     0.000     0.000        -1
