    0.000     1.000     0.000         0
    0.439     3.477     0.060     1.000         0
    0.678     3.508     0.060     1.000         0
    0.892     3.537     0.060     1.000         0
    1.107     3.556     0.060     1.000         0
    1.318     3.593     0.060     1.000         0
    1.532     3.642     0.060     1.000         0
    1.772     3.696     0.060     1.000         0
    1.986     3.745     0.060     1.000         0
    2.197     3.792     0.060     1.000         0
    2.412     3.841     0.060     1.000         0
    2.643     3.903     0.060     1.000         0
    2.857     3.973     0.060     1.000         0
    3.071     4.054     0.060     1.000         0
    3.282     4.133     0.060     1.000         0
    3.522     4.243     0.060     1.000         0
    3.737     4.323     0.060     1.000         0
    3.950     4.403     0.060     1.000         0
    4.161     4.462     0.060     1.000         0
    4.401     4.552     0.060     1.000         0
    4.616     4.642     0.060     1.000         0
    4.831     4.737     0.060     1.000         0
    5.070     4.873     0.060     1.000         0
    5.282     4.975     0.060     1.000         0
    5.495     5.059     0.060     1.000         0
    5.710     5.183     0.060     1.000         0
    5.949     5.299     0.060     1.000         0
    6.161     5.402     0.060     1.000         0
    6.375     5.485     0.060     1.000         0
    6.589     5.589     0.060     1.000         0
    6.820     5.701     0.060     1.000         0
    7.035     5.805     0.060     1.000         0
    7.249     5.919     0.060     1.000         0
    7.460     6.031     0.060     1.000         0
    7.700     6.148     0.060     1.000         0
    7.914     6.232     0.060     1.000         0
    8.128     6.345     0.060     1.000         0
    8.343     6.418     0.060     2.000         0
    8.579     6.499     0.060     2.000         0
    8.794     6.559     0.060     2.000         0
    9.007     6.624     0.060     2.000         0
    9.247     6.696     0.060     2.000         0
    9.462     6.762     0.060     2.000         0
    9.673     6.830     0.060     2.000         0
    9.887     6.895     0.060     2.000         0
   10.119     6.966     0.060     2.000         0
   10.332     7.030     0.060     2.000         0
   10.543     7.094     0.060     2.000         0
   10.783     7.162     0.060     2.000         0
   10.998     7.232     0.060     2.000         0
   11.212     7.297     0.060     2.000         0
   11.451     7.364     0.060     2.000         0
   11.662     7.433     0.060     2.000         0
   11.877     7.488     0.060     2.000         0
   12.331     7.594     0.060     3.000         0
   12.546     7.632     0.060     3.000         0
   12.757     7.670     0.060     3.000         0
   12.970     7.703     0.060     3.000         0
   13.210     7.751     0.060     3.000         0
   13.425     7.770     0.060     3.000         0
   13.639     7.818     0.060     3.000         0
   13.850     7.843     0.060     3.000         0
   14.064     7.878     0.060     3.000         0
   14.278     7.913     0.060     3.000         0
   14.510     7.971     0.060     3.000         0
   14.724     8.006     0.060     3.000         0
   14.939     8.026     0.060     3.000         0
   15.150     8.066     0.060     3.000         0
   15.363     8.101     0.060     3.000         0
   15.603     8.151     0.060     3.000         0
   15.814     8.176     0.060     3.000         0
   16.029     8.222     0.060     3.000         0
   16.243     8.258     0.060     3.000         0
   16.243     8.238     0.060     3.000         0
   16.697     8.333     0.060     3.000         0
   16.908     8.368     0.060     3.000         0
   17.122     8.384     0.060     3.000         0
   17.337     8.430     0.060     3.000         0
   17.577     8.471     0.060     3.000         0
   17.790     8.499     0.060     3.000         0
   18.001     8.516     0.060     3.000         0
    0.000    -1.000     0.000         0
   -7.825     6.178     0.060     1.000         0
   -7.584     6.061     0.060     1.000         0
   -7.370     5.949     0.060     1.000         0
   -7.156     5.837     0.060     1.000         0
   -6.942     5.725     0.060     1.000         0
   -6.731     5.614     0.060     1.000         0
   -6.516     5.502     0.060     1.000         0
   -6.276     5.376     0.060     1.000         0
   -6.062     5.244     0.060     1.000         0
   -5.848     5.131     0.060     1.000         0
   -5.637     5.021     0.060     1.000         0
   -5.422     4.918     0.060     1.000         0
   -5.207     4.821     0.060     1.000         0
   -4.993     4.755     0.060     1.000         0
   -4.754     4.658     0.060     1.000         0
   -4.543     4.573     0.060     1.000         0
   -4.328     4.481     0.060     1.000         0
   -4.114     4.389     0.060     1.000         0
   -3.903     4.299     0.060     1.000         0
   -3.688     4.222     0.060     1.000         0
   -3.475     4.130     0.060     1.000         0
   -3.235     4.061     0.060     1.000         0
   -3.024     4.000     0.060     1.000         0
   -2.809     3.943     0.060     1.000         0
   -2.594     3.905     0.060     1.000         0
   -2.380     3.848     0.060     1.000         0
   -2.166     3.791     0.060     1.000         0
   -1.951     3.734     0.060     1.000         0
   -1.741     3.658     0.060     1.000         0
   -1.509     3.606     0.060     1.000         0
   -1.294     3.572     0.060     1.000         0
   -1.081     3.549     0.060     1.000         0
   -0.871     3.526     0.060     1.000         0
   -0.631     3.499     0.060     1.000         0
   -0.416     3.476     0.060     1.000         0
   -0.201     3.462     0.060     1.000         0
   -0.042     3.450     0.060     1.000         0
   -0.226     3.460     0.060     1.000         0
  -11.738     7.108     0.060     2.000         0
  -11.523     7.062     0.060     2.000         0
  -11.309     7.002     0.060     2.000         0
  -11.070     6.941     0.060     2.000         0
  -10.855     6.891     0.060     2.000         0
  -10.644     6.841     0.060     2.000         0
  -10.429     6.791     0.060     2.000         0
  -10.215     6.741     0.060     2.000         0
  -10.000     6.690     0.060     2.000         0
   -9.761     6.634     0.060     2.000         0
   -9.550     6.585     0.060     2.000         0
   -9.336     6.535     0.060     2.000         0
   -9.121     6.504     0.060     2.000         0
   -8.906     6.444     0.060     2.000         0
   -8.678     6.401     0.060     2.000         0
   -8.465     6.341     0.060     2.000         0
   -8.250     6.280     0.060     2.000         0
   -8.035     6.250     0.060     2.000         0
   -7.825     6.191     0.060     2.000         0
  -17.334     8.041     0.060     3.000         0
  -17.121     7.994     0.060     3.000         0
  -16.906     7.957     0.060     3.000         0
  -16.695     7.925     0.060     3.000         0
  -16.480     7.882     0.060     3.000         0
  -16.266     7.865     0.060     3.000         0
  -16.052     7.808     0.060     3.000         0
  -15.838     7.791     0.060     3.000         0
  -15.627     7.754     0.060     3.000         0
  -15.412     7.717     0.060     3.000         0
  -15.197     7.669     0.060     3.000         0
  -14.982     7.632     0.060     3.000         0
  -14.771     7.596     0.060     3.000         0
  -14.558     7.560     0.060     3.000         0
  -14.343     7.528     0.060     3.000         0
  -14.128     7.497     0.060     3.000         0
  -13.901     7.483     0.060     3.000         0
  -13.686     7.432     0.060     3.000         0
  -13.472     7.400     0.060     3.000         0
  -13.258     7.375     0.060     3.000         0
  -13.047     7.341     0.060     3.000         0
  -12.832     7.306     0.060     3.000         0
  -12.617     7.271     0.060     3.000         0
  -12.403     7.227     0.060     3.000         0
  -12.164     7.191     0.060     3.000         0
  -18.430     8.326     0.060     4.000         0
  -18.215     8.296     0.060     4.000         0
  -17.975     8.252     0.060     4.000         0
  -17.760     8.192     0.060     4.000         0
  -17.549     8.173     0.060     4.000         0
  -17.334     8.113     0.060     4.000         0
  -17.121     8.074     0.060     4.000         0
  -16.906     8.034     0.060     4.000         0
  -16.695     7.995     0.060     4.000         0
  -16.480     7.965     0.060     4.000         0
  -16.266     7.927     0.060     4.000         0
  -16.052     7.900     0.060     4.000         0
  -15.838     7.872     0.060     4.000         0
  -15.627     7.845     0.060     4.000         0
  -15.412     7.817     0.060     4.000         0
  -15.197     7.789     0.060     4.000         0
  -14.982     7.762     0.060     4.000         0
  -14.771     7.734     0.060     4.000         0
  -14.558     7.717     0.060     4.000         0
  -14.343     7.688     0.060     4.000         0
  -14.128     7.674     0.060     4.000         0
  -13.901     7.634     0.060     4.000         0
  -13.686     7.610     0.060     4.000         0
  -13.472     7.597     0.060     4.000         0
  -19.735     8.379     0.060     5.000         0
  -19.524     8.345     0.060     5.000         0
  -19.284     8.307     0.060     5.000         0
  -19.069     8.278     0.060     5.000         0
  -18.854     8.268     0.060     5.000         0
  -18.641     8.239     0.060     5.000         0
  -18.430     8.210     0.060     5.000         0
  -18.215     8.175     0.060     5.000         0
  -17.975     8.137     0.060     5.000         0
  -17.760     8.112     0.060     5.000         0
  -17.549     8.088     0.060     5.000         0
    0.000     0.000     0.000        -1
