    0.000     1.000     0.000         0
    0.189     3.523     0.060     1.000         0
    0.061     3.519     0.060     1.000         0
    0.244     3.528     0.060     1.000         0
    0.483     3.550     0.060     1.000         0
    0.698     3.570     0.060     1.000         0
    0.913     3.594     0.060     1.000         0
    1.151     3.616     0.060     1.000         0
    1.361     3.659     0.060     1.000         0
    1.576     3.711     0.060     1.000         0
    1.791     3.763     0.060     1.000         0
    2.031     3.837     0.060     1.000         0
    2.245     3.873     0.060     1.000         0
    2.456     3.924     0.060     1.000         0
    2.669     3.979     0.060     1.000         0
    2.909     4.045     0.060     1.000         0
    3.124     4.101     0.060     1.000         0
    3.339     4.145     0.060     1.000         0
    3.549     4.228     0.060     1.000         0
    3.763     4.337     0.060     1.000         0
    3.977     4.429     0.060     1.000         0
    4.209     4.522     0.060     1.000         0
    4.424     4.619     0.060     1.000         0
    4.638     4.712     0.060     1.000         0
    4.849     4.807     0.060     1.000         0
    5.062     4.899     0.060     1.000         0
    5.302     5.003     0.060     1.000         0
    5.513     5.094     0.060     1.000         0
    5.728     5.171     0.060     1.000         0
    5.942     5.280     0.060     1.000         0
    6.396     5.494     0.060     1.000         0
    6.607     5.601     0.060     1.000         0
    6.821     5.714     0.060     1.000         0
    7.036     5.827     0.060     1.000         0
    7.276     5.944     0.060     1.000         0
    7.489     6.064     0.060     1.000         0
    7.700     6.171     0.060     1.000         0
    7.931     6.288     0.060     1.000         0
    8.146     6.381     0.060     1.000         0
    8.361     6.494     0.060     1.000         0
    8.599     6.619     0.060     1.000         0
    9.029     6.734     0.060     2.000         0
    9.265     6.801     0.060     2.000         0
    9.480     6.863     0.060     2.000         0
    9.694     6.929     0.060     2.000         0
    9.930     6.993     0.060     2.000         0
   10.144     7.058     0.060     2.000         0
   10.358     7.124     0.060     2.000         0
   10.598     7.189     0.060     2.000         0
   10.813     7.250     0.060     2.000         0
   11.024     7.315     0.060     2.000         0
   11.237     7.380     0.060     2.000         0
   11.469     7.447     0.060     2.000         0
   11.683     7.508     0.060     2.000         0
   11.898     7.570     0.060     2.000         0
   12.134     7.638     0.060     2.000         0
   12.349     7.700     0.060     2.000         0
   12.587     7.768     0.060     2.000         0
   12.802     7.834     0.060     2.000         0
   13.016     7.895     0.060     2.000         0
   13.253     7.959     0.060     2.000         0
   13.467     8.025     0.060     2.000         0
   13.697     8.091     0.060     2.000         0
   14.792     8.349     0.060     5.000         0
   15.003     8.374     0.060     5.000         0
   15.241     8.403     0.060     5.000         0
   15.456     8.425     0.060     5.000         0
   15.671     8.447     0.060     5.000         0
   15.885     8.457     0.060     5.000         0
   16.124     8.477     0.060     5.000         0
   16.339     8.500     0.060     5.000         0
   16.549     8.529     0.060     5.000         0
   16.789     8.548     0.060     5.000         0
   17.004     8.572     0.060     5.000         0
   17.219     8.600     0.060     5.000         0
   17.446     8.637     0.060     5.000         0
   17.660     8.645     0.060     5.000         0
   17.899     8.688     0.060     5.000         0
   18.114     8.712     0.060     5.000         0
   18.329     8.720     0.060     5.000         0
   18.567     8.763     0.060     5.000         0
   18.778     8.774     0.060     5.000         0
   19.018     8.805     0.060     5.000         0
   19.233     8.835     0.060     5.000         0
   19.464     8.877     0.060     5.000         0
   19.675     8.914     0.060     5.000         0
   19.915     8.965     0.060     5.000         0
   20.128     9.007     0.060     5.000         0
   20.368     9.046     0.060     5.000         0
   20.583     9.090     0.060     5.000         0
   20.819     9.122     0.060     5.000         0
   21.033     9.150     0.060     5.000         0
   21.272     9.206     0.060     5.000         0
   21.487     9.243     0.060     5.000         0
   21.701     9.271     0.060     5.000         0
    0.000    -1.000     0.000         0
   -8.529     6.593     0.060     1.000         0
   -8.314     6.476     0.060     1.000         0
   -8.103     6.385     0.060     1.000         0
   -7.889     6.277     0.060     1.000         0
   -7.657     6.159     0.060     1.000         0
   -7.444     6.035     0.060     1.000         0
   -7.229     5.942     0.060     1.000         0
   -7.018     5.835     0.060     1.000         0
   -6.778     5.714     0.060     1.000         0
   -6.564     5.597     0.060     1.000         0
   -6.350     5.492     0.060     1.000         0
   -6.139     5.385     0.060     1.000         0
   -5.899     5.267     0.060     1.000         0
   -5.685     5.158     0.060     1.000         0
   -5.470     5.049     0.060     1.000         0
   -5.230     4.911     0.060     1.000         0
   -5.019     4.808     0.060     1.000         0
   -4.806     4.704     0.060     1.000         0
   -4.591     4.621     0.060     1.000         0
   -4.351     4.555     0.060     1.000         0
   -4.140     4.482     0.060     1.000         0
   -3.925     4.392     0.060     1.000         0
   -3.712     4.318     0.060     1.000         0
   -3.481     4.238     0.060     1.000         0
   -3.266     4.164     0.060     1.000         0
   -3.052     4.090     0.060     1.000         0
   -2.840     4.017     0.060     1.000         0
   -2.600     3.942     0.060     1.000         0
   -2.387     3.898     0.060     1.000         0
   -2.173     3.878     0.060     1.000         0
   -1.958     3.838     0.060     1.000         0
   -1.722     3.787     0.060     1.000         0
   -1.507     3.750     0.060     1.000         0
   -1.294     3.723     0.060     1.000         0
   -1.054     3.690     0.060     1.000         0
   -0.841     3.639     0.060     1.000         0
   -0.629     3.603     0.060     1.000         0
   -0.416     3.575     0.060     1.000         0
  -12.042     7.552     0.060     2.000         0
  -11.810     7.478     0.060     2.000         0
  -11.596     7.425     0.060     2.000         0
  -11.382     7.359     0.060     2.000         0
  -11.171     7.295     0.060     2.000         0
  -10.931     7.234     0.060     2.000         0
  -10.717     7.167     0.060     2.000         0
  -10.502     7.107     0.060     2.000         0
  -10.291     7.048     0.060     2.000         0
  -10.076     6.988     0.060     2.000         0
   -9.863     6.945     0.060     2.000         0
   -9.623     6.878     0.060     2.000         0
   -9.408     6.818     0.060     2.000         0
   -9.194     6.758     0.060     2.000         0
   -8.982     6.687     0.060     2.000         0
   -8.769     6.632     0.060     2.000         0
   -8.529     6.610     0.060     2.000         0
  -20.516     8.961     0.060     3.000         0
  -20.301     8.917     0.060     3.000         0
  -19.208     8.680     0.060     3.000         0
  -18.980     8.638     0.060     3.000         0
  -18.766     8.599     0.060     3.000         0
  -18.551     8.548     0.060     3.000         0
  -18.337     8.509     0.060     3.000         0
  -18.126     8.470     0.060     3.000         0
  -17.886     8.406     0.060     3.000         0
  -17.671     8.379     0.060     3.000         0
  -17.458     8.328     0.060     3.000         0
  -17.243     8.285     0.060     3.000         0
  -17.032     8.250     0.060     3.000         0
  -16.817     8.231     0.060     3.000         0
  -16.577     8.192     0.060     3.000         0
  -16.364     8.149     0.060     3.000         0
  -16.149     8.110     0.060     3.000         0
  -15.938     8.075     0.060     3.000         0
  -15.723     8.044     0.060     3.000         0
  -15.509     8.017     0.060     3.000         0
  -15.294     7.982     0.060     3.000         0
  -15.055     7.942     0.060     3.000         0
  -14.844     7.908     0.060     3.000         0
  -14.630     7.873     0.060     3.000         0
  -14.415     7.838     0.060     3.000         0
  -14.204     7.803     0.060     3.000         0
  -13.989     7.760     0.060     3.000         0
  -13.776     7.748     0.060     3.000         0
  -13.536     7.722     0.060     3.000         0
  -13.325     7.691     0.060     3.000         0
  -13.110     7.671     0.060     3.000         0
  -12.896     7.651     0.060     3.000         0
  -12.681     7.643     0.060     3.000         0
  -12.467     7.619     0.060     3.000         0
  -12.253     7.604     0.060     3.000         0
  -20.731     9.081     0.060     4.000         0
  -20.516     9.036     0.060     4.000         0
  -20.301     8.968     0.060     4.000         0
  -20.063     8.910     0.060     4.000         0
  -19.852     8.858     0.060     4.000         0
  -19.637     8.813     0.060     4.000         0
  -19.422     8.767     0.060     4.000         0
  -19.208     8.741     0.060     4.000         0
  -18.980     8.705     0.060     4.000         0
  -18.766     8.667     0.060     4.000         0
  -18.551     8.629     0.060     4.000         0
  -18.337     8.583     0.060     4.000         0
  -18.126     8.554     0.060     4.000         0
  -17.886     8.500     0.060     4.000         0
  -17.671     8.466     0.060     4.000         0
  -38.945    11.320     0.060     5.000         0
  -38.731    11.299     0.060     5.000         0
  -38.491    11.271     0.060     5.000         0
  -38.276    11.250     0.060     5.000         0
  -38.061    11.209     0.060     5.000         0
  -37.821    11.197     0.060     5.000         0
  -37.610    11.173     0.060     5.000         0
  -37.397    11.148     0.060     5.000         0
  -37.182    11.115     0.060     5.000         0
  -36.967    11.091     0.060     5.000         0
  -36.756    11.083     0.060     5.000         0
  -36.541    11.062     0.060     5.000         0
  -36.303    11.023     0.060     5.000         0
  -36.088    11.019     0.060     5.000         0
  -35.873    10.998     0.060     5.000         0
  -35.658    10.961     0.060     5.000         0
  -35.447    10.957     0.060     5.000         0
  -35.233    10.929     0.060     5.000         0
  -35.019    10.917     0.060     5.000         0
  -34.808    10.897     0.060     5.000         0
  -34.593    10.873     0.060     5.000         0
  -34.362    10.856     0.060     5.000         0
  -34.147    10.832     0.060     5.000         0
  -33.933    10.812     0.060     5.000         0
  -33.722    10.789     0.060     5.000         0
  -33.508    10.775     0.060     5.000         0
  -33.293    10.742     0.060     5.000         0
  -33.053    10.722     0.060     5.000         0
  -32.838    10.692     0.060     5.000         0
  -32.627    10.687     0.060     5.000         0
  -32.414    10.658     0.060     5.000         0
  -32.199    10.641     0.060     5.000         0
  -31.984    10.617     0.060     5.000         0
  -31.773    10.586     0.060     5.000         0
  -31.533    10.544     0.060     5.000         0
  -31.320    10.523     0.060     5.000         0
  -31.105    10.493     0.060     5.000         0
  -30.890    10.472     0.060     5.000         0
  -30.679    10.450     0.060     5.000         0
  -30.464    10.420     0.060     5.000         0
  -30.250    10.383     0.060     5.000         0
  -30.036    10.361     0.060     5.000         0
  -29.825    10.332     0.060     5.000         0
  -29.585    10.298     0.060     5.000         0
  -29.370    10.252     0.060     5.000         0
  -29.156    10.239     0.060     5.000         0
  -28.942    10.209     0.060     5.000         0
  -28.731    10.172     0.060     5.000         0
  -28.516    10.134     0.060     5.000         0
  -28.276    10.101     0.060     5.000         0
  -28.062    10.079     0.060     5.000         0
  -27.850    10.041     0.060     5.000         0
  -27.636    10.020     0.060     5.000         0
  -27.422     9.959     0.060     5.000         0
  -27.208     9.910     0.060     5.000         0
  -26.997     9.866     0.060     5.000         0
  -26.782     9.821     0.060     5.000         0
  -26.567     9.781     0.060     5.000         0
  -26.354     9.765     0.060     5.000         0
  -26.139     9.728     0.060     5.000         0
  -25.928     9.684     0.060     5.000         0
  -25.713     9.652     0.060     5.000         0
  -25.498     9.620     0.060     5.000         0
  -25.284     9.603     0.060     5.000         0
  -25.073     9.572     0.060     5.000         0
  -24.859     9.539     0.060     5.000         0
  -24.645     9.507     0.060     5.000         0
  -24.430     9.459     0.060     5.000         0
  -24.202     9.440     0.060     5.000         0
  -23.987     9.408     0.060     5.000         0
  -23.774     9.376     0.060     5.000         0
  -23.559     9.339     0.060     5.000         0
  -23.348     9.312     0.060     5.000         0
  -23.133     9.271     0.060     5.000         0
  -22.919     9.252     0.060     5.000         0
  -22.704     9.220     0.060     5.000         0
  -22.465     9.193     0.060     5.000         0
  -22.254     9.166     0.060     5.000         0
  -22.039     9.139     0.060     5.000         0
  -21.825     9.095     0.060     5.000         0
  -21.610     9.071     0.060     5.000         0
  -21.371     9.049     0.060     5.000         0
  -21.157     9.009     0.060     5.000         0
  -20.945     8.994     0.060     5.000         0
  -20.731     8.962     0.060     5.000         0
  -20.516     8.943     0.060     5.000         0
  -20.301     8.917     0.060     5.000         0
  -20.063     8.871     0.060     5.000         0
    0.000     0.000     0.000        -1
