    0.000     1.000     0.000         0
    0.189     3.523     0.060     1.000         0
    0.061     3.519     0.060     1.000         0
    0.244     3.528     0.060     1.000         0
    0.483     3.550     0.060     1.000         0
    0.698     3.570     0.060     1.000         0
    0.913     3.594     0.060     1.000         0
    1.151     3.616     0.060     1.000         0
    1.361     3.659     0.060     1.000         0
    1.576     3.711     0.060     1.000         0
    1.791     3.763     0.060     1.000         0
    2.031     3.837     0.060     1.000         0
    2.245     3.873     0.060     1.000         0
    2.456     3.924     0.060     1.000         0
    2.669     3.979     0.060     1.000         0
    2.909     4.045     0.060     1.000         0
    3.124     4.101     0.060     1.000         0
    3.339     4.145     0.060     1.000         0
    3.549     4.228     0.060     1.000         0
    3.763     4.337     0.060     1.000         0
    3.977     4.429     0.060     1.000         0
    4.209     4.522     0.060     1.000         0
    4.424     4.619     0.060     1.000         0
    4.638     4.712     0.060     1.000         0
    4.849     4.807     0.060     1.000         0
    5.062     4.899     0.060     1.000         0
    5.302     5.003     0.060     1.000         0
    5.513     5.094     0.060     1.000         0
    5.728     5.171     0.060     1.000         0
    5.942     5.272     0.060     1.000         0
    5.942     5.280     0.060     1.000         0
    6.396     5.494     0.060     1.000         0
    6.607     5.601     0.060     1.000         0
    6.821     5.714     0.060     1.000         0
    7.036     5.827     0.060     1.000         0
    7.276     5.944     0.060     1.000         0
    7.489     6.064     0.060     1.000         0
    7.700     6.171     0.060     1.000         0
    7.931     6.288     0.060     1.000         0
    8.146     6.381     0.060     1.000         0
    8.361     6.494     0.060     1.000         0
    8.599     6.619     0.060     1.000         0
    9.029     6.734     0.060     2.000         0
    9.265     6.801     0.060     2.000         0
    9.480     6.863     0.060     2.000         0
    9.694     6.929     0.060     2.000         0
    9.930     6.993     0.060     2.000         0
   10.144     7.058     0.060     2.000         0
   10.358     7.124     0.060     2.000         0
   10.598     7.189     0.060     2.000         0
   10.813     7.250     0.060     2.000         0
   11.024     7.315     0.060     2.000         0
   11.237     7.380     0.060     2.000         0
   11.469     7.447     0.060     2.000         0
   11.683     7.508     0.060     2.000         0
   11.898     7.570     0.060     2.000         0
   12.134     7.638     0.060     2.000         0
   12.349     7.700     0.060     2.000         0
   12.587     7.768     0.060     2.000         0
   12.802     7.834     0.060     2.000         0
   13.016     7.895     0.060     2.000         0
   13.253     7.959     0.060     2.000         0
   13.467     8.025     0.060     2.000         0
   13.697     8.091     0.060     2.000         0
   13.908     8.144     0.060     2.000         0
   14.123     8.176     0.060     2.000         0
   14.337     8.233     0.060     2.000         0
   14.577     8.270     0.060     2.000         0
   14.792     8.349     0.060     5.000         0
   15.003     8.374     0.060     5.000         0
   15.241     8.403     0.060     5.000         0
   15.456     8.425     0.060     5.000         0
   15.671     8.447     0.060     5.000         0
   15.885     8.457     0.060     5.000         0
   16.124     8.477     0.060     5.000         0
   16.339     8.500     0.060     5.000         0
   16.549     8.529     0.060     5.000         0
   16.789     8.548     0.060     5.000         0
   17.004     8.572     0.060     5.000         0
   17.219     8.600     0.060     5.000         0
   17.446     8.637     0.060     5.000         0
   17.660     8.645     0.060     5.000         0
   17.899     8.688     0.060     5.000         0
   18.114     8.712     0.060     5.000         0
   18.329     8.720     0.060     5.000         0
   18.567     8.763     0.060     5.000         0
   18.778     8.774     0.060     5.000         0
   19.018     8.805     0.060     5.000         0
   19.233     8.835     0.060     5.000         0
   19.464     8.877     0.060     5.000         0
   19.675     8.914     0.060     5.000         0
   19.915     8.965     0.060     5.000         0
   20.128     9.007     0.060     5.000         0
   20.368     9.046     0.060     5.000         0
   20.583     9.090     0.060     5.000         0
   20.819     9.122     0.060     5.000         0
   21.033     9.150     0.060     5.000         0
   21.272     9.206     0.060     5.000         0
   21.487     9.243     0.060     5.000         0
   21.701     9.271     0.060     5.000         0
    0.000    -1.000     0.000         0
   -8.529     6.593     0.060     1.000         0
   -8.314     6.476     0.060     1.000         0
   -8.103     6.385     0.060     1.000         0
   -7.889     6.277     0.060     1.000         0
   -7.657     6.159     0.060     1.000         0
   -7.444     6.035     0.060     1.000         0
   -7.229     5.942     0.060     1.000         0
   -7.018     5.835     0.060     1.000         0
   -6.778     5.714     0.060     1.000         0
   -6.564     5.597     0.060     1.000         0
   -6.350     5.492     0.060     1.000         0
   -6.139     5.385     0.060     1.000         0
   -5.899     5.267     0.060     1.000         0
   -5.685     5.158     0.060     1.000         0
   -5.470     5.049     0.060     1.000         0
   -5.230     4.911     0.060     1.000         0
   -5.019     4.808     0.060     1.000         0
   -4.806     4.704     0.060     1.000         0
   -4.591     4.621     0.060     1.000         0
   -4.351     4.555     0.060     1.000         0
   -4.140     4.482     0.060     1.000         0
   -3.925     4.392     0.060     1.000         0
   -3.712     4.318     0.060     1.000         0
   -3.481     4.238     0.060     1.000         0
   -3.266     4.164     0.060     1.000         0
   -3.052     4.090     0.060     1.000         0
   -2.840     4.017     0.060     1.000         0
   -2.600     3.942     0.060     1.000         0
   -2.387     3.898     0.060     1.000         0
   -2.173     3.878     0.060     1.000         0
   -1.958     3.838     0.060     1.000         0
   -1.722     3.787     0.060     1.000         0
   -1.507     3.750     0.060     1.000         0
   -1.294     3.723     0.060     1.000         0
   -1.054     3.690     0.060     1.000         0
   -0.841     3.639     0.060     1.000         0
   -0.629     3.603     0.060     1.000         0
   -0.416     3.575     0.060     1.000         0
  -12.042     7.552     0.060     2.000         0
  -11.810     7.478     0.060     2.000         0
  -11.596     7.425     0.060     2.000         0
  -11.382     7.359     0.060     2.000         0
  -11.171     7.295     0.060     2.000         0
  -10.931     7.234     0.060     2.000         0
  -10.717     7.167     0.060     2.000         0
  -10.502     7.107     0.060     2.000         0
  -10.291     7.048     0.060     2.000         0
  -10.076     6.988     0.060     2.000         0
   -9.863     6.945     0.060     2.000         0
   -9.623     6.878     0.060     2.000         0
   -9.408     6.818     0.060     2.000         0
   -9.194     6.758     0.060     2.000         0
   -8.982     6.687     0.060     2.000         0
   -8.769     6.632     0.060     2.000         0
   -8.529     6.610     0.060     2.000         0
  -20.516     8.961     0.060     3.000         0
  -20.301     8.917     0.060     3.000         0
  -20.063     8.852     0.060     3.000         0
  -19.852     8.813     0.060     3.000         0
  -19.637     8.774     0.060     3.000         0
  -19.422     8.727     0.060     3.000         0
  -19.208     8.680     0.060     3.000         0
  -18.980     8.638     0.060     3.000         0
  -18.766     8.599     0.060     3.000         0
  -18.551     8.548     0.060     3.000         0
  -18.337     8.509     0.060     3.000         0
  -18.126     8.470     0.060     3.000         0
  -17.886     8.406     0.060     3.000         0
  -17.671     8.379     0.060     3.000         0
  -17.458     8.328     0.060     3.000         0
  -17.243     8.285     0.060     3.000         0
  -17.032     8.250     0.060     3.000         0
  -16.817     8.231     0.060     3.000         0
  -16.577     8.192     0.060     3.000         0
  -16.364     8.149     0.060     3.000         0
  -16.149     8.110     0.060     3.000         0
  -15.938     8.075     0.060     3.000         0
  -15.723     8.044     0.060     3.000         0
  -15.509     8.017     0.060     3.000         0
  -15.294     7.982     0.060     3.000         0
  -15.055     7.942     0.060     3.000         0
  -14.844     7.908     0.060     3.000         0
  -14.630     7.873     0.060     3.000         0
  -14.415     7.838     0.060     3.000         0
  -14.204     7.803     0.060     3.000         0
  -13.989     7.760     0.060     3.000         0
  -13.776     7.748     0.060     3.000         0
  -13.536     7.722     0.060     3.000         0
  -13.325     7.691     0.060     3.000         0
  -13.110     7.671     0.060     3.000         0
  -12.896     7.651     0.060     3.000         0
  -12.681     7.643     0.060     3.000         0
  -12.467     7.619     0.060     3.000         0
  -12.253     7.604     0.060     3.000         0
  -12.042     7.564     0.060     3.000         0
  -11.810     7.555     0.060     3.000         0
 -103.417    19.580     0.060     5.000         0
 -103.176    19.540     0.060     5.000         0
 -102.961    19.511     0.060     5.000         0
 -102.746    19.471     0.060     5.000         0
 -102.533    19.455     0.060     5.000         0
 -102.296    19.420     0.060     5.000         0
 -102.081    19.388     0.060     5.000         0
 -101.866    19.352     0.060     5.000         0
 -101.651    19.324     0.060     5.000         0
 -101.437    19.276     0.060     5.000         0
 -101.201    19.256     0.060     5.000         0
 -100.986    19.224     0.060     5.000         0
 -100.771    19.176     0.060     5.000         0
 -100.556    19.144     0.060     5.000         0
 -100.316    19.124     0.060     5.000         0
 -100.105    19.093     0.060     5.000         0
  -99.890    19.053     0.060     5.000         0
  -99.658    19.026     0.060     5.000         0
  -99.443    18.978     0.060     5.000         0
  -99.228    18.954     0.060     5.000         0
  -98.989    18.915     0.060     5.000         0
  -98.778    18.892     0.060     5.000         0
  -98.563    18.877     0.060     5.000         0
  -98.323    18.847     0.060     5.000         0
  -98.108    18.803     0.060     5.000         0
  -97.893    18.776     0.060     5.000         0
  -97.657    18.746     0.060     5.000         0
  -97.443    18.735     0.060     5.000         0
  -97.211    18.689     0.060     5.000         0
  -97.000    18.663     0.060     5.000         0
  -96.760    18.636     0.060     5.000         0
  -96.545    18.621     0.060     5.000         0
  -96.331    18.578     0.060     5.000         0
  -96.091    18.547     0.060     5.000         0
  -95.876    18.524     0.060     5.000         0
  -95.635    18.497     0.060     5.000         0
  -95.420    18.478     0.060     5.000         0
  -95.209    18.435     0.060     5.000         0
  -94.970    18.413     0.060     5.000         0
  -94.755    18.384     0.060     5.000         0
  -94.540    18.379     0.060     5.000         0
  -94.325    18.359     0.060     5.000         0
  -94.097    18.337     0.060     5.000         0
  -93.884    18.316     0.060     5.000         0
  -93.669    18.288     0.060     5.000         0
  -93.454    18.259     0.060     5.000         0
  -93.213    18.248     0.060     5.000         0
  -93.002    18.223     0.060     5.000         0
  -92.787    18.195     0.060     5.000         0
  -92.574    18.174     0.060     5.000         0
  -92.359    18.169     0.060     5.000         0
  -92.122    18.131     0.060     5.000         0
  -91.907    18.110     0.060     5.000         0
  -91.692    18.089     0.060     5.000         0
  -91.479    18.069     0.060     5.000         0
  -91.264    18.052     0.060     5.000         0
  -91.023    18.041     0.060     5.000         0
  -90.812    18.012     0.060     5.000         0
  -90.597    17.995     0.060     5.000         0
  -90.382    17.958     0.060     5.000         0
  -90.171    17.946     0.060     5.000         0
  -89.958    17.921     0.060     5.000         0
  -89.743    17.880     0.060     5.000         0
  -89.511    17.869     0.060     5.000         0
  -89.296    17.844     0.060     5.000         0
  -89.082    17.815     0.060     5.000         0
  -88.871    17.778     0.060     5.000         0
  -88.656    17.761     0.060     5.000         0
  -88.420    17.741     0.060     5.000         0
  -88.205    17.712     0.060     5.000         0
  -87.986    17.675     0.060     5.000         0
  -87.775    17.666     0.060     5.000         0
  -87.561    17.641     0.060     5.000         0
  -87.350    17.604     0.060     5.000         0
  -87.110    17.588     0.060     5.000         0
  -86.895    17.563     0.060     5.000         0
  -86.680    17.530     0.060     5.000         0
  -86.466    17.501     0.060     5.000         0
  -86.255    17.489     0.060     5.000         0
  -86.040    17.448     0.060     5.000         0
  -85.825    17.423     0.060     5.000         0
  -85.610    17.402     0.060     5.000         0
  -85.399    17.390     0.060     5.000         0
  -85.184    17.357     0.060     5.000         0
  -84.971    17.332     0.060     5.000         0
  -84.756    17.299     0.060     5.000         0
  -84.519    17.288     0.060     5.000         0
  -84.300    17.262     0.060     5.000         0
  -84.089    17.230     0.060     5.000         0
  -83.876    17.205     0.060     5.000         0
  -83.661    17.182     0.060     5.000         0
  -83.446    17.150     0.060     5.000         0
  -83.231    17.103     0.060     5.000         0
  -83.020    17.072     0.060     5.000         0
  -82.805    17.056     0.060     5.000         0
  -82.591    17.025     0.060     5.000         0
  -82.380    16.994     0.060     5.000         0
  -82.165    16.955     0.060     5.000         0
  -81.950    16.915     0.060     5.000         0
  -81.739    16.884     0.060     5.000         0
  -81.524    16.853     0.060     5.000         0
  -81.311    16.837     0.060     5.000         0
  -81.096    16.798     0.060     5.000         0
  -80.881    16.777     0.060     5.000         0
  -80.666    16.747     0.060     5.000         0
  -80.480    16.706     0.060     5.000         0
  -80.265    16.676     0.060     5.000         0
  -80.052    16.655     0.060     5.000         0
  -79.837    16.618     0.060     5.000         0
  -79.626    16.605     0.060     5.000         0
  -79.411    16.560     0.060     5.000         0
  -79.196    16.534     0.060     5.000         0
  -79.010    16.513     0.060     5.000         0
  -78.796    16.492     0.060     5.000         0
  -78.581    16.462     0.060     5.000         0
  -78.366    16.425     0.060     5.000         0
  -78.155    16.388     0.060     5.000         0
  -77.966    16.362     0.060     5.000         0
  -77.751    16.349     0.060     5.000         0
  -77.537    16.304     0.060     5.000         0
  -77.322    16.290     0.060     5.000         0
  -77.128    16.248     0.060     5.000         0
  -76.913    16.234     0.060     5.000         0
  -76.702    16.198     0.060     5.000         0
  -76.487    16.170     0.060     5.000         0
  -76.274    16.135     0.060     5.000         0
  -76.059    16.107     0.060     5.000         0
  -75.844    16.091     0.060     5.000         0
  -75.658    16.063     0.060     5.000         0
  -75.443    16.040     0.060     5.000         0
  -75.228    16.012     0.060     5.000         0
  -75.040    15.992     0.060     5.000         0
  -74.829    15.965     0.060     5.000         0
  -74.614    15.946     0.060     5.000         0
  -74.424    15.918     0.060     5.000         0
  -74.209    15.894     0.060     5.000         0
  -73.998    15.867     0.060     5.000         0
  -73.802    15.843     0.060     5.000         0
  -73.587    15.799     0.060     5.000         0
  -73.397    15.775     0.060     5.000         0
  -73.186    15.764     0.060     5.000         0
  -72.971    15.737     0.060     5.000         0
  -72.782    15.713     0.060     5.000         0
  -72.571    15.670     0.060     5.000         0
  -72.357    15.647     0.060     5.000         0
  -72.142    15.616     0.060     5.000         0
  -71.952    15.591     0.060     5.000         0
  -61.829    14.309     0.060     5.000         0
  -61.640    14.289     0.060     5.000         0
  -61.426    14.263     0.060     5.000         0
  -61.215    14.245     0.060     5.000         0
  -61.026    14.234     0.060     5.000         0
  -60.811    14.211     0.060     5.000         0
  -60.625    14.176     0.060     5.000         0
  -60.410    14.154     0.060     5.000         0
  -60.221    14.134     0.060     5.000         0
  -60.007    14.112     0.060     5.000         0
  -59.796    14.106     0.060     5.000         0
  -59.598    14.069     0.060     5.000         0
  -59.383    14.047     0.060     5.000         0
  -59.198    14.044     0.060     5.000         0
  -58.983    14.005     0.060     5.000         0
  -58.769    13.983     0.060     5.000         0
  -58.580    13.964     0.060     5.000         0
  -58.365    13.957     0.060     5.000         0
  -58.150    13.919     0.060     5.000         0
  -57.939    13.897     0.060     5.000         0
  -57.749    13.893     0.060     5.000         0
  -57.536    13.871     0.060     5.000         0
  -57.325    13.845     0.060     5.000         0
  -57.110    13.827     0.060     5.000         0
  -56.895    13.789     0.060     5.000         0
  -56.697    13.784     0.060     5.000         0
  -56.486    13.746     0.060     5.000         0
  -56.273    13.740     0.060     5.000         0
  -56.058    13.702     0.060     5.000         0
  -55.843    13.679     0.060     5.000         0
  -55.632    13.670     0.060     5.000         0
  -55.417    13.635     0.060     5.000         0
  -55.202    13.621     0.060     5.000         0
  -54.989    13.592     0.060     5.000         0
  -54.774    13.572     0.060     5.000         0
  -54.563    13.552     0.060     5.000         0
  -54.373    13.533     0.060     5.000         0
  -54.133    13.510     0.060     5.000         0
  -53.922    13.506     0.060     5.000         0
  -53.709    13.485     0.060     5.000         0
  -53.494    13.465     0.060     5.000         0
  -53.279    13.428     0.060     5.000         0
  -53.064    13.415     0.060     5.000         0
  -52.853    13.403     0.060     5.000         0
  -52.663    13.385     0.060     5.000         0
  -52.450    13.348     0.060     5.000         0
  -52.235    13.344     0.060     5.000         0
  -52.024    13.307     0.060     5.000         0
  -51.809    13.287     0.060     5.000         0
  -51.594    13.266     0.060     5.000         0
  -51.381    13.262     0.060     5.000         0
  -51.170    13.241     0.060     5.000         0
  -50.955    13.221     0.060     5.000         0
  -50.740    13.200     0.060     5.000         0
  -50.525    13.179     0.060     5.000         0
  -50.311    13.159     0.060     5.000         0
  -50.097    13.122     0.060     5.000         0
  -49.886    13.110     0.060     5.000         0
  -49.646    13.085     0.060     5.000         0
  -49.431    13.055     0.060     5.000         0
  -49.242    13.024     0.060     5.000         0
  -49.005    12.980     0.060     5.000         0
  -48.792    12.966     0.060     5.000         0
  -48.577    12.936     0.060     5.000         0
  -48.366    12.907     0.060     5.000         0
  -48.151    12.877     0.060     5.000         0
  -47.936    12.847     0.060     5.000         0
  -47.721    12.801     0.060     5.000         0
  -47.510    12.772     0.060     5.000         0
  -47.297    12.746     0.060     5.000         0
  -47.082    12.712     0.060     5.000         0
  -31.320    10.523     0.060     5.000         0
  -31.105    10.493     0.060     5.000         0
  -30.890    10.472     0.060     5.000         0
  -30.679    10.450     0.060     5.000         0
  -30.464    10.420     0.060     5.000         0
  -30.250    10.383     0.060     5.000         0
  -30.036    10.361     0.060     5.000         0
  -29.825    10.332     0.060     5.000         0
  -29.585    10.298     0.060     5.000         0
  -29.370    10.252     0.060     5.000         0
  -29.156    10.239     0.060     5.000         0
  -28.942    10.209     0.060     5.000         0
  -28.731    10.172     0.060     5.000         0
  -28.516    10.134     0.060     5.000         0
  -28.276    10.101     0.060     5.000         0
  -28.062    10.079     0.060     5.000         0
  -27.850    10.041     0.060     5.000         0
  -27.636    10.020     0.060     5.000         0
  -27.422     9.959     0.060     5.000         0
  -27.208     9.910     0.060     5.000         0
  -26.997     9.866     0.060     5.000         0
  -26.782     9.821     0.060     5.000         0
  -26.567     9.781     0.060     5.000         0
  -26.354     9.765     0.060     5.000         0
  -26.139     9.728     0.060     5.000         0
  -25.928     9.684     0.060     5.000         0
  -25.713     9.652     0.060     5.000         0
  -25.498     9.620     0.060     5.000         0
  -25.284     9.603     0.060     5.000         0
  -25.073     9.572     0.060     5.000         0
  -24.859     9.539     0.060     5.000         0
  -24.645     9.507     0.060     5.000         0
  -24.430     9.459     0.060     5.000         0
  -24.202     9.440     0.060     5.000         0
  -23.987     9.408     0.060     5.000         0
  -23.774     9.376     0.060     5.000         0
  -23.559     9.339     0.060     5.000         0
  -23.348     9.312     0.060     5.000         0
  -23.133     9.271     0.060     5.000         0
  -22.919     9.252     0.060     5.000         0
  -22.704     9.220     0.060     5.000         0
  -22.465     9.193     0.060     5.000         0
  -22.254     9.166     0.060     5.000         0
  -22.039     9.139     0.060     5.000         0
  -21.825     9.095     0.060     5.000         0
  -21.610     9.071     0.060     5.000         0
  -21.371     9.049     0.060     5.000         0
  -21.157     9.009     0.060     5.000         0
  -20.945     8.994     0.060     5.000         0
  -20.731     8.962     0.060     5.000         0
  -20.516     8.943     0.060     5.000         0
  -20.301     8.917     0.060     5.000         0
  -20.063     8.871     0.060     5.000         0
    0.000     0.000     0.000        -1
