    0.000     1.000     0.000         0
    0.747     3.615     0.060     1.000         0
    0.536     3.570     0.060     1.000         0
    0.300     3.546     0.060     1.000         0
    0.107     3.526     0.060     1.000         0
    0.161     3.534     0.060     1.000         0
    0.388     3.550     0.060     1.000         0
    0.600     3.595     0.060     1.000         0
    0.806     3.623     0.060     1.000         0
    1.019     3.651     0.060     1.000         0
    1.250     3.683     0.060     1.000         0
    1.465     3.712     0.060     1.000         0
    1.680     3.725     0.060     1.000         0
    1.914     3.765     0.060     1.000         0
    2.129     3.822     0.060     1.000         0
    2.368     3.910     0.060     1.000         0
    2.582     3.975     0.060     1.000         0
    2.797     4.040     0.060     1.000         0
    3.032     4.112     0.060     1.000         0
    3.247     4.161     0.060     1.000         0
    3.477     4.230     0.060     1.000         0
    3.688     4.310     0.060     1.000         0
    3.902     4.375     0.060     1.000         0
    4.117     4.432     0.060     1.000         0
    4.357     4.560     0.060     1.000         0
    4.572     4.668     0.060     1.000         0
    4.782     4.765     0.060     1.000         0
    5.021     4.876     0.060     1.000         0
    5.236     4.983     0.060     1.000         0
    5.450     5.090     0.060     1.000         0
    5.665     5.214     0.060     1.000         0
    5.904     5.333     0.060     1.000         0
    6.118     5.440     0.060     1.000         0
    6.329     5.545     0.060     1.000         0
    6.569     5.665     0.060     1.000         0
    6.783     5.772     0.060     1.000         0
    6.998     5.863     0.060     1.000         0
    7.226     5.977     0.060     1.000         0
    7.439     6.088     0.060     1.000         0
    7.679     6.204     0.060     1.000         0
    7.894     6.327     0.060     1.000         0
    8.108     6.418     0.060     1.000         0
    8.347     6.537     0.060     1.000         0
    8.557     6.650     0.060     1.000         0
    9.012     6.784     0.060     2.000         0
    9.243     6.852     0.060     2.000         0
    9.454     6.918     0.060     2.000         0
    9.694     6.985     0.060     2.000         0
    9.907     7.056     0.060     2.000         0
   10.147     7.127     0.060     2.000         0
   10.362     7.175     0.060     2.000         0
   10.598     7.245     0.060     2.000         0
   10.813     7.308     0.060     2.000         0
   11.051     7.379     0.060     2.000         0
   11.266     7.442     0.060     2.000         0
   11.480     7.506     0.060     2.000         0
   11.708     7.573     0.060     2.000         0
   11.923     7.637     0.060     2.000         0
   12.137     7.700     0.060     2.000         0
   12.351     7.763     0.060     2.000         0
   12.587     7.833     0.060     2.000         0
   12.801     7.896     0.060     2.000         0
   13.041     7.967     0.060     2.000         0
   13.256     8.039     0.060     2.000         0
   13.469     8.073     0.060     5.000         0
   13.920     8.120     0.060     5.000         0
   14.134     8.148     0.060     5.000         0
   14.366     8.173     0.060     5.000         0
   14.577     8.195     0.060     5.000         0
   14.816     8.229     0.060     5.000         0
   15.030     8.259     0.060     5.000         0
   15.244     8.290     0.060     5.000         0
   15.484     8.324     0.060     5.000         0
   15.699     8.354     0.060     5.000         0
   15.935     8.387     0.060     5.000         0
   16.173     8.429     0.060     5.000         0
   16.388     8.471     0.060     5.000         0
   16.620     8.513     0.060     5.000         0
   16.834     8.555     0.060     5.000         0
   17.049     8.593     0.060     5.000         0
   17.285     8.620     0.060     5.000         0
   17.498     8.658     0.060     5.000         0
   17.738     8.716     0.060     5.000         0
   17.953     8.747     0.060     5.000         0
   18.192     8.768     0.060     5.000         0
   18.403     8.793     0.060     5.000         0
   18.633     8.821     0.060     5.000         0
   18.848     8.863     0.060     5.000         0
   19.088     8.876     0.060     5.000         0
   19.299     8.909     0.060     5.000         0
   19.513     8.944     0.060     5.000         0
   19.753     8.969     0.060     5.000         0
   19.966     8.988     0.060     5.000         0
   20.206     9.014     0.060     5.000         0
   20.417     9.048     0.060     5.000         0
   20.657     9.065     0.060     5.000         0
   20.871     9.091     0.060     5.000         0
   21.085     9.133     0.060     5.000         0
   21.316     9.154     0.060     5.000         0
   21.531     9.172     0.060     5.000         0
   21.767     9.204     0.060     5.000         0
   21.981     9.242     0.060     5.000         0
   22.221     9.271     0.060     5.000         0
   22.434     9.297     0.060     5.000         0
   22.674     9.319     0.060     5.000         0
   22.885     9.347     0.060     5.000         0
   23.100     9.351     0.060     5.000         0
   23.331     9.389     0.060     5.000         0
   23.544     9.409     0.060     5.000         0
   23.759     9.429     0.060     5.000         0
   23.999     9.452     0.060     5.000         0
   24.209     9.472     0.060     5.000         0
   24.424     9.476     0.060     5.000         0
   24.664     9.503     0.060     5.000         0
   24.877     9.535     0.060     5.000         0
   25.092     9.539     0.060     5.000         0
   25.328     9.562     0.060     5.000         0
   25.542     9.582     0.060     5.000         0
   25.757     9.610     0.060     5.000         0
   25.970     9.633     0.060     5.000         0
   26.210     9.671     0.060     5.000         0
   26.421     9.698     0.060     5.000         0
   26.652     9.739     0.060     5.000         0
   26.867     9.766     0.060     5.000         0
   27.081     9.809     0.060     5.000         0
   27.320     9.827     0.060     5.000         0
   27.531     9.874     0.060     5.000         0
   27.770     9.908     0.060     5.000         0
   27.985     9.931     0.060     5.000         0
   28.225     9.964     0.060     5.000         0
   28.436     9.993     0.060     5.000         0
   28.649    10.010     0.060     5.000         0
   28.880    10.029     0.060     5.000         0
   29.095    10.063     0.060     5.000         0
   29.309    10.088     0.060     5.000         0
   29.545    10.127     0.060     5.000         0
   29.760    10.154     0.060     5.000         0
   29.973    10.182     0.060     5.000         0
   30.213    10.213     0.060     5.000         0
   30.427    10.240     0.060     5.000         0
   30.638    10.267     0.060     5.000         0
   30.878    10.298     0.060     5.000         0
   31.091    10.310     0.060     5.000         0
   31.331    10.357     0.060     5.000         0
   31.546    10.376     0.060     5.000         0
   31.777    10.422     0.060     5.000         0
   31.988    10.449     0.060     5.000         0
   32.202    10.476     0.060     5.000         0
   32.441    10.515     0.060     5.000         0
   32.655    10.558     0.060     5.000         0
   32.866    10.593     0.060     5.000         0
   33.081    10.620     0.060     5.000         0
   33.321    10.675     0.060     5.000         0
   33.534    10.706     0.060     5.000         0
   33.748    10.733     0.060     5.000         0
   33.988    10.768     0.060     5.000         0
   34.199    10.803     0.060     5.000         0
   34.413    10.846     0.060     5.000         0
   34.645    10.891     0.060     5.000         0
   34.858    10.921     0.060     5.000         0
   35.069    10.947     0.060     5.000         0
   35.309    10.981     0.060     5.000         0
   35.523    11.032     0.060     5.000         0
   35.738    11.050     0.060     5.000         0
   35.974    11.092     0.060     5.000         0
   36.187    11.138     0.060     5.000         0
   36.427    11.161     0.060     5.000         0
   36.641    11.195     0.060     5.000         0
   36.856    11.233     0.060     5.000         0
   37.092    11.283     0.060     5.000         0
   37.306    11.310     0.060     5.000         0
   37.519    11.346     0.060     5.000         0
   37.751    11.378     0.060     5.000         0
   37.965    11.391     0.060     5.000         0
   38.180    11.436     0.060     5.000         0
   38.416    11.460     0.060     5.000         0
   38.629    11.481     0.060     5.000         0
   38.844    11.510     0.060     5.000         0
   39.083    11.558     0.060     5.000         0
   39.294    11.587     0.060     5.000         0
   39.509    11.616     0.060     5.000         0
   39.748    11.640     0.060     5.000         0
   39.962    11.659     0.060     5.000         0
   40.172    11.694     0.060     5.000         0
   40.404    11.719     0.060     5.000         0
   40.618    11.742     0.060     5.000         0
   40.833    11.765     0.060     5.000         0
   41.071    11.782     0.060     5.000         0
   41.282    11.797     0.060     5.000         0
   41.497    11.836     0.060     5.000         0
   41.736    11.862     0.060     5.000         0
   41.954    11.885     0.060     5.000         0
   42.165    11.900     0.060     5.000         0
   42.379    11.944     0.060     5.000         0
   42.589    11.963     0.060     5.000         0
   42.804    12.015     0.060     5.000         0
   43.044    12.056     0.060     5.000         0
   43.258    12.092     0.060     5.000         0
   43.469    12.127     0.060     5.000         0
   43.682    12.163     0.060     5.000         0
   43.896    12.199     0.060     5.000         0
   44.111    12.223     0.060     5.000         0
   44.325    12.255     0.060     5.000         0
   44.536    12.299     0.060     5.000         0
   44.776    12.335     0.060     5.000         0
   44.989    12.368     0.060     5.000         0
   45.204    12.393     0.060     5.000         0
   45.414    12.418     0.060     5.000         0
   45.629    12.439     0.060     5.000         0
   45.843    12.484     0.060     5.000         0
   46.054    12.513     0.060     5.000         0
   46.271    12.538     0.060     5.000         0
   46.482    12.555     0.060     5.000         0
   46.696    12.592     0.060     5.000         0
   46.885    12.618     0.060     5.000         0
   47.100    12.639     0.060     5.000         0
   47.311    12.663     0.060     5.000         0
   47.524    12.684     0.060     5.000         0
   47.738    12.724     0.060     5.000         0
   47.924    12.746     0.060     5.000         0
   48.138    12.771     0.060     5.000         0
   48.355    12.780     0.060     5.000         0
   48.566    12.804     0.060     5.000         0
   48.751    12.841     0.060     5.000         0
   48.966    12.850     0.060     5.000         0
   49.180    12.875     0.060     5.000         0
   49.395    12.916     0.060     5.000         0
   49.605    12.932     0.060     5.000         0
   49.820    12.964     0.060     5.000         0
   50.033    12.988     0.060     5.000         0
   50.248    13.011     0.060     5.000         0
   50.462    13.019     0.060     5.000         0
   50.673    13.043     0.060     5.000         0
   50.887    13.066     0.060     5.000         0
   51.100    13.094     0.060     5.000         0
   51.315    13.122     0.060     5.000         0
   51.500    13.138     0.060     5.000         0
   51.715    13.174     0.060     5.000         0
   51.929    13.194     0.060     5.000         0
   52.140    13.221     0.060     5.000         0
   52.354    13.229     0.060     5.000         0
   52.568    13.252     0.060     5.000         0
   52.782    13.276     0.060     5.000         0
   52.996    13.300     0.060     5.000         0
   53.207    13.331     0.060     5.000         0
    0.000    -1.000     0.000         0
   -8.645     6.576     0.060     1.000         0
   -8.430     6.462     0.060     1.000         0
   -8.190     6.343     0.060     1.000         0
   -7.976     6.237     0.060     1.000         0
   -7.765     6.149     0.060     1.000         0
   -7.551     6.031     0.060     1.000         0
   -7.312     5.913     0.060     1.000         0
   -7.097     5.803     0.060     1.000         0
   -6.883     5.713     0.060     1.000         0
   -6.671     5.608     0.060     1.000         0
   -6.458     5.495     0.060     1.000         0
   -6.243     5.389     0.060     1.000         0
   -6.012     5.275     0.060     1.000         0
   -5.798     5.175     0.060     1.000         0
   -5.583     5.099     0.060     1.000         0
   -5.372     5.009     0.060     1.000         0
   -5.159     4.906     0.060     1.000         0
   -4.919     4.804     0.060     1.000         0
   -4.707     4.709     0.060     1.000         0
   -4.493     4.618     0.060     1.000         0
   -4.279     4.526     0.060     1.000         0
   -4.279     4.542     0.060     1.000         0
   -3.826     4.337     0.060     1.000         0
   -3.614     4.250     0.060     1.000         0
   -3.400     4.183     0.060     1.000         0
   -3.186     4.116     0.060     1.000         0
   -2.946     4.045     0.060     1.000         0
   -2.733     3.982     0.060     1.000         0
   -2.521     3.919     0.060     1.000         0
   -2.290     3.851     0.060     1.000         0
   -2.076     3.788     0.060     1.000         0
   -1.862     3.733     0.060     1.000         0
   -1.623     3.690     0.060     1.000         0
   -1.410     3.660     0.060     1.000         0
   -1.197     3.637     0.060     1.000         0
   -0.959     3.603     0.060     1.000         0
  -14.146     8.167     0.060     2.000         0
  -13.933     8.098     0.060     2.000         0
  -13.702     8.040     0.060     2.000         0
  -13.487     7.978     0.060     2.000         0
  -13.272     7.916     0.060     2.000         0
  -13.061     7.856     0.060     2.000         0
  -12.821     7.791     0.060     2.000         0
  -12.608     7.734     0.060     2.000         0
  -12.393     7.668     0.060     2.000         0
  -12.179     7.607     0.060     2.000         0
  -11.942     7.543     0.060     2.000         0
  -11.728     7.481     0.060     2.000         0
  -11.514     7.412     0.060     2.000         0
  -11.275     7.353     0.060     2.000         0
  -11.060     7.289     0.060     2.000         0
  -10.849     7.229     0.060     2.000         0
  -10.634     7.172     0.060     2.000         0
  -10.403     7.112     0.060     2.000         0
  -10.189     7.071     0.060     2.000         0
   -9.978     7.012     0.060     2.000         0
   -9.738     6.945     0.060     2.000         0
   -9.524     6.896     0.060     2.000         0
   -9.309     6.840     0.060     2.000         0
   -9.071     6.777     0.060     2.000         0
   -8.859     6.713     0.060     2.000         0
   -8.645     6.695     0.060     2.000         0
  -21.392     9.429     0.060     4.000         0
  -21.152     9.372     0.060     4.000         0
  -20.938     9.340     0.060     4.000         0
  -20.723     9.284     0.060     4.000         0
  -20.512     9.241     0.060     4.000         0
  -20.297     9.209     0.060     4.000         0
  -20.084     9.169     0.060     4.000         0
  -19.844     9.120     0.060     4.000         0
  -19.629     9.076     0.060     4.000         0
  -19.415     9.032     0.060     4.000         0
  -19.204     8.981     0.060     4.000         0
  -18.990     8.933     0.060     4.000         0
  -18.750     8.900     0.060     4.000         0
  -18.536     8.855     0.060     4.000         0
  -18.325     8.808     0.060     4.000         0
  -18.110     8.767     0.060     4.000         0
  -17.878     8.724     0.060     4.000         0
  -17.665     8.684     0.060     4.000         0
  -17.450     8.644     0.060     4.000         0
  -17.239     8.612     0.060     4.000         0
  -16.999     8.573     0.060     4.000         0
  -16.785     8.544     0.060     4.000         0
  -16.571     8.524     0.060     4.000         0
  -16.360     8.489     0.060     4.000         0
  -16.120     8.457     0.060     4.000         0
  -15.906     8.429     0.060     4.000         0
  -15.691     8.401     0.060     4.000         0
  -15.451     8.369     0.060     4.000         0
  -15.240     8.349     0.060     4.000         0
  -15.027     8.333     0.060     4.000         0
  -14.812     8.309     0.060     4.000         0
  -14.572     8.278     0.060     4.000         0
  -14.361     8.242     0.060     4.000         0
  -14.146     8.225     0.060     4.000         0
  -51.583    12.745     0.060     5.000         0
  -51.368    12.724     0.060     5.000         0
  -51.157    12.679     0.060     5.000         0
  -50.917    12.663     0.060     5.000         0
  -50.703    12.618     0.060     5.000         0
  -50.488    12.589     0.060     5.000         0
  -50.249    12.573     0.060     5.000         0
  -50.038    12.544     0.060     5.000         0
  -49.823    12.515     0.060     5.000         0
  -49.608    12.487     0.060     5.000         0
  -49.377    12.455     0.060     5.000         0
  -49.166    12.411     0.060     5.000         0
  -48.952    12.390     0.060     5.000         0
  -48.712    12.363     0.060     5.000         0
  -48.497    12.315     0.060     5.000         0
  -48.283    12.292     0.060     5.000         0
  -48.042    12.265     0.060     5.000         0
  -47.831    12.218     0.060     5.000         0
  -47.618    12.187     0.060     5.000         0
  -47.403    12.171     0.060     5.000         0
  -47.188    12.124     0.060     5.000         0
  -46.977    12.101     0.060     5.000         0
  -46.763    12.074     0.060     5.000         0
  -46.524    12.061     0.060     5.000         0
  -46.309    12.038     0.060     5.000         0
  -46.094    12.000     0.060     5.000         0
  -45.879    11.993     0.060     5.000         0
  -45.668    11.955     0.060     5.000         0
  -45.454    11.932     0.060     5.000         0
  -45.240    11.922     0.060     5.000         0
  -45.029    11.895     0.060     5.000         0
  -44.814    11.865     0.060     5.000         0
  -44.583    11.856     0.060     5.000         0
  -44.368    11.822     0.060     5.000         0
  -44.155    11.811     0.060     5.000         0
  -43.943    11.781     0.060     5.000         0
  -43.729    11.779     0.060     5.000         0
  -43.514    11.777     0.060     5.000         0
  -43.274    11.770     0.060     5.000         0
  -43.059    11.764     0.060     5.000         0
  -42.848    11.758     0.060     5.000         0
  -42.635    11.752     0.060     5.000         0
  -42.420    11.745     0.060     5.000         0
  -42.205    11.723     0.060     5.000         0
  -41.994    11.725     0.060     5.000         0
  -41.754    11.710     0.060     5.000         0
  -41.541    11.704     0.060     5.000         0
  -41.326    11.710     0.060     5.000         0
  -41.111    11.700     0.060     5.000         0
  -40.900    11.691     0.060     5.000         0
  -40.685    11.657     0.060     5.000         0
  -40.471    11.656     0.060     5.000         0
  -40.257    11.622     0.060     5.000         0
  -40.046    11.621     0.060     5.000         0
  -39.806    11.589     0.060     5.000         0
  -39.591    11.567     0.060     5.000         0
  -39.377    11.554     0.060     5.000         0
  -39.163    11.548     0.060     5.000         0
  -38.952    11.531     0.060     5.000         0
  -38.737    11.505     0.060     5.000         0
  -38.497    11.458     0.060     5.000         0
  -38.283    11.427     0.060     5.000         0
  -38.072    11.392     0.060     5.000         0
  -37.857    11.353     0.060     5.000         0
  -37.643    11.326     0.060     5.000         0
  -37.429    11.307     0.060     5.000         0
  -37.218    11.263     0.060     5.000         0
  -37.003    11.236     0.060     5.000         0
  -36.788    11.224     0.060     5.000         0
  -36.575    11.196     0.060     5.000         0
  -36.360    11.161     0.060     5.000         0
  -36.149    11.125     0.060     5.000         0
  -35.934    11.114     0.060     5.000         0
  -35.720    11.082     0.060     5.000         0
  -35.505    11.050     0.060     5.000         0
  -35.294    11.011     0.060     5.000         0
  -35.080    10.964     0.060     5.000         0
  -34.866    10.924     0.060     5.000         0
  -34.651    10.892     0.060     5.000         0
  -34.423    10.851     0.060     5.000         0
  -34.208    10.835     0.060     5.000         0
  -33.995    10.788     0.060     5.000         0
  -33.780    10.764     0.060     5.000         0
  -33.569    10.741     0.060     5.000         0
  -33.354    10.697     0.060     5.000         0
  -33.140    10.669     0.060     5.000         0
  -32.925    10.640     0.060     5.000         0
  -32.686    10.624     0.060     5.000         0
  -32.475    10.588     0.060     5.000         0
  -32.260    10.571     0.060     5.000         0
  -32.046    10.550     0.060     5.000         0
  -31.831    10.517     0.060     5.000         0
  -31.592    10.493     0.060     5.000         0
  -31.378    10.456     0.060     5.000         0
  -31.167    10.443     0.060     5.000         0
  -30.952    10.422     0.060     5.000         0
  -30.737    10.397     0.060     5.000         0
  -30.522    10.364     0.060     5.000         0
  -30.284    10.344     0.060     5.000         0
  -30.073    10.312     0.060     5.000         0
  -29.858    10.264     0.060     5.000         0
  -29.643    10.225     0.060     5.000         0
  -29.429    10.185     0.060     5.000         0
  -29.201    10.151     0.060     5.000         0
  -28.987    10.114     0.060     5.000         0
  -28.773    10.080     0.060     5.000         0
  -28.558    10.046     0.060     5.000         0
  -28.347     9.996     0.060     5.000         0
  -28.107     9.966     0.060     5.000         0
  -27.892     9.924     0.060     5.000         0
  -27.679     9.890     0.060     5.000         0
  -27.464     9.836     0.060     5.000         0
  -27.253     9.798     0.060     5.000         0
  -27.038     9.760     0.060     5.000         0
  -26.798     9.734     0.060     5.000         0
  -26.585     9.688     0.060     5.000         0
  -26.370     9.656     0.060     5.000         0
  -26.159     9.620     0.060     5.000         0
  -25.945     9.592     0.060     5.000         0
  -25.730     9.568     0.060     5.000         0
  -25.515     9.531     0.060     5.000         0
  -25.276     9.500     0.060     5.000         0
  -25.065     9.468     0.060     5.000         0
  -24.851     9.432     0.060     5.000         0
  -24.636     9.391     0.060     5.000         0
  -24.425     9.356     0.060     5.000         0
  -24.210     9.331     0.060     5.000         0
  -23.997     9.305     0.060     5.000         0
  -23.757     9.301     0.060     5.000         0
  -23.546     9.270     0.060     5.000         0
  -23.331     9.264     0.060     5.000         0
  -23.117     9.246     0.060     5.000         0
  -22.902     9.227     0.060     5.000         0
  -22.689     9.209     0.060     5.000         0
  -22.474     9.190     0.060     5.000         0
  -22.263     9.172     0.060     5.000         0
  -22.031     9.144     0.060     5.000         0
  -21.817     9.142     0.060     5.000         0
  -21.603     9.123     0.060     5.000         0
  -21.392     9.104     0.060     5.000         0
  -21.152     9.108     0.060     5.000         0
  -20.938     9.103     0.060     5.000         0
  -20.723     9.082     0.060     5.000         0
  -20.512     9.061     0.060     5.000         0
  -20.297     9.055     0.060     5.000         0
  -20.084     9.042     0.060     5.000         0
  -19.844     9.020     0.060     5.000         0
  -19.629     9.014     0.060     5.000         0
    0.000     0.000     0.000        -1
