    0.000     1.000     0.000         0
    0.543     3.556     0.060     1.000         0
    0.332     3.532     0.060     1.000         0
    0.114     3.491     0.060     1.000         0
    0.155     3.496     0.060     1.000         0
    0.370     3.536     0.060     1.000         0
    0.584     3.561     0.060     1.000         0
    0.821     3.580     0.060     1.000         0
    1.035     3.604     0.060     1.000         0
    1.250     3.628     0.060     1.000         0
    1.476     3.674     0.060     1.000         0
    1.691     3.724     0.060     1.000         0
    1.906     3.775     0.060     1.000         0
    2.119     3.825     0.060     1.000         0
    2.354     3.880     0.060     1.000         0
    2.569     3.939     0.060     1.000         0
    2.809     4.003     0.060     1.000         0
    3.024     4.038     0.060     1.000         0
    3.237     4.096     0.060     1.000         0
    3.452     4.177     0.060     1.000         0
    3.687     4.290     0.060     1.000         0
    3.902     4.380     0.060     1.000         0
    4.133     4.476     0.060     1.000         0
    4.344     4.563     0.060     1.000         0
    4.584     4.663     0.060     1.000         0
    4.797     4.751     0.060     1.000         0
    5.012     4.824     0.060     1.000         0
    5.252     4.924     0.060     1.000         0
    5.466     5.013     0.060     1.000         0
    5.702     5.119     0.060     1.000         0
    5.941     5.222     0.060     1.000         0
    6.155     5.299     0.060     1.000         0
    6.387     5.403     0.060     1.000         0
    6.601     5.518     0.060     1.000         0
    6.816     5.635     0.060     1.000         0
    7.052     5.782     0.060     1.000         0
    7.265     5.901     0.060     1.000         0
    7.505     6.036     0.060     1.000         0
    7.720     6.156     0.060     1.000         0
    7.960     6.274     0.060     1.000         0
    8.170     6.403     0.060     1.000         0
    8.400     6.528     0.060     1.000         0
    8.615     6.648     0.060     1.000         0
    8.615     6.678     0.060     2.000         0
    9.066     6.780     0.060     2.000         0
    9.280     6.867     0.060     2.000         0
    9.520     6.935     0.060     2.000         0
    9.733     6.979     0.060     2.000         0
    9.973     7.063     0.060     2.000         0
   10.184     7.107     0.060     2.000         0
   10.424     7.175     0.060     2.000         0
   10.639     7.240     0.060     2.000         0
   10.852     7.305     0.060     2.000         0
   11.083     7.365     0.060     3.000         0
   11.298     7.386     0.060     3.000         0
   11.534     7.419     0.060     3.000         0
   11.748     7.453     0.060     3.000         0
   11.988     7.482     0.060     3.000         0
   12.202     7.515     0.060     3.000         0
   12.441     7.548     0.060     3.000         0
   12.652     7.574     0.060     3.000         0
   12.867     7.617     0.060     3.000         0
   13.098     7.651     0.060     3.000         0
   13.311     7.678     0.060     3.000         0
   13.526     7.695     0.060     3.000         0
   13.766     7.722     0.060     3.000         0
   13.977     7.743     0.060     3.000         0
   14.191     7.768     0.060     3.000         0
   14.431     7.795     0.060     3.000         0
   14.644     7.816     0.060     3.000         0
   14.859     7.849     0.060     3.000         0
   15.095     7.863     0.060     3.000         0
   15.309     7.883     0.060     3.000         0
   15.524     7.900     0.060     3.000         0
   15.737     7.928     0.060     3.000         0
   15.977     7.956     0.060     3.000         0
   16.188     7.984     0.060     3.000         0
   16.419     8.018     0.060     3.000         0
   16.634     8.051     0.060     3.000         0
   16.848     8.079     0.060     3.000         0
   17.087     8.114     0.060     3.000         0
   17.298     8.146     0.060     3.000         0
   17.538     8.182     0.060     3.000         0
   17.752     8.218     0.060     3.000         0
   17.992     8.262     0.060     3.000         0
   18.203     8.293     0.060     3.000         0
   18.416     8.325     0.060     3.000         0
   18.647     8.344     0.060     3.000         0
   18.862     8.380     0.060     3.000         0
   19.076     8.397     0.060     3.000         0
   19.313     8.437     0.060     3.000         0
   19.527     8.446     0.060     3.000         0
   19.740     8.471     0.060     3.000         0
   19.980     8.507     0.060     3.000         0
   20.195     8.526     0.060     3.000         0
   20.405     8.557     0.060     3.000         0
   20.645     8.591     0.060     3.000         0
   20.859     8.617     0.060     3.000         0
   21.098     8.663     0.060     3.000         0
   21.313     8.690     0.060     3.000         0
   21.544     8.732     0.060     3.000         0
   21.755     8.767     0.060     3.000         0
   21.970     8.810     0.060     3.000         0
   22.208     8.873     0.060     3.000         0
   22.423     8.905     0.060     3.000         0
   22.633     8.953     0.060     3.000         0
   22.848     8.993     0.060     3.000         0
   23.088     9.038     0.060     3.000         0
   23.301     9.074     0.060     3.000         0
   23.515     9.107     0.060     3.000         0
   23.755     9.153     0.060     3.000         0
   23.966     9.190     0.060     3.000         0
   24.181     9.228     0.060     3.000         0
   24.412     9.268     0.060     3.000         0
   24.625     9.302     0.060     3.000         0
   24.836     9.331     0.060     3.000         0
   28.851    10.426     0.060     4.000         0
   29.061    10.426     0.060     4.000         0
   29.276    10.442     0.060     4.000         0
   29.516    10.459     0.060     4.000         0
   29.729    10.475     0.060     4.000         0
   29.940    10.491     0.060     4.000         0
   30.171    10.508     0.060     4.000         0
   30.385    10.524     0.060     4.000         0
   30.600    10.540     0.060     4.000         0
   30.838    10.557     0.060     4.000         0
   31.049    10.573     0.060     4.000         0
   31.264    10.589     0.060     4.000         0
   31.503    10.610     0.060     4.000         0
   31.722    10.631     0.060     4.000         0
   31.932    10.667     0.060     4.000         0
   32.146    10.692     0.060     4.000         0
   32.356    10.720     0.060     4.000         0
   32.571    10.753     0.060     4.000         0
   32.811    10.782     0.060     4.000         0
   33.025    10.803     0.060     4.000         0
   33.236    10.843     0.060     4.000         0
   33.449    10.872     0.060     4.000         0
   33.664    10.885     0.060     4.000         0
   33.878    10.914     0.060     4.000         0
   34.093    10.943     0.060     4.000         0
   34.303    10.971     0.060     4.000         0
   34.543    11.007     0.060     4.000         0
   34.756    11.040     0.060     4.000         0
   44.042    11.823     0.060     5.000         0
   44.256    11.848     0.060     5.000         0
   44.492    11.884     0.060     5.000         0
   44.707    11.917     0.060     5.000         0
   44.920    11.954     0.060     5.000         0
   45.134    11.979     0.060     5.000         0
   45.349    12.028     0.060     5.000         0
   45.585    12.052     0.060     5.000         0
   45.799    12.093     0.060     5.000         0
   46.012    12.121     0.060     5.000         0
   46.227    12.154     0.060     5.000         0
   46.441    12.171     0.060     5.000         0
   46.652    12.204     0.060     5.000         0
   46.892    12.256     0.060     5.000         0
   47.106    12.273     0.060     5.000         0
   47.319    12.302     0.060     5.000         0
   47.559    12.346     0.060     5.000         0
   47.770    12.367     0.060     5.000         0
   47.984    12.416     0.060     5.000         0
   48.215    12.451     0.060     5.000         0
   48.428    12.484     0.060     5.000         0
   48.643    12.498     0.060     5.000         0
   48.879    12.550     0.060     5.000         0
   49.093    12.583     0.060     5.000         0
   49.308    12.612     0.060     5.000         0
   49.522    12.637     0.060     5.000         0
   49.761    12.655     0.060     5.000         0
   49.975    12.675     0.060     5.000         0
   50.186    12.686     0.060     5.000         0
   50.425    12.716     0.060     5.000         0
   50.640    12.744     0.060     5.000         0
   50.853    12.760     0.060     5.000         0
   51.081    12.765     0.060     5.000         0
   51.295    12.796     0.060     5.000         0
   51.509    12.808     0.060     5.000         0
   51.724    12.820     0.060     5.000         0
   51.964    12.842     0.060     5.000         0
   52.177    12.870     0.060     5.000         0
   52.387    12.881     0.060     5.000         0
   52.627    12.908     0.060     5.000         0
   52.842    12.932     0.060     5.000         0
   53.052    12.967     0.060     5.000         0
   53.292    12.993     0.060     5.000         0
   53.505    13.001     0.060     5.000         0
   53.719    13.041     0.060     5.000         0
   53.934    13.045     0.060     5.000         0
   54.170    13.071     0.060     5.000         0
   54.384    13.111     0.060     5.000         0
   54.616    13.129     0.060     5.000         0
    0.000    -1.000     0.000         0
   -8.556     6.459     0.060     1.000         0
   -8.319     6.347     0.060     1.000         0
   -8.105     6.237     0.060     1.000         0
   -7.866     6.140     0.060     1.000         0
   -7.652     6.026     0.060     1.000         0
   -7.437     5.936     0.060     1.000         0
   -7.201     5.816     0.060     1.000         0
   -6.986     5.706     0.060     1.000         0
   -6.756     5.597     0.060     1.000         0
   -6.545     5.513     0.060     1.000         0
   -6.330     5.403     0.060     1.000         0
   -6.116     5.302     0.060     1.000         0
   -5.876     5.213     0.060     1.000         0
   -5.662     5.120     0.060     1.000         0
   -5.450     5.023     0.060     1.000         0
   -5.212     4.920     0.060     1.000         0
   -4.997     4.818     0.060     1.000         0
   -4.783     4.721     0.060     1.000         0
   -4.568     4.627     0.060     1.000         0
   -4.330     4.531     0.060     1.000         0
   -4.115     4.437     0.060     1.000         0
   -3.904     4.345     0.060     1.000         0
   -3.664     4.271     0.060     1.000         0
   -3.450     4.204     0.060     1.000         0
   -3.236     4.157     0.060     1.000         0
   -3.007     4.078     0.060     1.000         0
   -2.794     4.011     0.060     1.000         0
   -2.554     3.941     0.060     1.000         0
   -2.340     3.878     0.060     1.000         0
   -2.126     3.815     0.060     1.000         0
   -1.888     3.753     0.060     1.000         0
   -1.676     3.715     0.060     1.000         0
   -1.437     3.680     0.060     1.000         0
   -1.223     3.649     0.060     1.000         0
   -0.993     3.615     0.060     1.000         0
   -0.781     3.592     0.060     1.000         0
  -13.417     8.038     0.060     2.000         0
  -13.178     7.943     0.060     2.000         0
  -12.964     7.872     0.060     2.000         0
  -12.753     7.803     0.060     2.000         0
  -12.522     7.739     0.060     2.000         0
  -12.307     7.672     0.060     2.000         0
  -12.093     7.605     0.060     2.000         0
  -11.854     7.539     0.060     2.000         0
  -11.639     7.468     0.060     2.000         0
  -11.425     7.405     0.060     2.000         0
  -11.188     7.331     0.060     2.000         0
  -10.974     7.265     0.060     2.000         0
  -10.759     7.198     0.060     2.000         0
  -10.523     7.125     0.060     2.000         0
  -10.310     7.058     0.060     2.000         0
  -10.095     6.991     0.060     2.000         0
   -9.855     6.917     0.060     2.000         0
   -9.641     6.850     0.060     2.000         0
   -9.430     6.784     0.060     2.000         0
   -9.216     6.718     0.060     2.000         0
   -8.985     6.642     0.060     2.000         0
   -8.770     6.571     0.060     2.000         0
   -8.556     6.504     0.060     2.000         0
  -20.211     9.170     0.060     5.000         0
  -19.971     9.126     0.060     5.000         0
  -19.756     9.095     0.060     5.000         0
  -19.542     9.048     0.060     5.000         0
  -19.303     9.013     0.060     5.000         0
  -19.092     8.975     0.060     5.000         0
  -18.878     8.948     0.060     5.000         0
  -18.663     8.913     0.060     5.000         0
  -18.423     8.858     0.060     5.000         0
  -18.208     8.840     0.060     5.000         0
  -17.997     8.805     0.060     5.000         0
  -17.784     8.771     0.060     5.000         0
  -17.544     8.732     0.060     5.000         0
  -17.330     8.697     0.060     5.000         0
  -17.115     8.662     0.060     5.000         0
  -16.904     8.628     0.060     5.000         0
  -16.691     8.586     0.060     5.000         0
  -16.476     8.560     0.060     5.000         0
  -16.244     8.524     0.060     5.000         0
  -16.030     8.474     0.060     5.000         0
  -15.815     8.440     0.060     5.000         0
  -15.604     8.407     0.060     5.000         0
  -15.391     8.374     0.060     5.000         0
  -15.151     8.344     0.060     5.000         0
  -14.940     8.309     0.060     5.000         0
  -14.725     8.269     0.060     5.000         0
  -14.511     8.245     0.060     5.000         0
  -14.511     8.229     0.060     5.000         0
  -14.058     8.153     0.060     5.000         0
  -13.847     8.121     0.060     5.000         0
  -13.632     8.089     0.060     5.000         0
    0.000     0.000     0.000        -1
