    0.000     1.000     0.000         0
    0.645     3.550     0.060     1.000         0
    0.435     3.533     0.060     1.000         0
    0.210     3.515     0.060     1.000         0
    0.079     3.489     0.060     1.000         0
    0.277     3.526     0.060     1.000         0
    0.488     3.543     0.060     1.000         0
    0.699     3.556     0.060     1.000         0
    0.929     3.578     0.060     1.000         0
    1.144     3.608     0.060     1.000         0
    1.377     3.649     0.060     1.000         0
    1.592     3.694     0.060     1.000         0
    1.832     3.745     0.060     1.000         0
    2.045     3.789     0.060     1.000         0
    2.285     3.848     0.060     1.000         0
    2.494     3.920     0.060     1.000         0
    2.709     3.989     0.060     1.000         0
    2.941     4.061     0.060     1.000         0
    3.154     4.130     0.060     1.000         0
    3.369     4.204     0.060     1.000         0
    3.608     4.302     0.060     1.000         0
    3.819     4.358     0.060     1.000         0
    4.033     4.439     0.060     1.000         0
    4.273     4.533     0.060     1.000         0
    4.486     4.622     0.060     1.000         0
    4.701     4.713     0.060     1.000         0
    4.937     4.813     0.060     1.000         0
    5.151     4.903     0.060     1.000         0
    5.366     5.001     0.060     1.000         0
    5.579     5.099     0.060     1.000         0
    5.819     5.200     0.060     1.000         0
    6.029     5.273     0.060     1.000         0
    6.261     5.379     0.060     1.000         0
    6.476     5.499     0.060     1.000         0
    6.690     5.610     0.060     1.000         0
    6.929     5.760     0.060     1.000         0
    7.139     5.861     0.060     1.000         0
    7.379     6.011     0.060     1.000         0
    7.594     6.132     0.060     1.000         0
    7.834     6.262     0.060     1.000         0
    8.044     6.383     0.060     1.000         0
    8.257     6.502     0.060     1.000         0
    8.489     6.624     0.060     1.000         0
    8.918     6.691     0.060     3.000         0
    9.154     6.727     0.060     3.000         0
    9.368     6.736     0.060     3.000         0
    9.582     6.760     0.060     3.000         0
    9.822     6.788     0.060     3.000         0
   10.036     6.821     0.060     3.000         0
   10.247     6.838     0.060     3.000         0
   10.487     6.873     0.060     3.000         0
   10.700     6.916     0.060     3.000         0
   10.940     6.955     0.060     3.000         0
   11.154     6.997     0.060     3.000         0
   11.386     7.043     0.060     3.000         0
   11.596     7.085     0.060     3.000         0
   11.811     7.127     0.060     3.000         0
   12.049     7.174     0.060     3.000         0
   12.264     7.217     0.060     3.000         0
   12.475     7.263     0.060     3.000         0
   12.689     7.305     0.060     3.000         0
   12.929     7.356     0.060     3.000         0
   13.142     7.399     0.060     3.000         0
   13.357     7.449     0.060     3.000         0
   13.597     7.497     0.060     3.000         0
   13.807     7.531     0.060     3.000         0
   14.022     7.570     0.060     3.000         0
   14.253     7.612     0.060     3.000         0
   14.467     7.662     0.060     3.000         0
   14.677     7.685     0.060     3.000         0
   14.917     7.712     0.060     3.000         0
   15.132     7.740     0.060     3.000         0
   15.346     7.768     0.060     3.000         0
   15.582     7.814     0.060     3.000         0
   15.795     7.842     0.060     3.000         0
   16.035     7.856     0.060     3.000         0
   16.250     7.892     0.060     3.000         0
   16.464     7.935     0.060     3.000         0
   16.700     7.982     0.060     3.000         0
   16.915     8.014     0.060     3.000         0
   17.128     8.061     0.060     3.000         0
   17.359     8.095     0.060     3.000         0
   17.574     8.138     0.060     3.000         0
   17.788     8.172     0.060     3.000         0
   18.024     8.199     0.060     3.000         0
   18.238     8.229     0.060     3.000         0
   18.452     8.264     0.060     3.000         0
   18.692     8.311     0.060     3.000         0
   19.117     8.350     0.060     5.000         0
   19.357     8.377     0.060     5.000         0
   19.570     8.400     0.060     5.000         0
   19.781     8.435     0.060     5.000         0
   20.012     8.473     0.060     5.000         0
   20.227     8.497     0.060     5.000         0
   20.441     8.520     0.060     5.000         0
   20.680     8.547     0.060     5.000         0
   20.890     8.574     0.060     5.000         0
   21.105     8.606     0.060     5.000         0
   21.345     8.637     0.060     5.000         0
   21.563     8.673     0.060     5.000         0
   21.774     8.708     0.060     5.000         0
   21.987     8.744     0.060     5.000         0
   22.198     8.778     0.060     5.000         0
   22.412     8.818     0.060     5.000         0
   22.652     8.853     0.060     5.000         0
   22.866     8.897     0.060     5.000         0
   23.077     8.937     0.060     5.000         0
   23.290     8.961     0.060     5.000         0
   23.505     8.997     0.060     5.000         0
   23.719     9.050     0.060     5.000         0
   23.934     9.086     0.060     5.000         0
   24.145     9.106     0.060     5.000         0
   24.384     9.163     0.060     5.000         0
   24.598     9.199     0.060     5.000         0
   24.812     9.236     0.060     5.000         0
   25.023     9.271     0.060     5.000         0
   25.237     9.300     0.060     5.000         0
   25.452     9.331     0.060     5.000         0
   25.662     9.365     0.060     5.000         0
   25.879     9.384     0.060     5.000         0
   26.090     9.430     0.060     5.000         0
   26.305     9.461     0.060     5.000         0
   26.494     9.488     0.060     5.000         0
   26.708     9.507     0.060     5.000         0
   26.919     9.533     0.060     5.000         0
   27.132     9.564     0.060     5.000         0
   27.347     9.595     0.060     5.000         0
   27.532     9.629     0.060     5.000         0
   27.747     9.654     0.060     5.000         0
   27.964     9.670     0.060     5.000         0
   28.174     9.694     0.060     5.000         0
   28.360     9.703     0.060     5.000         0
   28.574     9.719     0.060     5.000         0
   28.789     9.740     0.060     5.000         0
   29.003     9.760     0.060     5.000         0
   29.214     9.788     0.060     5.000         0
   29.428     9.804     0.060     5.000         0
   29.642     9.832     0.060     5.000         0
   29.856     9.852     0.060     5.000         0
   30.070     9.868     0.060     5.000         0
   30.281     9.902     0.060     5.000         0
   30.496     9.921     0.060     5.000         0
   30.709     9.951     0.060     5.000         0
   30.923     9.977     0.060     5.000         0
   31.109     9.988     0.060     5.000         0
   31.323    10.014     0.060     5.000         0
   31.538    10.056     0.060     5.000         0
   31.748    10.082     0.060     5.000         0
   31.963    10.092     0.060     5.000         0
   32.176    10.118     0.060     5.000         0
   32.390    10.160     0.060     5.000         0
   32.605    10.175     0.060     5.000         0
   32.816    10.205     0.060     5.000         0
   33.030    10.238     0.060     5.000         0
   33.243    10.264     0.060     5.000         0
   33.458    10.289     0.060     5.000         0
   33.668    10.298     0.060     5.000         0
   33.883    10.324     0.060     5.000         0
   34.097    10.350     0.060     5.000         0
   34.333    10.386     0.060     5.000         0
   34.548    10.404     0.060     5.000         0
   34.761    10.437     0.060     5.000         0
   34.975    10.455     0.060     5.000         0
   35.190    10.496     0.060     5.000         0
   35.426    10.517     0.060     5.000         0
   35.640    10.553     0.060     5.000         0
   35.853    10.574     0.060     5.000         0
   36.068    10.595     0.060     5.000         0
   36.282    10.636     0.060     5.000         0
   36.493    10.652     0.060     5.000         0
   36.733    10.684     0.060     5.000         0
   36.947    10.713     0.060     5.000         0
   37.160    10.741     0.060     5.000         0
   37.400    10.790     0.060     5.000         0
   37.611    10.818     0.060     5.000         0
   37.825    10.847     0.060     5.000         0
   38.057    10.878     0.060     5.000         0
   38.270    10.891     0.060     5.000         0
   38.484    10.927     0.060     5.000         0
   38.720    10.969     0.060     5.000         0
   38.935    10.983     0.060     5.000         0
   39.149    11.025     0.060     5.000         0
   39.363    11.043     0.060     5.000         0
   39.602    11.077     0.060     5.000         0
   39.816    11.107     0.060     5.000         0
   40.027    11.149     0.060     5.000         0
   40.267    11.171     0.060     5.000         0
   40.481    11.209     0.060     5.000         0
   40.694    11.231     0.060     5.000         0
   40.922    11.263     0.060     5.000         0
   41.136    11.301     0.060     5.000         0
   59.133    13.666     0.060     5.000         0
   59.347    13.690     0.060     5.000         0
   59.560    13.706     0.060     5.000         0
   59.775    13.750     0.060     5.000         0
   59.985    13.777     0.060     5.000         0
   60.225    13.793     0.060     5.000         0
   60.439    13.821     0.060     5.000         0
   60.652    13.865     0.060     5.000         0
   60.884    13.895     0.060     5.000         0
   61.098    13.923     0.060     5.000         0
   61.309    13.935     0.060     5.000         0
   61.523    13.971     0.060     5.000         0
   61.763    13.998     0.060     5.000         0
   61.976    14.030     0.060     5.000         0
   62.190    14.054     0.060     5.000         0
   62.426    14.068     0.060     5.000         0
   62.640    14.105     0.060     5.000         0
   62.855    14.121     0.060     5.000         0
   63.068    14.137     0.060     5.000         0
   63.278    14.169     0.060     5.000         0
   63.518    14.207     0.060     5.000         0
   63.732    14.217     0.060     5.000         0
   63.947    14.244     0.060     5.000         0
   64.157    14.270     0.060     5.000         0
   64.372    14.305     0.060     5.000         0
   64.585    14.336     0.060     5.000         0
   64.816    14.353     0.060     5.000         0
   65.027    14.395     0.060     5.000         0
   65.241    14.418     0.060     5.000         0
   65.481    14.436     0.060     5.000         0
   65.694    14.463     0.060     5.000         0
   65.908    14.497     0.060     5.000         0
   66.122    14.515     0.060     5.000         0
   66.358    14.560     0.060     5.000         0
   66.547    14.583     0.060     5.000         0
   66.762    14.597     0.060     5.000         0
   66.975    14.635     0.060     5.000         0
   67.185    14.644     0.060     5.000         0
   67.400    14.686     0.060     5.000         0
   67.614    14.712     0.060     5.000         0
   67.825    14.730     0.060     5.000         0
   68.039    14.748     0.060     5.000         0
   68.252    14.786     0.060     5.000         0
   68.492    14.819     0.060     5.000         0
   68.706    14.845     0.060     5.000         0
   68.920    14.871     0.060     5.000         0
   69.131    14.892     0.060     5.000         0
   69.345    14.922     0.060     5.000         0
   69.558    14.948     0.060     5.000         0
   69.773    14.966     0.060     5.000         0
    0.000    -1.000     0.000         0
   -8.254     6.402     0.060     1.000         0
   -8.041     6.285     0.060     1.000         0
   -7.805     6.163     0.060     1.000         0
   -7.590     6.044     0.060     1.000         0
   -7.350     5.912     0.060     1.000         0
   -7.136     5.778     0.060     1.000         0
   -6.923     5.676     0.060     1.000         0
   -6.708     5.542     0.060     1.000         0
   -6.472     5.419     0.060     1.000         0
   -6.257     5.316     0.060     1.000         0
   -6.026     5.229     0.060     1.000         0
   -5.815     5.130     0.060     1.000         0
   -5.575     5.023     0.060     1.000         0
   -5.362     4.916     0.060     1.000         0
   -5.148     4.821     0.060     1.000         0
   -4.908     4.714     0.060     1.000         0
   -4.694     4.619     0.060     1.000         0
   -4.457     4.521     0.060     1.000         0
   -4.218     4.435     0.060     1.000         0
   -4.004     4.381     0.060     1.000         0
   -3.773     4.298     0.060     1.000         0
   -3.559     4.220     0.060     1.000         0
   -3.344     4.150     0.060     1.000         0
   -3.108     4.073     0.060     1.000         0
   -2.894     4.004     0.060     1.000         0
   -2.655     3.934     0.060     1.000         0
   -2.441     3.864     0.060     1.000         0
   -2.201     3.811     0.060     1.000         0
   -1.990     3.771     0.060     1.000         0
   -1.760     3.728     0.060     1.000         0
   -1.546     3.687     0.060     1.000         0
   -1.307     3.642     0.060     1.000         0
   -1.095     3.610     0.060     1.000         0
   -0.882     3.582     0.060     1.000         0
  -10.244     7.120     0.060     2.000         0
  -10.030     7.045     0.060     2.000         0
   -9.793     6.966     0.060     2.000         0
   -9.579     6.895     0.060     2.000         0
   -9.340     6.812     0.060     2.000         0
   -9.126     6.737     0.060     2.000         0
   -8.911     6.662     0.060     2.000         0
   -8.683     6.582     0.060     2.000         0
   -8.469     6.507     0.060     2.000         0
   -8.254     6.424     0.060     2.000         0
  -15.609     8.160     0.060     3.000         0
  -15.371     8.123     0.060     3.000         0
  -15.156     8.083     0.060     3.000         0
  -14.942     8.042     0.060     3.000         0
  -14.727     7.998     0.060     3.000         0
  -14.488     7.957     0.060     3.000         0
  -14.274     7.912     0.060     3.000         0
  -14.063     7.864     0.060     3.000         0
  -13.823     7.815     0.060     3.000         0
  -13.608     7.774     0.060     3.000         0
  -13.394     7.738     0.060     3.000         0
  -13.166     7.695     0.060     3.000         0
  -12.953     7.651     0.060     3.000         0
  -12.713     7.614     0.060     3.000         0
  -12.498     7.566     0.060     3.000         0
  -12.284     7.526     0.060     3.000         0
  -12.045     7.486     0.060     3.000         0
  -11.834     7.446     0.060     3.000         0
  -11.594     7.406     0.060     3.000         0
  -11.380     7.366     0.060     3.000         0
  -11.148     7.331     0.060     3.000         0
  -10.937     7.292     0.060     3.000         0
  -10.698     7.244     0.060     3.000         0
  -10.484     7.200     0.060     3.000         0
  -10.244     7.158     0.060     3.000         0
  -56.111    12.953     0.060     5.000         0
  -55.897    12.939     0.060     5.000         0
  -55.686    12.918     0.060     5.000         0
  -55.472    12.880     0.060     5.000         0
  -55.257    12.875     0.060     5.000         0
  -55.043    12.853     0.060     5.000         0
  -54.815    12.830     0.060     5.000         0
  -54.600    12.808     0.060     5.000         0
  -54.387    12.786     0.060     5.000         0
  -54.172    12.749     0.060     5.000         0
  -53.961    12.743     0.060     5.000         0
  -53.746    12.722     0.060     5.000         0
  -53.531    12.700     0.060     5.000         0
  -53.317    12.662     0.060     5.000         0
  -53.078    12.638     0.060     5.000         0
  -52.867    12.621     0.060     5.000         0
  -52.652    12.611     0.060     5.000         0
  -52.438    12.573     0.060     5.000         0
  -52.223    12.559     0.060     5.000         0
  -51.984    12.528     0.060     5.000         0
  -51.769    12.523     0.060     5.000         0
  -51.558    12.487     0.060     5.000         0
  -51.344    12.466     0.060     5.000         0
  -51.129    12.445     0.060     5.000         0
  -50.914    12.424     0.060     5.000         0
  -50.675    12.408     0.060     5.000         0
  -50.464    12.393     0.060     5.000         0
  -50.250    12.364     0.060     5.000         0
  -50.035    12.328     0.060     5.000         0
  -49.820    12.303     0.060     5.000         0
  -49.592    12.277     0.060     5.000         0
  -49.379    12.261     0.060     5.000         0
  -49.164    12.245     0.060     5.000         0
  -48.950    12.221     0.060     5.000         0
  -48.739    12.189     0.060     5.000         0
  -48.499    12.169     0.060     5.000         0
  -48.284    12.129     0.060     5.000         0
  -48.070    12.105     0.060     5.000         0
  -47.856    12.080     0.060     5.000         0
  -25.310     9.524     0.060     5.000         0
  -25.099     9.495     0.060     5.000         0
  -24.884     9.465     0.060     5.000         0
  -24.670     9.436     0.060     5.000         0
  -24.670     9.420     0.060     5.000         0
  -24.217     9.373     0.060     5.000         0
  -24.006     9.340     0.060     5.000         0
  -23.791     9.299     0.060     5.000         0
  -23.576     9.285     0.060     5.000         0
  -23.336     9.252     0.060     5.000         0
  -23.123     9.223     0.060     5.000         0
  -22.912     9.177     0.060     5.000         0
  -22.681     9.146     0.060     5.000         0
  -22.466     9.124     0.060     5.000         0
  -22.251     9.084     0.060     5.000         0
  -22.013     9.057     0.060     5.000         0
  -21.798     9.018     0.060     5.000         0
  -21.584     8.994     0.060     5.000         0
  -21.347     8.959     0.060     5.000         0
  -21.133     8.924     0.060     5.000         0
  -20.918     8.904     0.060     5.000         0
  -20.682     8.865     0.060     5.000         0
  -20.468     8.834     0.060     5.000         0
  -20.254     8.790     0.060     5.000         0
  -20.014     8.755     0.060     5.000         0
  -19.799     8.723     0.060     5.000         0
  -19.588     8.700     0.060     5.000         0
  -19.375     8.676     0.060     5.000         0
  -19.144     8.624     0.060     5.000         0
  -18.929     8.591     0.060     5.000         0
  -18.715     8.558     0.060     5.000         0
  -18.478     8.530     0.060     5.000         0
  -18.264     8.489     0.060     5.000         0
  -18.025     8.468     0.060     5.000         0
  -17.810     8.419     0.060     5.000         0
  -17.596     8.386     0.060     5.000         0
  -17.360     8.358     0.060     5.000         0
  -17.145     8.326     0.060     5.000         0
  -16.915     8.301     0.060     5.000         0
    0.000     0.000     0.000        -1
