    0.000     1.000     0.000         0
    0.823     3.587     0.060     1.000         0
    0.611     3.530     0.060     1.000         0
    0.379     3.508     0.060     1.000         0
    0.189     3.489     0.060     1.000         0
    0.112     3.464     0.060     1.000         0
    0.317     3.505     0.060     1.000         0
    0.524     3.522     0.060     1.000         0
    0.761     3.575     0.060     1.000         0
    0.975     3.617     0.060     1.000         0
    1.206     3.645     0.060     1.000         0
    1.414     3.686     0.060     1.000         0
    1.629     3.727     0.060     1.000         0
    1.867     3.773     0.060     1.000         0
    2.082     3.815     0.060     1.000         0
    2.291     3.863     0.060     1.000         0
    2.506     3.913     0.060     1.000         0
    2.746     3.943     0.060     1.000         0
    2.959     3.992     0.060     1.000         0
    3.173     4.074     0.060     1.000         0
    3.413     4.167     0.060     1.000         0
    3.623     4.267     0.060     1.000         0
    3.838     4.353     0.060     1.000         0
    4.069     4.446     0.060     1.000         0
    4.282     4.532     0.060     1.000         0
    4.493     4.601     0.060     1.000         0
    4.733     4.697     0.060     1.000         0
    4.947     4.783     0.060     1.000         0
    5.162     4.877     0.060     1.000         0
    5.397     4.992     0.060     1.000         0
    5.611     5.104     0.060     1.000         0
    5.850     5.245     0.060     1.000         0
    6.065     5.357     0.060     1.000         0
    6.280     5.470     0.060     1.000         0
    6.515     5.576     0.060     1.000         0
    6.730     5.689     0.060     1.000         0
    6.943     5.800     0.060     1.000         0
    7.175     5.921     0.060     1.000         0
    7.389     6.033     0.060     1.000         0
    7.604     6.146     0.060     1.000         0
    7.840     6.269     0.060     1.000         0
    8.053     6.392     0.060     1.000         0
    8.267     6.508     0.060     1.000         0
    8.507     6.626     0.060     1.000         0
    8.507     6.630     0.060     3.000         0
    8.718     6.658     0.060     3.000         0
    8.932     6.687     0.060     3.000         0
    9.172     6.717     0.060     3.000         0
    9.385     6.751     0.060     3.000         0
    9.596     6.785     0.060     3.000         0
    9.827     6.822     0.060     3.000         0
   10.042     6.856     0.060     3.000         0
   10.256     6.891     0.060     3.000         0
   10.495     6.945     0.060     3.000         0
   10.705     6.979     0.060     3.000         0
   10.920     7.005     0.060     3.000         0
   11.160     7.048     0.060     3.000         0
   11.378     7.080     0.060     3.000         0
   11.589     7.110     0.060     3.000         0
   11.802     7.141     0.060     3.000         0
   12.013     7.156     0.060     3.000         0
   12.227     7.195     0.060     3.000         0
   12.467     7.251     0.060     3.000         0
   12.682     7.294     0.060     3.000         0
   12.892     7.336     0.060     3.000         0
   13.105     7.362     0.060     3.000         0
   13.320     7.405     0.060     3.000         0
   13.534     7.447     0.060     3.000         0
   13.749     7.490     0.060     3.000         0
   13.960     7.540     0.060     3.000         0
   14.199     7.574     0.060     3.000         0
   14.413     7.611     0.060     3.000         0
   14.627     7.656     0.060     3.000         0
   14.838     7.704     0.060     3.000         0
   15.052     7.736     0.060     3.000         0
   15.267     7.781     0.060     3.000         0
   15.694     7.853     0.060     5.000         0
   15.905     7.888     0.060     5.000         0
   16.120     7.907     0.060     5.000         0
   16.309     7.951     0.060     5.000         0
   16.523     7.982     0.060     5.000         0
   16.734     8.012     0.060     5.000         0
   16.947     8.035     0.060     5.000         0
   17.162     8.062     0.060     5.000         0
   17.347     8.089     0.060     5.000         0
   17.562     8.124     0.060     5.000         0
   17.779     8.164     0.060     5.000         0
   17.989     8.182     0.060     5.000         0
   18.175     8.213     0.060     5.000         0
   18.389     8.228     0.060     5.000         0
   18.604     8.267     0.060     5.000         0
   18.818     8.290     0.060     5.000         0
   19.029     8.297     0.060     5.000         0
   19.243     8.336     0.060     5.000         0
   19.456     8.343     0.060     5.000         0
   19.671     8.366     0.060     5.000         0
   19.885     8.390     0.060     5.000         0
   20.096     8.428     0.060     5.000         0
   20.311     8.440     0.060     5.000         0
   20.524     8.471     0.060     5.000         0
   20.738     8.498     0.060     5.000         0
   20.924     8.518     0.060     5.000         0
   21.138     8.537     0.060     5.000         0
   21.353     8.564     0.060     5.000         0
   21.563     8.575     0.060     5.000         0
   21.778     8.598     0.060     5.000         0
   21.991     8.625     0.060     5.000         0
   22.205     8.664     0.060     5.000         0
   22.420     8.694     0.060     5.000         0
   22.631     8.725     0.060     5.000         0
   22.845     8.739     0.060     5.000         0
   23.058     8.786     0.060     5.000         0
   23.273     8.800     0.060     5.000         0
   23.483     8.835     0.060     5.000         0
   23.698     8.873     0.060     5.000         0
   23.912     8.892     0.060     5.000         0
   24.148     8.942     0.060     5.000         0
   24.363     8.972     0.060     5.000         0
   24.576     8.987     0.060     5.000         0
   24.790     9.033     0.060     5.000         0
   25.005     9.052     0.060     5.000         0
   25.241     9.086     0.060     5.000         0
   25.455     9.128     0.060     5.000         0
   25.668     9.143     0.060     5.000         0
   25.883     9.190     0.060     5.000         0
   26.097     9.212     0.060     5.000         0
   26.308     9.249     0.060     5.000         0
   26.548     9.282     0.060     5.000         0
   26.762     9.308     0.060     5.000         0
   26.975     9.325     0.060     5.000         0
   27.215     9.374     0.060     5.000         0
   27.426     9.404     0.060     5.000         0
   27.640     9.433     0.060     5.000         0
   27.871     9.449     0.060     5.000         0
   28.085     9.494     0.060     5.000         0
   28.299     9.508     0.060     5.000         0
   28.535     9.540     0.060     5.000         0
   28.749     9.586     0.060     5.000         0
   28.964     9.608     0.060     5.000         0
   29.178     9.643     0.060     5.000         0
   29.417     9.658     0.060     5.000         0
   29.631     9.686     0.060     5.000         0
   29.842     9.729     0.060     5.000         0
   30.082     9.749     0.060     5.000         0
   30.296     9.772     0.060     5.000         0
   30.509     9.800     0.060     5.000         0
   30.737     9.829     0.060     5.000         0
   30.951     9.865     0.060     5.000         0
   31.166     9.901     0.060     5.000         0
   31.380     9.930     0.060     5.000         0
   31.620     9.945     0.060     5.000         0
   31.833     9.973     0.060     5.000         0
   32.044    10.013     0.060     5.000         0
   32.283    10.048     0.060     5.000         0
   32.498    10.068     0.060     5.000         0
   32.708    10.088     0.060     5.000         0
   32.948    10.135     0.060     5.000         0
   33.161    10.147     0.060     5.000         0
   33.376    10.176     0.060     5.000         0
   33.590    10.212     0.060     5.000         0
   33.826    10.251     0.060     5.000         0
   34.040    10.279     0.060     5.000         0
   34.272    10.293     0.060     5.000         0
   34.485    10.321     0.060     5.000         0
   34.699    10.357     0.060     5.000         0
   34.914    10.377     0.060     5.000         0
   35.150    10.408     0.060     5.000         0
   35.364    10.445     0.060     5.000         0
   35.603    10.474     0.060     5.000         0
   35.817    10.500     0.060     5.000         0
   36.028    10.530     0.060     5.000         0
   36.242    10.576     0.060     5.000         0
   36.482    10.593     0.060     5.000         0
   36.696    10.639     0.060     5.000         0
   36.909    10.661     0.060     5.000         0
   37.124    10.699     0.060     5.000         0
   37.351    10.731     0.060     5.000         0
   37.566    10.761     0.060     5.000         0
   37.780    10.784     0.060     5.000         0
    0.000    -1.000     0.000         0
   -7.477     5.952     0.060     1.000         0
   -7.246     5.833     0.060     1.000         0
   -7.033     5.715     0.060     1.000         0
   -6.818     5.605     0.060     1.000         0
   -6.579     5.481     0.060     1.000         0
   -6.367     5.372     0.060     1.000         0
   -6.153     5.262     0.060     1.000         0
   -5.913     5.147     0.060     1.000         0
   -5.700     5.037     0.060     1.000         0
   -5.486     4.940     0.060     1.000         0
   -5.249     4.841     0.060     1.000         0
   -5.035     4.768     0.060     1.000         0
   -4.821     4.679     0.060     1.000         0
   -4.607     4.586     0.060     1.000         0
   -4.368     4.486     0.060     1.000         0
   -4.156     4.390     0.060     1.000         0
   -3.925     4.298     0.060     1.000         0
   -3.711     4.230     0.060     1.000         0
   -3.497     4.187     0.060     1.000         0
   -3.258     4.112     0.060     1.000         0
   -3.047     4.045     0.060     1.000         0
   -2.807     3.978     0.060     1.000         0
   -2.594     3.935     0.060     1.000         0
   -2.354     3.852     0.060     1.000         0
   -2.143     3.793     0.060     1.000         0
   -1.929     3.734     0.060     1.000         0
   -1.699     3.678     0.060     1.000         0
   -1.485     3.642     0.060     1.000         0
   -1.272     3.615     0.060     1.000         0
   -1.035     3.584     0.060     1.000         0
   -9.492     6.555     0.060     2.000         0
   -9.261     6.482     0.060     2.000         0
   -9.046     6.421     0.060     2.000         0
   -8.810     6.363     0.060     2.000         0
   -8.595     6.307     0.060     2.000         0
   -8.356     6.244     0.060     2.000         0
   -8.142     6.184     0.060     2.000         0
   -7.903     6.100     0.060     2.000         0
   -7.692     6.057     0.060     2.000         0
   -7.477     5.989     0.060     2.000         0
  -27.545     9.883     0.060     3.000         0
  -27.330     9.849     0.060     3.000         0
  -27.100     9.804     0.060     3.000         0
  -26.889     9.747     0.060     3.000         0
  -26.674     9.705     0.060     3.000         0
  -26.460     9.664     0.060     3.000         0
  -26.220     9.617     0.060     3.000         0
  -26.005     9.583     0.060     3.000         0
  -25.794     9.546     0.060     3.000         0
  -25.556     9.500     0.060     3.000         0
  -25.341     9.446     0.060     3.000         0
  -25.127     9.417     0.060     3.000         0
  -24.912     9.375     0.060     3.000         0
  -24.673     9.332     0.060     3.000         0
  -24.459     9.291     0.060     3.000         0
  -24.248     9.250     0.060     3.000         0
  -24.008     9.203     0.060     3.000         0
  -23.793     9.161     0.060     3.000         0
  -23.579     9.103     0.060     3.000         0
  -23.351     9.075     0.060     3.000         0
  -23.138     9.018     0.060     3.000         0
  -22.898     8.987     0.060     3.000         0
  -22.683     8.933     0.060     3.000         0
  -22.469     8.903     0.060     3.000         0
  -22.230     8.849     0.060     3.000         0
  -22.019     8.817     0.060     3.000         0
  -21.779     8.760     0.060     3.000         0
  -21.565     8.724     0.060     3.000         0
  -21.333     8.672     0.060     3.000         0
  -21.122     8.648     0.060     3.000         0
  -20.883     8.592     0.060     3.000         0
  -20.669     8.547     0.060     3.000         0
  -20.429     8.518     0.060     3.000         0
  -20.215     8.462     0.060     3.000         0
  -19.979     8.417     0.060     3.000         0
  -19.764     8.377     0.060     3.000         0
  -19.525     8.332     0.060     3.000         0
  -19.311     8.308     0.060     3.000         0
  -19.096     8.251     0.060     3.000         0
  -18.868     8.216     0.060     3.000         0
  -18.654     8.207     0.060     3.000         0
  -18.439     8.177     0.060     3.000         0
  -18.226     8.164     0.060     3.000         0
  -17.990     8.136     0.060     3.000         0
  -17.775     8.088     0.060     3.000         0
  -17.535     8.052     0.060     3.000         0
  -17.321     8.035     0.060     3.000         0
  -17.108     8.003     0.060     3.000         0
  -16.893     7.963     0.060     3.000         0
  -16.657     7.919     0.060     3.000         0
  -16.442     7.895     0.060     3.000         0
  -16.211     7.844     0.060     3.000         0
  -16.000     7.805     0.060     3.000         0
  -15.760     7.761     0.060     3.000         0
  -15.547     7.737     0.060     3.000         0
  -15.332     7.698     0.060     3.000         0
  -15.092     7.650     0.060     3.000         0
  -14.878     7.614     0.060     3.000         0
  -14.642     7.571     0.060     3.000         0
  -14.403     7.526     0.060     3.000         0
  -14.188     7.483     0.060     3.000         0
  -13.957     7.436     0.060     3.000         0
  -13.743     7.389     0.060     3.000         0
  -13.528     7.350     0.060     3.000         0
  -13.292     7.308     0.060     3.000         0
  -13.079     7.269     0.060     3.000         0
  -12.839     7.226     0.060     3.000         0
  -12.624     7.187     0.060     3.000         0
  -12.384     7.143     0.060     3.000         0
  -12.173     7.105     0.060     3.000         0
  -11.943     7.063     0.060     3.000         0
  -11.729     7.025     0.060     3.000         0
  -11.489     6.989     0.060     3.000         0
  -11.278     6.946     0.060     3.000         0
  -11.063     6.893     0.060     3.000         0
  -10.824     6.847     0.060     3.000         0
  -10.610     6.799     0.060     3.000         0
  -10.371     6.745     0.060     3.000         0
  -10.160     6.698     0.060     3.000         0
   -9.920     6.636     0.060     3.000         0
   -9.705     6.603     0.060     3.000         0
  -34.855    10.890     0.060     4.000         0
  -34.402    10.822     0.060     4.000         0
  -34.191    10.810     0.060     4.000         0
  -33.976    10.781     0.060     4.000         0
  -33.761    10.737     0.060     4.000         0
  -33.522    10.721     0.060     4.000         0
  -33.308    10.677     0.060     4.000         0
  -33.097    10.665     0.060     4.000         0
  -32.866    10.622     0.060     4.000         0
  -32.651    10.589     0.060     4.000         0
  -32.437    10.565     0.060     4.000         0
  -32.198    10.529     0.060     4.000         0
  -31.983    10.517     0.060     4.000         0
  -31.769    10.488     0.060     4.000         0
  -31.532    10.441     0.060     4.000         0
  -31.318    10.420     0.060     4.000         0
  -31.103    10.389     0.060     4.000         0
  -30.867    10.371     0.060     4.000         0
  -30.654    10.351     0.060     4.000         0
  -30.439    10.316     0.060     4.000         0
  -30.199    10.290     0.060     4.000         0
  -29.985    10.282     0.060     4.000         0
  -29.774    10.243     0.060     4.000         0
  -29.560    10.219     0.060     4.000         0
  -29.329    10.206     0.060     4.000         0
  -29.114    10.171     0.060     4.000         0
  -28.900    10.155     0.060     4.000         0
  -28.663    10.136     0.060     4.000         0
  -28.449    10.111     0.060     4.000         0
  -28.210    10.083     0.060     4.000         0
  -27.996    10.042     0.060     4.000         0
  -27.781    10.021     0.060     4.000         0
  -27.545    10.006     0.060     4.000         0
  -27.330     9.973     0.060     4.000         0
  -27.100     9.951     0.060     4.000         0
  -26.889     9.922     0.060     4.000         0
  -70.623    15.286     0.060     5.000         0
  -70.383    15.265     0.060     5.000         0
  -70.168    15.227     0.060     5.000         0
  -69.953    15.213     0.060     5.000         0
  -69.740    15.187     0.060     5.000         0
  -69.529    15.162     0.060     5.000         0
  -69.314    15.136     0.060     5.000         0
  -69.074    15.106     0.060     5.000         0
  -68.859    15.064     0.060     5.000         0
  -68.648    15.039     0.060     5.000         0
  -68.434    15.029     0.060     5.000         0
  -68.220    14.995     0.060     5.000         0
  -68.005    14.959     0.060     5.000         0
  -67.795    14.943     0.060     5.000         0
  -67.580    14.918     0.060     5.000         0
  -67.365    14.890     0.060     5.000         0
  -67.152    14.850     0.060     5.000         0
  -66.937    14.833     0.060     5.000         0
  -66.726    14.789     0.060     5.000         0
  -66.511    14.777     0.060     5.000         0
  -66.296    14.749     0.060     5.000         0
  -66.082    14.720     0.060     5.000         0
  -65.871    14.680     0.060     5.000         0
  -65.657    14.656     0.060     5.000         0
  -65.442    14.634     0.060     5.000         0
  -65.228    14.603     0.060     5.000         0
  -65.000    14.555     0.060     5.000         0
  -64.785    14.541     0.060     5.000         0
  -64.572    14.495     0.060     5.000         0
  -64.357    14.464     0.060     5.000         0
  -64.146    14.434     0.060     5.000         0
  -63.931    14.420     0.060     5.000         0
  -63.717    14.374     0.060     5.000         0
  -63.502    14.359     0.060     5.000         0
  -63.263    14.310     0.060     5.000         0
  -63.052    14.280     0.060     5.000         0
  -62.837    14.257     0.060     5.000         0
  -62.623    14.222     0.060     5.000         0
  -62.408    14.206     0.060     5.000         0
  -62.169    14.180     0.060     5.000         0
  -61.954    14.144     0.060     5.000         0
  -61.743    14.109     0.060     5.000         0
  -61.529    14.082     0.060     5.000         0
  -61.314    14.070     0.060     5.000         0
  -61.099    14.043     0.060     5.000         0
  -60.861    14.012     0.060     5.000         0
  -60.650    13.985     0.060     5.000         0
  -60.435    13.941     0.060     5.000         0
  -60.220    13.914     0.060     5.000         0
  -60.005    13.894     0.060     5.000         0
  -59.778    13.855     0.060     5.000         0
  -59.564    13.819     0.060     5.000         0
  -59.349    13.790     0.060     5.000         0
  -59.135    13.754     0.060     5.000         0
  -58.924    13.718     0.060     5.000         0
  -58.684    13.661     0.060     5.000         0
  -58.469    13.624     0.060     5.000         0
  -58.256    13.588     0.060     5.000         0
  -58.041    13.551     0.060     5.000         0
  -57.830    13.515     0.060     5.000         0
  -57.615    13.494     0.060     5.000         0
  -57.375    13.445     0.060     5.000         0
  -57.162    13.403     0.060     5.000         0
  -56.947    13.360     0.060     5.000         0
  -56.736    13.322     0.060     5.000         0
  -56.521    13.283     0.060     5.000         0
  -56.307    13.244     0.060     5.000         0
  -56.092    13.205     0.060     5.000         0
  -55.853    13.162     0.060     5.000         0
  -55.642    13.124     0.060     5.000         0
  -55.428    13.085     0.060     5.000         0
  -55.213    13.050     0.060     5.000         0
  -55.002    13.008     0.060     5.000         0
  -54.787    12.969     0.060     5.000         0
  -54.574    12.938     0.060     5.000         0
  -54.334    12.916     0.060     5.000         0
  -54.123    12.920     0.060     5.000         0
  -53.908    12.907     0.060     5.000         0
  -53.694    12.879     0.060     5.000         0
  -53.479    12.878     0.060     5.000         0
  -53.265    12.858     0.060     5.000         0
  -53.051    12.857     0.060     5.000         0
  -52.840    12.841     0.060     5.000         0
  -52.608    12.815     0.060     5.000         0
  -52.394    12.818     0.060     5.000         0
  -52.180    12.806     0.060     5.000         0
  -51.969    12.790     0.060     5.000         0
  -51.729    12.764     0.060     5.000         0
  -51.514    12.759     0.060     5.000         0
  -51.300    12.725     0.060     5.000         0
  -51.089    12.700     0.060     5.000         0
  -50.874    12.678     0.060     5.000         0
  -50.661    12.664     0.060     5.000         0
  -50.421    12.631     0.060     5.000         0
  -50.206    12.593     0.060     5.000         0
  -49.991    12.567     0.060     5.000         0
  -49.780    12.558     0.060     5.000         0
  -49.567    12.524     0.060     5.000         0
  -49.327    12.495     0.060     5.000         0
  -49.112    12.461     0.060     5.000         0
  -48.901    12.447     0.060     5.000         0
    0.000     0.000     0.000        -1
