    0.000     1.000     0.000         0
    0.158     3.437     0.060     1.000         0
    0.120     3.436     0.060     1.000         0
    0.328     3.449     0.060     1.000         0
    0.531     3.489     0.060     1.000         0
    0.746     3.514     0.060     1.000         0
    0.985     3.538     0.060     1.000         0
    1.206     3.559     0.060     1.000         0
    1.414     3.607     0.060     1.000         0
    1.627     3.643     0.060     1.000         0
    1.836     3.695     0.060     1.000         0
    2.051     3.744     0.060     1.000         0
    2.291     3.794     0.060     1.000         0
    2.505     3.822     0.060     1.000         0
    2.715     3.874     0.060     1.000         0
    2.928     3.948     0.060     1.000         0
    3.143     4.047     0.060     1.000         0
    3.358     4.129     0.060     1.000         0
    3.572     4.207     0.060     1.000         0
    3.782     4.288     0.060     1.000         0
    4.022     4.376     0.060     1.000         0
    4.235     4.466     0.060     1.000         0
    4.450     4.548     0.060     1.000         0
    4.660     4.629     0.060     1.000         0
    4.875     4.695     0.060     1.000         0
    5.089     4.785     0.060     1.000         0
    5.300     4.882     0.060     1.000         0
    5.517     4.991     0.060     1.000         0
    5.728     5.096     0.060     1.000         0
    5.942     5.218     0.060     1.000         0
    6.131     5.296     0.060     1.000         0
    6.346     5.404     0.060     1.000         0
    6.556     5.508     0.060     1.000         0
    6.770     5.615     0.060     1.000         0
    6.984     5.721     0.060     1.000         0
    7.169     5.830     0.060     1.000         0
    7.384     5.937     0.060     1.000         0
    7.601     6.041     0.060     1.000         0
    7.812     6.150     0.060     1.000         0
    7.997     6.226     0.060     1.000         0
    8.211     6.341     0.060     1.000         0
    8.851     6.483     0.060     3.000         0
    9.066     6.504     0.060     3.000         0
    9.279     6.541     0.060     3.000         0
    9.493     6.593     0.060     3.000         0
    9.708     6.614     0.060     3.000         0
    9.918     6.666     0.060     3.000         0
   10.133     6.698     0.060     3.000         0
   10.346     6.739     0.060     3.000         0
   10.561     6.768     0.060     3.000         0
   10.746     6.807     0.060     3.000         0
   10.960     6.840     0.060     3.000         0
   11.175     6.876     0.060     3.000         0
   11.386     6.900     0.060     3.000         0
   11.600     6.945     0.060     3.000         0
   11.813     6.984     0.060     3.000         0
   12.028     7.015     0.060     3.000         0
   12.242     7.046     0.060     3.000         0
   12.453     7.076     0.060     3.000         0
   12.667     7.107     0.060     3.000         0
   12.881     7.134     0.060     3.000         0
   13.095     7.169     0.060     3.000         0
   13.306     7.200     0.060     3.000         0
   13.520     7.219     0.060     3.000         0
   13.735     7.262     0.060     3.000         0
   13.970     7.296     0.060     3.000         0
   14.185     7.327     0.060     3.000         0
   14.398     7.358     0.060     3.000         0
   14.613     7.381     0.060     3.000         0
   14.827     7.404     0.060     3.000         0
   15.063     7.438     0.060     3.000         0
   15.277     7.477     0.060     3.000         0
   15.491     7.504     0.060     3.000         0
   15.705     7.546     0.060     3.000         0
   15.920     7.581     0.060     3.000         0
   16.130     7.619     0.060     3.000         0
   16.370     7.662     0.060     3.000         0
   16.584     7.697     0.060     3.000         0
   16.798     7.732     0.060     3.000         0
   17.037     7.758     0.060     3.000         0
   17.248     7.789     0.060     3.000         0
   17.462     7.831     0.060     3.000         0
   17.694     7.863     0.060     3.000         0
   17.907     7.900     0.060     3.000         0
   18.121     7.936     0.060     3.000         0
   18.357     7.989     0.060     3.000         0
   18.572     8.030     0.060     3.000         0
   18.786     8.067     0.060     3.000         0
   19.001     8.087     0.060     3.000         0
   19.239     8.144     0.060     3.000         0
   19.454     8.181     0.060     3.000         0
   19.664     8.201     0.060     3.000         0
   19.904     8.243     0.060     3.000         0
   20.118     8.279     0.060     3.000         0
   20.332     8.316     0.060     3.000         0
   20.559     8.371     0.060     3.000         0
   20.773     8.408     0.060     3.000         0
   20.988     8.437     0.060     3.000         0
   21.202     8.481     0.060     3.000         0
   21.442     8.507     0.060     3.000         0
   21.655     8.543     0.060     3.000         0
   21.866     8.595     0.060     3.000         0
   22.106     8.629     0.060     3.000         0
   16.370     7.871     0.060     4.000         0
   16.584     7.890     0.060     4.000         0
   16.798     7.910     0.060     4.000         0
   17.037     7.936     0.060     4.000         0
   17.248     7.968     0.060     4.000         0
   17.462     7.971     0.060     4.000         0
   17.694     7.993     0.060     4.000         0
   17.907     8.020     0.060     4.000         0
   18.121     8.040     0.060     4.000         0
   18.357     8.068     0.060     4.000         0
   18.572     8.101     0.060     4.000         0
   18.786     8.133     0.060     4.000         0
   19.001     8.166     0.060     4.000         0
   19.239     8.214     0.060     4.000         0
   19.454     8.239     0.060     4.000         0
   19.664     8.283     0.060     4.000         0
   19.904     8.319     0.060     4.000         0
   20.118     8.344     0.060     4.000         0
   20.332     8.389     0.060     4.000         0
   20.559     8.429     0.060     4.000         0
   20.773     8.466     0.060     4.000         0
   20.988     8.503     0.060     4.000         0
   21.202     8.540     0.060     4.000         0
   21.442     8.582     0.060     4.000         0
   21.655     8.619     0.060     4.000         0
   21.866     8.655     0.060     4.000         0
   22.106     8.681     0.060     4.000         0
   22.320     8.734     0.060     4.000         0
   22.531     8.763     0.060     4.000         0
   22.770     8.739     0.060     5.000         0
   22.984     8.755     0.060     5.000         0
   23.198     8.771     0.060     5.000         0
   23.412     8.791     0.060     5.000         0
   23.648     8.821     0.060     5.000         0
   23.863     8.833     0.060     5.000         0
   24.094     8.854     0.060     5.000         0
   24.307     8.878     0.060     5.000         0
   24.522     8.894     0.060     5.000         0
   24.736     8.923     0.060     5.000         0
   24.972     8.937     0.060     5.000         0
   25.186     8.973     0.060     5.000         0
   25.425     8.987     0.060     5.000         0
   25.639     9.007     0.060     5.000         0
   25.850     9.033     0.060     5.000         0
   26.064     9.075     0.060     5.000         0
   26.304     9.093     0.060     5.000         0
   26.518     9.139     0.060     5.000         0
   26.732     9.154     0.060     5.000         0
   26.946     9.200     0.060     5.000         0
   27.173     9.228     0.060     5.000         0
   27.388     9.246     0.060     5.000         0
   27.602     9.277     0.060     5.000         0
   27.841     9.310     0.060     5.000         0
   28.055     9.357     0.060     5.000         0
   28.266     9.371     0.060     5.000         0
   28.480     9.409     0.060     5.000         0
   28.720     9.451     0.060     5.000         0
   28.934     9.473     0.060     5.000         0
   29.145     9.504     0.060     5.000         0
   29.383     9.538     0.060     5.000         0
   29.598     9.565     0.060     5.000         0
   29.812     9.581     0.060     5.000         0
   30.027     9.604     0.060     5.000         0
   30.262     9.634     0.060     5.000         0
   30.476     9.665     0.060     5.000         0
   30.690     9.688     0.060     5.000         0
   30.904     9.732     0.060     5.000         0
   31.136     9.745     0.060     5.000         0
   31.350     9.780     0.060     5.000         0
   31.561     9.799     0.060     5.000         0
   31.774     9.826     0.060     5.000         0
   32.013     9.857     0.060     5.000         0
   32.228     9.896     0.060     5.000         0
   32.442     9.911     0.060     5.000         0
   32.655     9.938     0.060     5.000         0
   32.866     9.981     0.060     5.000         0
   33.106    10.004     0.060     5.000         0
   33.320    10.040     0.060     5.000         0
   33.531    10.052     0.060     5.000         0
   33.745    10.097     0.060     5.000         0
   33.960    10.125     0.060     5.000         0
   34.173    10.154     0.060     5.000         0
   34.409    10.185     0.060     5.000         0
   34.623    10.198     0.060     5.000         0
   34.837    10.242     0.060     5.000         0
   35.052    10.271     0.060     5.000         0
   35.265    10.291     0.060     5.000         0
   35.476    10.329     0.060     5.000         0
   35.690    10.343     0.060     5.000         0
   35.921    10.388     0.060     5.000         0
   36.135    10.406     0.060     5.000         0
   36.350    10.452     0.060     5.000         0
   36.586    10.469     0.060     5.000         0
   36.799    10.499     0.060     5.000         0
   37.013    10.545     0.060     5.000         0
   37.228    10.567     0.060     5.000         0
   37.442    10.605     0.060     5.000         0
   37.678    10.638     0.060     5.000         0
   37.891    10.652     0.060     5.000         0
   38.105    10.698     0.060     5.000         0
   38.320    10.728     0.060     5.000         0
   38.530    10.745     0.060     5.000         0
   38.770    10.775     0.060     5.000         0
   38.984    10.821     0.060     5.000         0
   39.198    10.835     0.060     5.000         0
   39.412    10.873     0.060     5.000         0
   39.623    10.908     0.060     5.000         0
   39.862    10.938     0.060     5.000         0
   40.077    10.961     0.060     5.000         0
   40.290    10.992     0.060     5.000         0
   40.521    11.018     0.060     5.000         0
   40.735    11.049     0.060     5.000         0
   40.946    11.076     0.060     5.000         0
   41.160    11.099     0.060     5.000         0
   41.400    11.117     0.060     5.000         0
   41.613    11.160     0.060     5.000         0
   41.827    11.179     0.060     5.000         0
   42.063    11.201     0.060     5.000         0
   42.278    11.244     0.060     5.000         0
   42.492    11.272     0.060     5.000         0
   42.705    11.283     0.060     5.000         0
   42.916    11.325     0.060     5.000         0
   43.155    11.348     0.060     5.000         0
   43.370    11.383     0.060     5.000         0
   43.584    11.394     0.060     5.000         0
   43.795    11.421     0.060     5.000         0
   44.009    11.464     0.060     5.000         0
   44.222    11.491     0.060     5.000         0
   44.453    11.512     0.060     5.000         0
   44.664    11.548     0.060     5.000         0
   44.878    11.568     0.060     5.000         0
   45.118    11.599     0.060     5.000         0
   45.331    11.635     0.060     5.000         0
   45.545    11.647     0.060     5.000         0
   45.760    11.675     0.060     5.000         0
   45.996    11.721     0.060     5.000         0
   46.185    11.746     0.060     5.000         0
   46.399    11.758     0.060     5.000         0
   46.612    11.801     0.060     5.000         0
   46.823    11.829     0.060     5.000         0
   47.037    11.857     0.060     5.000         0
   47.251    11.885     0.060     5.000         0
   47.462    11.896     0.060     5.000         0
   47.676    11.932     0.060     5.000         0
   47.889    11.960     0.060     5.000         0
   48.129    11.983     0.060     5.000         0
   48.343    12.011     0.060     5.000         0
   48.558    12.054     0.060     5.000         0
   48.768    12.082     0.060     5.000         0
   48.983    12.110     0.060     5.000         0
   49.196    12.121     0.060     5.000         0
   49.410    12.149     0.060     5.000         0
   49.621    12.192     0.060     5.000         0
   49.835    12.204     0.060     5.000         0
   50.049    12.232     0.060     5.000         0
   50.262    12.259     0.060     5.000         0
   50.477    12.291     0.060     5.000         0
   50.687    12.330     0.060     5.000         0
   50.876    12.343     0.060     5.000         0
   51.091    12.371     0.060     5.000         0
   51.305    12.410     0.060     5.000         0
   51.516    12.422     0.060     5.000         0
   51.729    12.461     0.060     5.000         0
   51.968    12.496     0.060     5.000         0
   52.179    12.507     0.060     5.000         0
   52.393    12.547     0.060     5.000         0
   52.607    12.579     0.060     5.000         0
   52.821    12.591     0.060     5.000         0
   53.031    12.618     0.060     5.000         0
   53.245    12.662     0.060     5.000         0
   53.460    12.673     0.060     5.000         0
   53.674    12.717     0.060     5.000         0
   53.888    12.737     0.060     5.000         0
   54.101    12.762     0.060     5.000         0
   54.312    12.780     0.060     5.000         0
   54.526    12.821     0.060     5.000         0
   54.741    12.843     0.060     5.000         0
   54.951    12.857     0.060     5.000         0
   55.166    12.898     0.060     5.000         0
   55.404    12.927     0.060     5.000         0
   55.618    12.953     0.060     5.000         0
   55.833    12.963     0.060     5.000         0
   56.043    13.004     0.060     5.000         0
   56.257    13.022     0.060     5.000         0
   56.472    13.039     0.060     5.000         0
   56.685    13.081     0.060     5.000         0
   56.899    13.107     0.060     5.000         0
   57.139    13.120     0.060     5.000         0
   57.349    13.149     0.060     5.000         0
   57.564    13.187     0.060     5.000         0
   57.777    13.208     0.060     5.000         0
   58.004    13.224     0.060     5.000         0
   58.218    13.265     0.060     5.000         0
   58.433    13.291     0.060     5.000         0
   58.647    13.317     0.060     5.000         0
   58.861    13.331     0.060     5.000         0
   59.072    13.368     0.060     5.000         0
   59.285    13.393     0.060     5.000         0
   59.524    13.414     0.060     5.000         0
    0.000    -1.000     0.000         0
   -7.888     6.129     0.060     1.000         0
   -7.674     6.016     0.060     1.000         0
   -7.434     5.914     0.060     1.000         0
   -7.221     5.801     0.060     1.000         0
   -7.006     5.691     0.060     1.000         0
   -6.767     5.577     0.060     1.000         0
   -6.555     5.491     0.060     1.000         0
   -6.341     5.389     0.060     1.000         0
   -6.110     5.279     0.060     1.000         0
   -5.897     5.173     0.060     1.000         0
   -5.685     5.068     0.060     1.000         0
   -5.446     4.961     0.060     1.000         0
   -5.231     4.859     0.060     1.000         0
   -5.017     4.756     0.060     1.000         0
   -4.781     4.628     0.060     1.000         0
   -4.567     4.525     0.060     1.000         0
   -4.328     4.419     0.060     1.000         0
   -4.114     4.344     0.060     1.000         0
   -3.899     4.289     0.060     1.000         0
   -3.663     4.207     0.060     1.000         0
   -3.448     4.135     0.060     1.000         0
   -3.235     4.084     0.060     1.000         0
   -3.004     4.012     0.060     1.000         0
   -2.790     3.945     0.060     1.000         0
   -2.576     3.862     0.060     1.000         0
   -2.339     3.787     0.060     1.000         0
   -2.126     3.728     0.060     1.000         0
   -1.912     3.686     0.060     1.000         0
   -1.673     3.664     0.060     1.000         0
   -1.461     3.630     0.060     1.000         0
   -1.248     3.596     0.060     1.000         0
   -1.009     3.558     0.060     1.000         0
   -0.797     3.508     0.060     1.000         0
   -0.585     3.482     0.060     1.000         0
  -11.209     6.977     0.060     2.000         0
  -10.994     6.933     0.060     2.000         0
  -10.781     6.866     0.060     2.000         0
  -10.541     6.824     0.060     2.000         0
  -10.327     6.756     0.060     2.000         0
  -10.116     6.717     0.060     2.000         0
   -9.876     6.655     0.060     2.000         0
   -9.663     6.611     0.060     2.000         0
   -9.423     6.553     0.060     2.000         0
   -9.209     6.501     0.060     2.000         0
   -8.977     6.452     0.060     2.000         0
   -8.766     6.384     0.060     2.000         0
   -8.552     6.332     0.060     2.000         0
   -8.313     6.289     0.060     2.000         0
   -8.099     6.237     0.060     2.000         0
   -7.888     6.177     0.060     2.000         0
  -31.511    10.455     0.060     3.000         0
  -31.300    10.396     0.060     3.000         0
  -31.060    10.330     0.060     3.000         0
  -30.847    10.292     0.060     3.000         0
  -30.607    10.230     0.060     3.000         0
  -30.392    10.174     0.060     3.000         0
  -30.156    10.098     0.060     3.000         0
  -29.942    10.051     0.060     3.000         0
  -29.703    10.012     0.060     3.000         0
  -29.488     9.966     0.060     3.000         0
  -29.274     9.929     0.060     3.000         0
  -29.046     9.884     0.060     3.000         0
  -28.831     9.842     0.060     3.000         0
  -28.617     9.801     0.060     3.000         0
  -28.404     9.743     0.060     3.000         0
  -28.167     9.713     0.060     3.000         0
  -27.953     9.671     0.060     3.000         0
  -27.713     9.609     0.060     3.000         0
  -27.498     9.579     0.060     3.000         0
  -27.285     9.541     0.060     3.000         0
  -27.071     9.500     0.060     3.000         0
  -26.834     9.445     0.060     3.000         0
  -26.620     9.423     0.060     3.000         0
  -26.388     9.390     0.060     3.000         0
  -26.177     9.357     0.060     3.000         0
  -25.938     9.323     0.060     3.000         0
  -25.724     9.281     0.060     3.000         0
  -25.510     9.251     0.060     3.000         0
  -25.270     9.217     0.060     3.000         0
  -25.055     9.186     0.060     3.000         0
  -24.819     9.153     0.060     3.000         0
  -24.581     9.128     0.060     3.000         0
  -24.366     9.093     0.060     3.000         0
  -24.135     9.048     0.060     3.000         0
  -23.920     9.010     0.060     3.000         0
  -23.706     8.963     0.060     3.000         0
  -23.469     8.929     0.060     3.000         0
  -23.256     8.887     0.060     3.000         0
  -23.016     8.840     0.060     3.000         0
  -22.802     8.802     0.060     3.000         0
  -22.562     8.767     0.060     3.000         0
  -22.351     8.735     0.060     3.000         0
  -22.121     8.700     0.060     3.000         0
  -21.906     8.659     0.060     3.000         0
  -21.666     8.623     0.060     3.000         0
  -21.455     8.587     0.060     3.000         0
  -21.241     8.550     0.060     3.000         0
  -21.001     8.510     0.060     3.000         0
  -20.788     8.474     0.060     3.000         0
  -20.548     8.425     0.060     3.000         0
  -20.337     8.384     0.060     3.000         0
  -20.097     8.337     0.060     3.000         0
  -19.883     8.292     0.060     3.000         0
  -19.669     8.247     0.060     3.000         0
  -19.438     8.198     0.060     3.000         0
  -19.224     8.153     0.060     3.000         0
  -18.987     8.103     0.060     3.000         0
  -18.773     8.049     0.060     3.000         0
  -18.533     8.009     0.060     3.000         0
  -18.320     7.964     0.060     3.000         0
  -18.080     7.924     0.060     3.000         0
  -17.869     7.888     0.060     3.000         0
  -17.654     7.851     0.060     3.000         0
  -17.423     7.812     0.060     3.000         0
  -17.210     7.776     0.060     3.000         0
  -16.995     7.743     0.060     3.000         0
  -16.756     7.707     0.060     3.000         0
  -16.545     7.685     0.060     3.000         0
  -16.330     7.654     0.060     3.000         0
  -16.090     7.645     0.060     3.000         0
  -15.877     7.623     0.060     3.000         0
  -15.663     7.601     0.060     3.000         0
  -15.426     7.568     0.060     3.000         0
  -15.212     7.540     0.060     3.000         0
  -14.997     7.489     0.060     3.000         0
  -14.784     7.453     0.060     3.000         0
  -14.544     7.421     0.060     3.000         0
  -14.333     7.390     0.060     3.000         0
  -14.102     7.364     0.060     3.000         0
  -13.888     7.340     0.060     3.000         0
  -13.673     7.332     0.060     3.000         0
  -13.434     7.306     0.060     3.000         0
  -13.223     7.274     0.060     3.000         0
  -12.984     7.240     0.060     3.000         0
  -12.769     7.233     0.060     3.000         0
  -12.529     7.207     0.060     3.000         0
  -12.319     7.168     0.060     3.000         0
  -12.105     7.153     0.060     3.000         0
  -11.874     7.122     0.060     3.000         0
  -11.659     7.087     0.060     3.000         0
  -11.445     7.036     0.060     3.000         0
  -33.529    10.851     0.060     4.000         0
  -33.315    10.814     0.060     4.000         0
  -33.075    10.777     0.060     4.000         0
  -32.861    10.743     0.060     4.000         0
  -32.646    10.714     0.060     4.000         0
  -32.408    10.677     0.060     4.000         0
  -32.197    10.637     0.060     4.000         0
  -31.957    10.580     0.060     4.000         0
  -31.742    10.535     0.060     4.000         0
  -31.511    10.500     0.060     4.000         0
  -31.300    10.461     0.060     4.000         0
  -31.060    10.426     0.060     4.000         0
  -30.847    10.395     0.060     4.000         0
  -30.607    10.360     0.060     4.000         0
  -30.392    10.345     0.060     4.000         0
  -30.156    10.311     0.060     4.000         0
  -29.942    10.264     0.060     4.000         0
  -29.703    10.229     0.060     4.000         0
  -29.488    10.198     0.060     4.000         0
  -29.274    10.167     0.060     4.000         0
  -29.046    10.133     0.060     4.000         0
  -28.831    10.118     0.060     4.000         0
  -28.617    10.071     0.060     4.000         0
  -28.404    10.048     0.060     4.000         0
  -28.167    10.032     0.060     4.000         0
  -27.953    10.026     0.060     4.000         0
  -27.713    10.010     0.060     4.000         0
  -27.498     9.996     0.060     4.000         0
  -27.285     9.981     0.060     4.000         0
  -27.071     9.967     0.060     4.000         0
  -26.834     9.951     0.060     4.000         0
  -26.620     9.937     0.060     4.000         0
  -26.388     9.914     0.060     4.000         0
  -26.177     9.912     0.060     4.000         0
  -25.938     9.885     0.060     4.000         0
  -25.724     9.884     0.060     4.000         0
  -25.510     9.882     0.060     4.000         0
  -25.270     9.856     0.060     4.000         0
  -25.055     9.846     0.060     4.000         0
  -24.819     9.852     0.060     4.000         0
  -24.581     9.841     0.060     4.000         0
  -50.733    12.985     0.060     5.000         0
  -50.493    12.942     0.060     5.000         0
  -50.278    12.911     0.060     5.000         0
  -50.064    12.889     0.060     5.000         0
  -49.825    12.848     0.060     5.000         0
  -49.614    12.835     0.060     5.000         0
  -49.399    12.806     0.060     5.000         0
  -49.185    12.773     0.060     5.000         0
  -48.945    12.736     0.060     5.000         0
  -48.730    12.697     0.060     5.000         0
  -48.519    12.671     0.060     5.000         0
  -48.306    12.640     0.060     5.000         0
  -48.066    12.601     0.060     5.000         0
  -47.851    12.574     0.060     5.000         0
  -47.637    12.539     0.060     5.000         0
  -47.426    12.521     0.060     5.000         0
  -47.212    12.486     0.060     5.000         0
  -46.998    12.455     0.060     5.000         0
  -46.766    12.430     0.060     5.000         0
  -46.551    12.383     0.060     5.000         0
  -46.337    12.356     0.060     5.000         0
  -46.126    12.321     0.060     5.000         0
  -45.913    12.290     0.060     5.000         0
  -45.673    12.256     0.060     5.000         0
  -45.462    12.233     0.060     5.000         0
  -45.247    12.194     0.060     5.000         0
  -45.032    12.175     0.060     5.000         0
  -45.032    12.179     0.060     5.000         0
  -44.579    12.114     0.060     5.000         0
  -44.368    12.075     0.060     5.000         0
  -44.154    12.052     0.060     5.000         0
  -43.939    12.021     0.060     5.000         0
  -43.699    11.983     0.060     5.000         0
  -43.486    11.948     0.060     5.000         0
  -43.275    11.925     0.060     5.000         0
  -43.043    11.891     0.060     5.000         0
  -42.829    11.879     0.060     5.000         0
  -42.614    11.848     0.060     5.000         0
  -42.375    11.821     0.060     5.000         0
  -42.161    11.786     0.060     5.000         0
  -41.946    11.771     0.060     5.000         0
  -41.710    11.747     0.060     5.000         0
  -41.495    11.712     0.060     5.000         0
  -41.281    11.690     0.060     5.000         0
  -41.045    11.661     0.060     5.000         0
  -40.831    11.639     0.060     5.000         0
  -40.617    11.632     0.060     5.000         0
  -40.377    11.595     0.060     5.000         0
  -40.162    11.581     0.060     5.000         0
  -39.951    11.555     0.060     5.000         0
  -39.738    11.530     0.060     5.000         0
  -39.506    11.478     0.060     5.000         0
  -39.292    11.445     0.060     5.000         0
  -39.077    11.428     0.060     5.000         0
  -38.841    11.388     0.060     5.000         0
  -38.626    11.343     0.060     5.000         0
  -38.388    11.314     0.060     5.000         0
  -38.173    11.296     0.060     5.000         0
  -37.958    11.270     0.060     5.000         0
  -37.722    11.230     0.060     5.000         0
  -37.508    11.216     0.060     5.000         0
  -37.277    11.188     0.060     5.000         0
  -37.067    11.147     0.060     5.000         0
  -36.852    11.137     0.060     5.000         0
  -36.637    11.111     0.060     5.000         0
  -36.397    11.066     0.060     5.000         0
  -36.183    11.052     0.060     5.000         0
  -35.972    11.015     0.060     5.000         0
  -35.733    10.994     0.060     5.000         0
  -35.519    10.972     0.060     5.000         0
  -35.304    10.938     0.060     5.000         0
  -35.090    10.917     0.060     5.000         0
  -34.851    10.894     0.060     5.000         0
  -34.636    10.890     0.060     5.000         0
  -34.425    10.855     0.060     5.000         0
  -34.186    10.848     0.060     5.000         0
  -33.971    10.824     0.060     5.000         0
  -33.756    10.804     0.060     5.000         0
  -33.529    10.779     0.060     5.000         0
    0.000     0.000     0.000        -1
