    0.000     1.000     0.000         0
    1.520     3.596     0.060     1.000         0
    1.733     3.629     0.060     1.000         0
    1.946     3.678     0.060     1.000         0
    2.159     3.737     0.060     1.000         0
    2.371     3.795     0.060     1.000         0
    2.584     3.854     0.060     1.000         0
    2.797     3.913     0.060     1.000         0
    3.011     3.982     0.060     1.000         0
    3.223     4.046     0.060     1.000         0
    3.437     4.090     0.060     1.000         0
    3.650     4.158     0.060     1.000         0
    3.887     4.278     0.060     1.000         0
    4.101     4.372     0.060     1.000         0
    4.314     4.460     0.060     1.000         0
    4.528     4.574     0.060     1.000         0
    4.742     4.673     0.060     1.000         0
    4.979     4.778     0.060     1.000         0
    5.193     4.871     0.060     1.000         0
    5.406     4.972     0.060     1.000         0
    5.620     5.064     0.060     1.000         0
    5.835     5.135     0.060     1.000         0
    6.046     5.240     0.060     1.000         0
    6.285     5.347     0.060     1.000         0
    6.499     5.419     0.060     1.000         0
    6.713     5.515     0.060     1.000         0
    6.952     5.622     0.060     1.000         0
    7.163     5.707     0.060     1.000         0
    7.377     5.793     0.060     1.000         0
    7.609     5.912     0.060     1.000         0
    7.822     5.993     0.060     1.000         0
    8.701     6.173     0.060     2.000         0
    8.915     6.205     0.060     2.000         0
    9.154     6.277     0.060     2.000         0
    9.368     6.304     0.060     2.000         0
    9.579     6.350     0.060     2.000         0
    9.818     6.402     0.060     2.000         0
   10.033     6.448     0.060     2.000         0
   10.246     6.495     0.060     2.000         0
   10.474     6.544     0.060     2.000         0
   10.688     6.591     0.060     2.000         0
   10.902     6.638     0.060     2.000         0
   11.117     6.684     0.060     2.000         0
   11.356     6.737     0.060     2.000         0
   11.569     6.788     0.060     2.000         0
   11.780     6.829     0.060     2.000         0
   12.020     6.881     0.060     2.000         0
   12.234     6.928     0.060     2.000         0
   12.445     6.974     0.060     2.000         0
   12.685     7.026     0.060     2.000         0
   12.898     7.072     0.060     2.000         0
   13.112     7.139     0.060     2.000         0
   13.327     7.176     0.060     2.000         0
   13.563     7.203     0.060     2.000         0
   13.777     7.237     0.060     2.000         0
   14.008     7.274     0.060     2.000         0
   14.221     7.308     0.060     2.000         0
   14.436     7.342     0.060     2.000         0
   14.650     7.381     0.060     2.000         0
   14.886     7.423     0.060     2.000         0
   15.101     7.457     0.060     2.000         0
   15.101     7.460     0.060     3.000         0
   15.339     7.491     0.060     3.000         0
   15.553     7.528     0.060     3.000         0
   15.764     7.556     0.060     3.000         0
   15.979     7.585     0.060     3.000         0
   16.218     7.616     0.060     3.000         0
   16.432     7.665     0.060     3.000         0
   16.646     7.689     0.060     3.000         0
   16.860     7.702     0.060     3.000         0
   17.088     7.743     0.060     3.000         0
   17.302     7.762     0.060     3.000         0
   17.516     7.810     0.060     3.000         0
   17.755     7.827     0.060     3.000         0
   17.969     7.851     0.060     3.000         0
   18.180     7.879     0.060     3.000         0
   18.394     7.913     0.060     3.000         0
   18.634     7.950     0.060     3.000         0
   18.848     7.989     0.060     3.000         0
   19.059     8.017     0.060     3.000         0
   19.297     8.049     0.060     3.000         0
   19.512     8.078     0.060     3.000         0
   19.726     8.102     0.060     3.000         0
   19.940     8.136     0.060     3.000         0
   20.177     8.168     0.060     3.000         0
   20.390     8.177     0.060     3.000         0
   20.604     8.205     0.060     3.000         0
   20.818     8.244     0.060     3.000         0
   21.049     8.285     0.060     3.000         0
   21.264     8.314     0.060     3.000         0
   21.475     8.333     0.060     3.000         0
   21.688     8.361     0.060     3.000         0
   21.927     8.389     0.060     3.000         0
   22.142     8.423     0.060     3.000         0
   22.356     8.458     0.060     3.000         0
   22.569     8.492     0.060     3.000         0
   22.780     8.507     0.060     3.000         0
   23.020     8.556     0.060     3.000         0
   23.234     8.586     0.060     3.000         0
   23.445     8.610     0.060     3.000         0
   23.659     8.645     0.060     3.000         0
   23.873     8.675     0.060     3.000         0
   24.086     8.705     0.060     3.000         0
   24.323     8.719     0.060     3.000         0
   24.537     8.769     0.060     3.000         0
   24.751     8.779     0.060     3.000         0
   24.965     8.814     0.060     3.000         0
   25.179     8.849     0.060     3.000         0
   25.389     8.868     0.060     3.000         0
   25.604     8.908     0.060     3.000         0
   25.835     8.931     0.060     3.000         0
   26.049     8.971     0.060     3.000         0
   26.263     9.006     0.060     3.000         0
   26.500     9.035     0.060     3.000         0
   26.713     9.040     0.060     3.000         0
   26.927     9.081     0.060     3.000         0
   27.141     9.111     0.060     3.000         0
   27.356     9.137     0.060     3.000         0
   27.592     9.165     0.060     3.000         0
   27.805     9.190     0.060     3.000         0
   28.019     9.216     0.060     3.000         0
   28.233     9.241     0.060     3.000         0
   28.444     9.257     0.060     3.000         0
   28.684     9.275     0.060     3.000         0
   28.898     9.321     0.060     3.000         0
   29.111     9.336     0.060     3.000         0
   29.325     9.379     0.060     3.000         0
   29.536     9.392     0.060     3.000         0
   29.776     9.433     0.060     3.000         0
   29.990     9.481     0.060     3.000         0
   30.203     9.514     0.060     3.000         0
   30.434     9.534     0.060     3.000         0
   30.649     9.562     0.060     3.000         0
   30.860     9.615     0.060     3.000         0
   31.074     9.628     0.060     3.000         0
   31.313     9.669     0.060     3.000         0
   31.526     9.717     0.060     3.000         0
   31.741     9.730     0.060     3.000         0
   31.977     9.786     0.060     3.000         0
   32.191     9.809     0.060     3.000         0
   32.405     9.842     0.060     3.000         0
   32.619     9.871     0.060     3.000         0
   32.829     9.885     0.060     3.000         0
   33.069     9.923     0.060     3.000         0
   25.604     9.074     0.060     4.000         0
   25.835     9.105     0.060     4.000         0
   26.049     9.123     0.060     4.000         0
   26.263     9.171     0.060     4.000         0
   26.500     9.188     0.060     4.000         0
   26.713     9.221     0.060     4.000         0
   26.927     9.252     0.060     4.000         0
   27.141     9.253     0.060     4.000         0
   27.356     9.274     0.060     4.000         0
   27.592     9.303     0.060     4.000         0
   27.805     9.339     0.060     4.000         0
   28.019     9.360     0.060     4.000         0
   28.233     9.366     0.060     4.000         0
   28.444     9.402     0.060     4.000         0
   28.684     9.426     0.060     4.000         0
   28.898     9.437     0.060     4.000         0
   29.111     9.458     0.060     4.000         0
   29.325     9.500     0.060     4.000         0
   29.536     9.531     0.060     4.000         0
   29.776     9.567     0.060     4.000         0
   29.990     9.599     0.060     4.000         0
   30.203     9.610     0.060     4.000         0
   30.434     9.660     0.060     4.000         0
   30.649     9.697     0.060     4.000         0
   30.860     9.728     0.060     4.000         0
   31.074     9.755     0.060     4.000         0
   31.313     9.795     0.060     4.000         0
   31.526     9.807     0.060     4.000         0
   31.741     9.844     0.060     4.000         0
   31.977     9.874     0.060     4.000         0
   32.191     9.911     0.060     4.000         0
   32.405     9.948     0.060     4.000         0
   32.619     9.961     0.060     4.000         0
   32.829     9.984     0.060     4.000         0
   33.069    10.010     0.060     4.000         0
   33.283    10.033     0.060     4.000         0
   33.497    10.061     0.060     4.000         0
   33.708    10.079     0.060     4.000         0
   33.923    10.123     0.060     4.000         0
   34.136    10.131     0.060     4.000         0
   34.367    10.151     0.060     4.000         0
   34.578    10.194     0.060     4.000         0
   34.792    10.207     0.060     4.000         0
   35.244    10.169     0.060     5.000         0
   35.459    10.208     0.060     5.000         0
   35.673    10.237     0.060     5.000         0
   35.909    10.259     0.060     5.000         0
   36.098    10.284     0.060     5.000         0
   36.312    10.313     0.060     5.000         0
   36.525    10.352     0.060     5.000         0
   36.736    10.390     0.060     5.000         0
   36.950    10.404     0.060     5.000         0
   37.165    10.448     0.060     5.000         0
   37.376    10.456     0.060     5.000         0
   37.590    10.490     0.060     5.000         0
   37.803    10.513     0.060     5.000         0
   38.042    10.566     0.060     5.000         0
   38.257    10.574     0.060     5.000         0
   38.471    10.603     0.060     5.000         0
   38.682    10.642     0.060     5.000         0
   38.896    10.670     0.060     5.000         0
   39.109    10.689     0.060     5.000         0
   39.323    10.729     0.060     5.000         0
   39.534    10.747     0.060     5.000         0
   39.748    10.777     0.060     5.000         0
   39.963    10.826     0.060     5.000         0
   40.176    10.835     0.060     5.000         0
   40.390    10.874     0.060     5.000         0
   40.601    10.903     0.060     5.000         0
   40.790    10.919     0.060     5.000         0
   41.004    10.948     0.060     5.000         0
   41.218    10.977     0.060     5.000         0
   41.429    11.026     0.060     5.000         0
   41.642    11.035     0.060     5.000         0
   41.882    11.078     0.060     5.000         0
   42.092    11.095     0.060     5.000         0
   42.307    11.123     0.060     5.000         0
   42.521    11.171     0.060     5.000         0
   42.734    11.183     0.060     5.000         0
   42.945    11.226     0.060     5.000         0
   43.159    11.249     0.060     5.000         0
   43.373    11.281     0.060     5.000         0
   43.587    11.289     0.060     5.000         0
   43.802    11.337     0.060     5.000         0
   44.015    11.360     0.060     5.000         0
   44.226    11.372     0.060     5.000         0
   44.440    11.420     0.060     5.000         0
   44.654    11.448     0.060     5.000         0
   44.865    11.475     0.060     5.000         0
   45.079    11.498     0.060     5.000         0
   45.317    11.534     0.060     5.000         0
   45.532    11.562     0.060     5.000         0
   45.746    11.570     0.060     5.000         0
   45.957    11.617     0.060     5.000         0
   46.171    11.645     0.060     5.000         0
   46.385    11.653     0.060     5.000         0
   46.598    11.701     0.060     5.000         0
   46.812    11.728     0.060     5.000         0
   47.052    11.750     0.060     5.000         0
   47.263    11.788     0.060     5.000         0
   47.477    11.816     0.060     5.000         0
   47.690    11.845     0.060     5.000         0
   47.918    11.870     0.060     5.000         0
   48.132    11.889     0.060     5.000         0
   48.346    11.913     0.060     5.000         0
   48.560    11.941     0.060     5.000         0
   48.775    11.990     0.060     5.000         0
   48.985    12.008     0.060     5.000         0
   49.198    12.031     0.060     5.000         0
   49.438    12.067     0.060     5.000         0
   49.652    12.085     0.060     5.000         0
   49.863    12.118     0.060     5.000         0
   50.077    12.141     0.060     5.000         0
   50.290    12.169     0.060     5.000         0
   50.530    12.210     0.060     5.000         0
   50.744    12.248     0.060     5.000         0
   50.955    12.276     0.060     5.000         0
   51.169    12.304     0.060     5.000         0
   51.408    12.335     0.060     5.000         0
   51.621    12.363     0.060     5.000         0
   51.832    12.371     0.060     5.000         0
   52.046    12.419     0.060     5.000         0
   52.261    12.427     0.060     5.000         0
   52.492    12.477     0.060     5.000         0
   52.705    12.485     0.060     5.000         0
   52.915    12.512     0.060     5.000         0
   53.130    12.540     0.060     5.000         0
   53.369    12.582     0.060     5.000         0
   53.583    12.598     0.060     5.000         0
   53.798    12.644     0.060     5.000         0
   54.036    12.672     0.060     5.000         0
   54.247    12.678     0.060     5.000         0
   54.486    12.717     0.060     5.000         0
   54.700    12.733     0.060     5.000         0
   54.914    12.768     0.060     5.000         0
   55.153    12.807     0.060     5.000         0
   55.364    12.833     0.060     5.000         0
   55.595    12.846     0.060     5.000         0
   55.809    12.886     0.060     5.000         0
   56.048    12.895     0.060     5.000         0
   56.263    12.931     0.060     5.000         0
   56.499    12.950     0.060     5.000         0
   56.712    12.975     0.060     5.000         0
   56.951    13.024     0.060     5.000         0
   57.165    13.040     0.060     5.000         0
   57.396    13.068     0.060     5.000         0
   57.609    13.096     0.060     5.000         0
   57.849    13.123     0.060     5.000         0
   58.060    13.145     0.060     5.000         0
   58.299    13.177     0.060     5.000         0
   58.513    13.205     0.060     5.000         0
   58.753    13.257     0.060     5.000         0
   58.989    13.288     0.060     5.000         0
   59.202    13.296     0.060     5.000         0
   59.433    13.337     0.060     5.000         0
   59.647    13.365     0.060     5.000         0
   59.886    13.398     0.060     5.000         0
   60.100    13.406     0.060     5.000         0
   60.339    13.439     0.060     5.000         0
   60.550    13.467     0.060     5.000         0
   60.789    13.499     0.060     5.000         0
   65.547    14.139     0.060     5.000         0
   65.786    14.182     0.060     5.000         0
   66.000    14.205     0.060     5.000         0
   66.240    14.236     0.060     5.000         0
   66.453    14.259     0.060     5.000         0
   66.680    14.279     0.060     5.000         0
   66.894    14.327     0.060     5.000         0
   67.134    14.359     0.060     5.000         0
   67.348    14.367     0.060     5.000         0
   67.586    14.418     0.060     5.000         0
   67.822    14.449     0.060     5.000         0
   68.036    14.457     0.060     5.000         0
   68.267    14.498     0.060     5.000         0
   68.482    14.536     0.060     5.000         0
   68.721    14.548     0.060     5.000         0
   68.932    14.575     0.060     5.000         0
   69.170    14.617     0.060     5.000         0
   69.384    14.640     0.060     5.000         0
   69.624    14.686     0.060     5.000         0
   69.838    14.714     0.060     5.000         0
   70.076    14.726     0.060     5.000         0
   70.287    14.769     0.060     5.000         0
   70.518    14.804     0.060     5.000         0
   70.732    14.822     0.060     5.000         0
   70.971    14.848     0.060     5.000         0
   71.185    14.882     0.060     5.000         0
   71.421    14.913     0.060     5.000         0
   71.634    14.941     0.060     5.000         0
   71.849    14.959     0.060     5.000         0
   72.088    15.000     0.060     5.000         0
   72.302    15.019     0.060     5.000         0
   72.513    15.066     0.060     5.000         0
   72.743    15.087     0.060     5.000         0
   72.957    15.120     0.060     5.000         0
   73.171    15.133     0.060     5.000         0
   73.410    15.184     0.060     5.000         0
   73.621    15.212     0.060     5.000         0
   73.835    15.220     0.060     5.000         0
   74.073    15.272     0.060     5.000         0
   74.288    15.290     0.060     5.000         0
   74.502    15.313     0.060     5.000         0
   74.738    15.339     0.060     5.000         0
   74.952    15.372     0.060     5.000         0
   75.190    15.418     0.060     5.000         0
   75.404    15.427     0.060     5.000         0
   75.618    15.460     0.060     5.000         0
   75.846    15.490     0.060     5.000         0
   76.060    15.533     0.060     5.000         0
   76.274    15.561     0.060     5.000         0
   76.512    15.582     0.060     5.000         0
   76.727    15.601     0.060     5.000         0
   76.991    15.645     0.060     5.000         0
   77.177    15.680     0.060     5.000         0
   77.416    15.702     0.060     5.000         0
   77.629    15.721     0.060     5.000         0
   77.840    15.769     0.060     5.000         0
   78.071    15.800     0.060     5.000         0
   78.285    15.828     0.060     5.000         0
   78.499    15.837     0.060     5.000         0
   78.738    15.869     0.060     5.000         0
   78.951    15.907     0.060     5.000         0
   79.187    15.928     0.060     5.000         0
   79.401    15.971     0.060     5.000         0
   79.616    15.984     0.060     5.000         0
   79.855    16.015     0.060     5.000         0
   80.068    16.062     0.060     5.000         0
   80.279    16.080     0.060     5.000         0
   80.493    16.118     0.060     5.000         0
   80.707    16.135     0.060     5.000         0
   80.917    16.173     0.060     5.000         0
   81.132    16.201     0.060     5.000         0
   81.371    16.232     0.060     5.000         0
   81.584    16.239     0.060     5.000         0
   81.798    16.267     0.060     5.000         0
   82.012    16.315     0.060     5.000         0
   82.223    16.342     0.060     5.000         0
   82.454    16.362     0.060     5.000         0
   82.667    16.399     0.060     5.000         0
   82.881    16.406     0.060     5.000         0
   83.092    16.432     0.060     5.000         0
   83.306    16.474     0.060     5.000         0
   83.520    16.486     0.060     5.000         0
   83.759    16.535     0.060     5.000         0
   83.970    16.542     0.060     5.000         0
   84.183    16.568     0.060     5.000         0
   84.397    16.600     0.060     5.000         0
   84.636    16.635     0.060     5.000         0
   84.850    16.652     0.060     5.000         0
   85.061    16.678     0.060     5.000         0
   85.274    16.725     0.060     5.000         0
   85.488    16.732     0.060     5.000         0
   85.702    16.778     0.060     5.000         0
   85.942    16.808     0.060     5.000         0
   86.152    16.825     0.060     5.000         0
    0.000    -1.000     0.000         0
   -7.583     5.955     0.060     1.000         0
   -7.372     5.844     0.060     1.000         0
   -7.159     5.762     0.060     1.000         0
   -6.945     5.655     0.060     1.000         0
   -6.730     5.552     0.060     1.000         0
   -6.515     5.440     0.060     1.000         0
   -6.305     5.334     0.060     1.000         0
   -6.065     5.230     0.060     1.000         0
   -5.852     5.128     0.060     1.000         0
   -5.637     5.025     0.060     1.000         0
   -5.427     4.920     0.060     1.000         0
   -5.213     4.823     0.060     1.000         0
   -4.998     4.724     0.060     1.000         0
   -4.788     4.637     0.060     1.000         0
   -4.570     4.547     0.060     1.000         0
   -4.360     4.460     0.060     1.000         0
   -4.146     4.372     0.060     1.000         0
   -3.956     4.314     0.060     1.000         0
   -3.742     4.205     0.060     1.000         0
   -3.532     4.118     0.060     1.000         0
   -3.319     4.040     0.060     1.000         0
   -3.104     3.976     0.060     1.000         0
   -2.920     3.950     0.060     1.000         0
   -2.705     3.895     0.060     1.000         0
   -2.487     3.840     0.060     1.000         0
   -2.278     3.787     0.060     1.000         0
   -2.094     3.741     0.060     1.000         0
   -1.879     3.686     0.060     1.000         0
   -1.665     3.612     0.060     1.000         0
   -1.450     3.568     0.060     1.000         0
   -1.243     3.542     0.060     1.000         0
   -1.029     3.546     0.060     1.000         0
   -0.818     3.510     0.060     1.000         0
   -0.606     3.493     0.060     1.000         0
   -0.396     3.477     0.060     1.000         0
   -0.219     3.474     0.060     1.000         0
   -0.140     3.468     0.060     1.000         0
   -0.292     3.474     0.060     1.000         0
   -0.490     3.485     0.060     1.000         0
   -0.675     3.499     0.060     1.000         0
   -0.884     3.515     0.060     1.000         0
   -1.096     3.531     0.060     1.000         0
   -1.308     3.552     0.060     1.000         0
  -11.332     6.875     0.060     2.000         0
  -11.092     6.828     0.060     2.000         0
  -10.879     6.777     0.060     2.000         0
  -10.668     6.727     0.060     2.000         0
  -10.437     6.652     0.060     2.000         0
  -10.222     6.620     0.060     2.000         0
  -10.008     6.569     0.060     2.000         0
   -9.769     6.492     0.060     2.000         0
   -9.559     6.462     0.060     2.000         0
   -9.344     6.411     0.060     2.000         0
   -9.104     6.353     0.060     2.000         0
   -8.886     6.301     0.060     2.000         0
   -8.675     6.251     0.060     2.000         0
   -8.462     6.200     0.060     2.000         0
   -8.252     6.150     0.060     2.000         0
   -8.037     6.094     0.060     2.000         0
   -7.797     6.041     0.060     2.000         0
  -20.412     8.402     0.060     3.000         0
  -20.202     8.359     0.060     3.000         0
  -19.962     8.310     0.060     3.000         0
  -19.749     8.270     0.060     3.000         0
  -19.509     8.241     0.060     3.000         0
  -19.294     8.191     0.060     3.000         0
  -19.063     8.144     0.060     3.000         0
  -18.852     8.105     0.060     3.000         0
  -18.638     8.066     0.060     3.000         0
  -18.399     8.031     0.060     3.000         0
  -18.185     7.994     0.060     3.000         0
  -17.974     7.957     0.060     3.000         0
  -17.759     7.924     0.060     3.000         0
  -17.520     7.888     0.060     3.000         0
  -17.306     7.875     0.060     3.000         0
  -17.092     7.843     0.060     3.000         0
  -16.852     7.806     0.060     3.000         0
  -16.641     7.774     0.060     3.000         0
  -16.427     7.732     0.060     3.000         0
  -16.195     7.696     0.060     3.000         0
  -15.982     7.649     0.060     3.000         0
  -15.772     7.612     0.060     3.000         0
  -15.532     7.589     0.060     3.000         0
  -15.317     7.552     0.060     3.000         0
  -15.103     7.494     0.060     3.000         0
  -14.867     7.452     0.060     3.000         0
  -14.654     7.420     0.060     3.000         0
  -14.414     7.382     0.060     3.000         0
  -14.199     7.344     0.060     3.000         0
  -13.985     7.301     0.060     3.000         0
  -13.749     7.264     0.060     3.000         0
  -13.534     7.230     0.060     3.000         0
  -13.321     7.196     0.060     3.000         0
  -13.089     7.160     0.060     3.000         0
  -12.875     7.146     0.060     3.000         0
  -12.660     7.113     0.060     3.000         0
  -12.425     7.056     0.060     3.000         0
  -12.211     7.022     0.060     3.000         0
  -11.997     6.988     0.060     3.000         0
  -11.757     6.964     0.060     3.000         0
  -11.546     6.939     0.060     3.000         0
  -58.815    14.047     0.060     5.000         0
  -58.604    14.008     0.060     5.000         0
  -58.391    13.989     0.060     5.000         0
  -58.151    13.936     0.060     5.000         0
  -57.936    13.897     0.060     5.000         0
  -57.722    13.883     0.060     5.000         0
  -57.511    13.844     0.060     5.000         0
  -57.298    13.815     0.060     5.000         0
  -57.083    13.771     0.060     5.000         0
  -56.851    13.728     0.060     5.000         0
  -56.637    13.712     0.060     5.000         0
  -56.422    13.687     0.060     5.000         0
  -56.211    13.637     0.060     5.000         0
  -55.998    13.607     0.060     5.000         0
  -55.758    13.593     0.060     5.000         0
  -55.547    13.563     0.060     5.000         0
  -55.332    13.532     0.060     5.000         0
  -55.118    13.502     0.060     5.000         0
  -55.118    13.497     0.060     5.000         0
  -54.664    13.432     0.060     5.000         0
  -54.454    13.387     0.060     5.000         0
  -54.239    13.367     0.060     5.000         0
  -54.024    13.326     0.060     5.000         0
  -53.784    13.312     0.060     5.000         0
  -53.571    13.272     0.060     5.000         0
  -53.360    13.235     0.060     5.000         0
  -53.129    13.205     0.060     5.000         0
  -52.914    13.198     0.060     5.000         0
  -52.699    13.170     0.060     5.000         0
  -52.461    13.140     0.060     5.000         0
  -52.246    13.112     0.060     5.000         0
  -52.031    13.085     0.060     5.000         0
  -51.795    13.054     0.060     5.000         0
  -51.581    13.022     0.060     5.000         0
  -51.366    12.979     0.060     5.000         0
  -51.130    12.969     0.060     5.000         0
  -50.917    12.932     0.060     5.000         0
  -50.702    12.898     0.060     5.000         0
  -50.462    12.840     0.060     5.000         0
  -50.247    12.822     0.060     5.000         0
  -50.037    12.764     0.060     5.000         0
  -49.823    12.726     0.060     5.000         0
  -49.592    12.699     0.060     5.000         0
  -49.377    12.661     0.060     5.000         0
  -49.162    12.627     0.060     5.000         0
  -48.926    12.580     0.060     5.000         0
  -48.712    12.537     0.060     5.000         0
  -48.473    12.517     0.060     5.000         0
  -48.258    12.490     0.060     5.000         0
  -48.044    12.443     0.060     5.000         0
  -47.808    12.434     0.060     5.000         0
  -47.593    12.387     0.060     5.000         0
  -47.363    12.378     0.060     5.000         0
  -47.152    12.352     0.060     5.000         0
  -46.937    12.310     0.060     5.000         0
  -46.723    12.283     0.060     5.000         0
  -46.483    12.248     0.060     5.000         0
  -46.268    12.231     0.060     5.000         0
  -46.058    12.196     0.060     5.000         0
  -45.819    12.167     0.060     5.000         0
  -45.604    12.141     0.060     5.000         0
  -45.390    12.120     0.060     5.000         0
  -45.175    12.109     0.060     5.000         0
  -44.936    12.081     0.060     5.000         0
  -44.722    12.055     0.060     5.000         0
  -44.511    12.029     0.060     5.000         0
  -44.271    11.990     0.060     5.000         0
  -44.056    11.941     0.060     5.000         0
  -43.842    11.902     0.060     5.000         0
  -43.614    11.881     0.060     5.000         0
  -43.401    11.827     0.060     5.000         0
  -43.161    11.798     0.060     5.000         0
  -42.946    11.739     0.060     5.000         0
  -42.732    11.720     0.060     5.000         0
  -42.493    11.657     0.060     5.000         0
  -42.282    11.623     0.060     5.000         0
  -42.042    11.589     0.060     5.000         0
  -41.828    11.555     0.060     5.000         0
  -41.596    11.493     0.060     5.000         0
  -41.386    11.455     0.060     5.000         0
  -41.146    11.431     0.060     5.000         0
  -40.932    11.377     0.060     5.000         0
  -40.692    11.329     0.060     5.000         0
  -40.478    11.295     0.060     5.000         0
  -40.242    11.247     0.060     5.000         0
  -40.027    11.228     0.060     5.000         0
  -39.788    11.174     0.060     5.000         0
  -39.574    11.154     0.060     5.000         0
  -39.359    11.113     0.060     5.000         0
  -39.132    11.086     0.060     5.000         0
  -38.917    11.061     0.060     5.000         0
  -38.702    11.035     0.060     5.000         0
  -38.489    11.020     0.060     5.000         0
  -38.253    11.010     0.060     5.000         0
  -38.038    10.971     0.060     5.000         0
  -37.799    10.950     0.060     5.000         0
  -37.584    10.932     0.060     5.000         0
  -37.371    10.923     0.060     5.000         0
  -37.156    10.886     0.060     5.000         0
  -36.920    10.825     0.060     5.000         0
  -36.705    10.803     0.060     5.000         0
  -36.474    10.759     0.060     5.000         0
  -36.263    10.712     0.060     5.000         0
  -36.023    10.661     0.060     5.000         0
  -35.810    10.621     0.060     5.000         0
  -35.595    10.610     0.060     5.000         0
  -35.355    10.576     0.060     5.000         0
  -35.141    10.541     0.060     5.000         0
  -34.905    10.493     0.060     5.000         0
  -34.666    10.479     0.060     5.000         0
  -34.452    10.439     0.060     5.000         0
  -34.220    10.392     0.060     5.000         0
  -34.006    10.378     0.060     5.000         0
  -33.791    10.343     0.060     5.000         0
  -33.555    10.296     0.060     5.000         0
  -33.342    10.257     0.060     5.000         0
  -33.102    10.213     0.060     5.000         0
  -32.887    10.194     0.060     5.000         0
  -32.647    10.141     0.060     5.000         0
  -32.437    10.107     0.060     5.000         0
  -32.206    10.090     0.060     5.000         0
  -31.992    10.036     0.060     5.000         0
  -31.752    10.008     0.060     5.000         0
  -31.541     9.984     0.060     5.000         0
  -31.327     9.951     0.060     5.000         0
  -31.087     9.903     0.060     5.000         0
  -30.874     9.879     0.060     5.000         0
  -30.634     9.841     0.060     5.000         0
  -30.423     9.808     0.060     5.000         0
  -30.183     9.760     0.060     5.000         0
  -29.968     9.727     0.060     5.000         0
  -29.755     9.684     0.060     5.000         0
  -29.524     9.637     0.060     5.000         0
  -29.309     9.594     0.060     5.000         0
  -29.073     9.546     0.060     5.000         0
  -28.859     9.503     0.060     5.000         0
  -28.619     9.449     0.060     5.000         0
  -28.405     9.401     0.060     5.000         0
  -28.166     9.348     0.060     5.000         0
  -27.955     9.305     0.060     5.000         0
  -27.740     9.267     0.060     5.000         0
  -27.509     9.220     0.060     5.000         0
  -27.296     9.187     0.060     5.000         0
  -27.081     9.134     0.060     5.000         0
  -26.841     9.118     0.060     5.000         0
  -26.630     9.100     0.060     5.000         0
  -26.416     9.076     0.060     5.000         0
  -26.176     9.065     0.060     5.000         0
  -25.963     9.047     0.060     5.000         0
  -25.748     9.018     0.060     5.000         0
  -25.512     8.991     0.060     5.000         0
  -25.298     8.975     0.060     5.000         0
  -25.083     8.950     0.060     5.000         0
  -24.870     8.905     0.060     5.000         0
  -24.630     8.897     0.060     5.000         0
  -24.419     8.852     0.060     5.000         0
  -24.188     8.835     0.060     5.000         0
  -23.973     8.810     0.060     5.000         0
  -23.759     8.780     0.060     5.000         0
  -23.520     8.757     0.060     5.000         0
  -23.309     8.737     0.060     5.000         0
  -23.070     8.715     0.060     5.000         0
  -22.855     8.680     0.060     5.000         0
  -22.615     8.662     0.060     5.000         0
  -22.404     8.617     0.060     5.000         0
  -22.191     8.592     0.060     5.000         0
  -21.960     8.586     0.060     5.000         0
  -21.745     8.541     0.060     5.000         0
  -21.531     8.536     0.060     5.000         0
  -21.295     8.508     0.060     5.000         0
  -21.080     8.473     0.060     5.000         0
  -20.867     8.459     0.060     5.000         0
  -20.627     8.421     0.060     5.000         0
  -20.412     8.404     0.060     5.000         0
  -20.202     8.362     0.060     5.000         0
    0.000     0.000     0.000        -1
