    0.000     1.000     0.000         0
    0.846     3.560     0.060     1.000         0
    0.635     3.525     0.060     1.000         0
    0.402     3.476     0.060     1.000         0
    0.209     3.468     0.060     1.000         0
    0.123     3.460     0.060     1.000         0
    0.283     3.470     0.060     1.000         0
    0.492     3.481     0.060     1.000         0
    0.705     3.537     0.060     1.000         0
    0.919     3.572     0.060     1.000         0
    1.157     3.607     0.060     1.000         0
    1.369     3.642     0.060     1.000         0
    1.578     3.677     0.060     1.000         0
    1.817     3.721     0.060     1.000         0
    2.032     3.757     0.060     1.000         0
    2.241     3.772     0.060     1.000         0
    2.481     3.822     0.060     1.000         0
    2.694     3.888     0.060     1.000         0
    2.908     3.955     0.060     1.000         0
    3.123     4.028     0.060     1.000         0
    3.358     4.107     0.060     1.000         0
    3.573     4.184     0.060     1.000         0
    3.804     4.262     0.060     1.000         0
    4.017     4.349     0.060     1.000         0
    4.232     4.401     0.060     1.000         0
    4.446     4.483     0.060     1.000         0
    4.682     4.584     0.060     1.000         0
    4.896     4.685     0.060     1.000         0
    5.134     4.818     0.060     1.000         0
    5.349     4.919     0.060     1.000         0
    5.559     5.018     0.060     1.000         0
    5.774     5.099     0.060     1.000         0
    6.013     5.232     0.060     1.000         0
    6.228     5.314     0.060     1.000         0
    6.441     5.414     0.060     1.000         0
    6.656     5.531     0.060     1.000         0
    6.883     5.643     0.060     1.000         0
    7.097     5.729     0.060     1.000         0
    7.312     5.836     0.060     1.000         0
    7.550     5.954     0.060     1.000         0
    7.765     6.070     0.060     1.000         0
    8.189     6.132     0.060     3.000         0
    8.429     6.189     0.060     3.000         0
    8.644     6.231     0.060     3.000         0
    8.854     6.272     0.060     3.000         0
    9.092     6.319     0.060     3.000         0
    9.307     6.361     0.060     3.000         0
    9.521     6.402     0.060     3.000         0
    9.736     6.444     0.060     3.000         0
    9.972     6.491     0.060     3.000         0
   10.185     6.532     0.060     3.000         0
   10.399     6.564     0.060     3.000         0
   10.614     6.601     0.060     3.000         0
   10.845     6.641     0.060     3.000         0
   11.059     6.693     0.060     3.000         0
   11.270     6.734     0.060     3.000         0
   11.483     6.777     0.060     3.000         0
   11.723     6.815     0.060     3.000         0
   11.937     6.863     0.060     3.000         0
   12.152     6.891     0.060     3.000         0
   12.365     6.930     0.060     3.000         0
   12.575     6.978     0.060     3.000         0
   12.815     7.022     0.060     3.000         0
   13.029     7.061     0.060     3.000         0
   13.240     7.099     0.060     3.000         0
   13.454     7.139     0.060     3.000         0
   13.669     7.168     0.060     3.000         0
   13.882     7.209     0.060     3.000         0
   14.118     7.275     0.060     3.000         0
   14.332     7.307     0.060     3.000         0
   14.546     7.368     0.060     3.000         0
   14.761     7.415     0.060     3.000         0
   14.974     7.451     0.060     3.000         0
   15.184     7.484     0.060     3.000         0
   15.399     7.543     0.060     3.000         0
   15.630     7.596     0.060     3.000         0
   15.845     7.630     0.060     3.000         0
   16.059     7.684     0.060     3.000         0
   16.295     7.732     0.060     3.000         0
   16.508     7.761     0.060     3.000         0
   16.722     7.815     0.060     3.000         0
   16.937     7.864     0.060     3.000         0
   17.151     7.908     0.060     3.000         0
   17.387     7.956     0.060     3.000         0
   13.454     7.418     0.060     4.000         0
   13.669     7.452     0.060     4.000         0
   13.882     7.485     0.060     4.000         0
   14.118     7.522     0.060     4.000         0
   14.332     7.567     0.060     4.000         0
   14.546     7.581     0.060     4.000         0
   14.761     7.616     0.060     4.000         0
   14.974     7.655     0.060     4.000         0
   15.184     7.694     0.060     4.000         0
   15.399     7.724     0.060     4.000         0
   15.630     7.776     0.060     4.000         0
   15.845     7.811     0.060     4.000         0
   16.059     7.840     0.060     4.000         0
   16.295     7.878     0.060     4.000         0
   16.508     7.908     0.060     4.000         0
   16.722     7.962     0.060     4.000         0
   16.937     8.006     0.060     4.000         0
   17.151     8.049     0.060     4.000         0
   17.387     8.083     0.060     4.000         0
   17.600     8.126     0.060     4.000         0
   17.814     8.175     0.060     4.000         0
   18.029     8.216     0.060     4.000         0
   18.239     8.261     0.060     4.000         0
   18.479     8.302     0.060     4.000         0
   18.693     8.348     0.060     4.000         0
   18.907     8.384     0.060     4.000         0
   19.121     8.429     0.060     4.000         0
   19.331     8.464     0.060     4.000         0
   19.571     8.515     0.060     4.000         0
   19.786     8.551     0.060     4.000         0
   19.999     8.609     0.060     4.000         0
   20.230     8.661     0.060     4.000         0
   20.444     8.709     0.060     4.000         0
   20.655     8.736     0.060     4.000         0
   20.869     8.794     0.060     4.000         0
   21.109     8.847     0.060     4.000         0
   21.322     8.885     0.060     4.000         0
   21.536     8.943     0.060     4.000         0
   21.109     8.645     0.060     5.000         0
   21.322     8.656     0.060     5.000         0
   21.536     8.676     0.060     5.000         0
   21.772     8.719     0.060     5.000         0
   21.987     8.740     0.060     5.000         0
   22.201     8.761     0.060     5.000         0
   22.414     8.762     0.060     5.000         0
   22.625     8.782     0.060     5.000         0
   22.864     8.810     0.060     5.000         0
   23.079     8.826     0.060     5.000         0
   23.293     8.867     0.060     5.000         0
   23.504     8.887     0.060     5.000         0
   23.718     8.888     0.060     5.000         0
   23.931     8.929     0.060     5.000         0
   24.162     8.936     0.060     5.000         0
   24.373     8.962     0.060     5.000         0
   24.587     8.979     0.060     5.000         0
   24.827     9.014     0.060     5.000         0
   25.040     9.035     0.060     5.000         0
   25.254     9.062     0.060     5.000         0
   25.469     9.089     0.060     5.000         0
   25.704     9.118     0.060     5.000         0
   25.894     9.147     0.060     5.000         0
   26.108     9.169     0.060     5.000         0
   26.321     9.195     0.060     5.000         0
   26.532     9.232     0.060     5.000         0
    0.000    -1.000     0.000         0
   -7.197     5.647     0.060     1.000         0
   -6.986     5.566     0.060     1.000         0
   -6.771     5.473     0.060     1.000         0
   -6.557     5.366     0.060     1.000         0
   -6.321     5.259     0.060     1.000         0
   -6.106     5.176     0.060     1.000         0
   -5.893     5.073     0.060     1.000         0
   -5.679     5.001     0.060     1.000         0
   -5.465     4.893     0.060     1.000         0
   -5.228     4.796     0.060     1.000         0
   -5.014     4.703     0.060     1.000         0
   -4.801     4.637     0.060     1.000         0
   -4.587     4.555     0.060     1.000         0
   -4.373     4.463     0.060     1.000         0
   -4.161     4.407     0.060     1.000         0
   -3.922     4.321     0.060     1.000         0
   -3.708     4.244     0.060     1.000         0
   -3.495     4.168     0.060     1.000         0
   -3.255     4.082     0.060     1.000         0
   -3.044     4.006     0.060     1.000         0
   -2.830     3.909     0.060     1.000         0
   -2.599     3.836     0.060     1.000         0
   -2.386     3.814     0.060     1.000         0
   -2.172     3.766     0.060     1.000         0
   -1.935     3.725     0.060     1.000         0
   -1.722     3.692     0.060     1.000         0
   -1.508     3.679     0.060     1.000         0
   -1.296     3.626     0.060     1.000         0
   -1.058     3.590     0.060     1.000         0
  -12.080     6.907     0.060     2.000         0
  -11.865     6.868     0.060     2.000         0
  -11.651     6.810     0.060     2.000         0
  -11.440     6.761     0.060     2.000         0
  -11.226     6.708     0.060     2.000         0
  -11.013     6.664     0.060     2.000         0
  -10.798     6.615     0.060     2.000         0
  -10.584     6.561     0.060     2.000         0
  -10.373     6.518     0.060     2.000         0
  -10.159     6.474     0.060     2.000         0
   -9.945     6.430     0.060     2.000         0
   -9.731     6.382     0.060     2.000         0
   -9.545     6.339     0.060     2.000         0
   -9.331     6.270     0.060     2.000         0
   -9.117     6.222     0.060     2.000         0
   -8.906     6.173     0.060     2.000         0
   -8.691     6.144     0.060     2.000         0
   -8.478     6.096     0.060     2.000         0
   -8.264     6.037     0.060     2.000         0
   -8.050     5.977     0.060     2.000         0
   -7.839     5.889     0.060     2.000         0
   -7.624     5.839     0.060     2.000         0
   -7.411     5.750     0.060     2.000         0
  -20.427     8.378     0.060     3.000         0
  -20.213     8.335     0.060     3.000         0
  -19.974     8.309     0.060     3.000         0
  -19.763     8.272     0.060     3.000         0
  -19.549     8.235     0.060     3.000         0
  -19.309     8.193     0.060     3.000         0
  -19.091     8.155     0.060     3.000         0
  -18.880     8.109     0.060     3.000         0
  -18.667     8.066     0.060     3.000         0
  -18.456     8.045     0.060     3.000         0
  -18.242     7.998     0.060     3.000         0
  -18.002     7.966     0.060     3.000         0
  -17.788     7.928     0.060     3.000         0
  -17.577     7.892     0.060     3.000         0
  -17.363     7.855     0.060     3.000         0
  -17.149     7.817     0.060     3.000         0
  -16.935     7.780     0.060     3.000         0
  -16.720     7.743     0.060     3.000         0
  -16.509     7.706     0.060     3.000         0
  -16.270     7.664     0.060     3.000         0
  -16.056     7.607     0.060     3.000         0
  -15.842     7.570     0.060     3.000         0
  -15.631     7.553     0.060     3.000         0
  -15.417     7.496     0.060     3.000         0
  -15.202     7.478     0.060     3.000         0
  -14.991     7.432     0.060     3.000         0
  -14.775     7.408     0.060     3.000         0
  -14.564     7.375     0.060     3.000         0
  -14.349     7.341     0.060     3.000         0
  -14.160     7.301     0.060     3.000         0
  -13.946     7.257     0.060     3.000         0
  -13.735     7.244     0.060     3.000         0
  -13.522     7.195     0.060     3.000         0
  -13.307     7.172     0.060     3.000         0
  -13.122     7.138     0.060     3.000         0
  -12.907     7.099     0.060     3.000         0
  -12.691     7.070     0.060     3.000         0
  -12.480     7.014     0.060     3.000         0
  -21.297     8.679     0.060     4.000         0
  -21.084     8.648     0.060     4.000         0
  -20.873     8.609     0.060     4.000         0
  -20.642     8.565     0.060     4.000         0
  -20.427     8.524     0.060     4.000         0
  -20.213     8.464     0.060     4.000         0
  -19.974     8.419     0.060     4.000         0
  -19.763     8.379     0.060     4.000         0
  -19.549     8.349     0.060     4.000         0
  -19.309     8.303     0.060     4.000         0
  -19.091     8.271     0.060     4.000         0
  -18.880     8.240     0.060     4.000         0
  -18.667     8.228     0.060     4.000         0
  -18.456     8.197     0.060     4.000         0
  -18.242     8.155     0.060     4.000         0
  -18.002     8.098     0.060     4.000         0
  -17.788     8.057     0.060     4.000         0
  -17.577     8.035     0.060     4.000         0
  -17.363     7.989     0.060     4.000         0
  -17.149     7.952     0.060     4.000         0
  -16.935     7.910     0.060     4.000         0
  -16.720     7.868     0.060     4.000         0
  -16.509     7.817     0.060     4.000         0
  -16.270     7.789     0.060     4.000         0
  -16.056     7.755     0.060     4.000         0
  -15.842     7.721     0.060     4.000         0
  -15.631     7.687     0.060     4.000         0
  -15.417     7.638     0.060     4.000         0
  -15.202     7.599     0.060     4.000         0
  -14.991     7.585     0.060     4.000         0
  -14.775     7.531     0.060     4.000         0
  -14.564     7.512     0.060     4.000         0
  -14.349     7.463     0.060     4.000         0
  -14.160     7.443     0.060     4.000         0
  -39.279    10.876     0.060     5.000         0
  -39.064    10.851     0.060     5.000         0
  -38.824    10.796     0.060     5.000         0
  -38.611    10.757     0.060     5.000         0
  -38.371    10.717     0.060     5.000         0
  -38.160    10.703     0.060     5.000         0
  -37.946    10.648     0.060     5.000         0
  -37.714    10.610     0.060     5.000         0
  -37.501    10.575     0.060     5.000         0
  -37.287    10.560     0.060     5.000         0
  -37.047    10.516     0.060     5.000         0
  -36.836    10.477     0.060     5.000         0
  -36.621    10.431     0.060     5.000         0
  -36.382    10.402     0.060     5.000         0
  -36.168    10.383     0.060     5.000         0
  -35.954    10.373     0.060     5.000         0
  -35.718    10.352     0.060     5.000         0
  -35.503    10.332     0.060     5.000         0
  -35.289    10.302     0.060     5.000         0
  -35.075    10.288     0.060     5.000         0
  -34.836    10.261     0.060     5.000         0
  -34.625    10.231     0.060     5.000         0
  -34.393    10.225     0.060     5.000         0
  -34.179    10.206     0.060     5.000         0
  -33.964    10.181     0.060     5.000         0
  -33.726    10.150     0.060     5.000         0
  -33.515    10.141     0.060     5.000         0
  -33.275    10.095     0.060     5.000         0
  -33.061    10.071     0.060     5.000         0
  -32.821    10.064     0.060     5.000         0
  -32.610    10.021     0.060     5.000         0
  -32.397    10.017     0.060     5.000         0
  -32.165     9.972     0.060     5.000         0
  -31.951     9.968     0.060     5.000         0
  -31.736     9.944     0.060     5.000         0
  -31.500     9.918     0.060     5.000         0
  -31.286     9.889     0.060     5.000         0
  -31.072     9.871     0.060     5.000         0
  -30.832     9.844     0.060     5.000         0
  -30.618     9.820     0.060     5.000         0
  -30.407     9.787     0.060     5.000         0
  -30.167     9.768     0.060     5.000         0
  -29.954     9.728     0.060     5.000         0
  -29.714     9.705     0.060     5.000         0
  -29.500     9.689     0.060     5.000         0
  -29.268     9.657     0.060     5.000         0
  -29.058     9.617     0.060     5.000         0
  -28.843     9.592     0.060     5.000         0
  -28.605     9.573     0.060     5.000         0
  -28.390     9.538     0.060     5.000         0
  -28.179     9.518     0.060     5.000         0
  -27.965     9.508     0.060     5.000         0
  -27.725     9.479     0.060     5.000         0
  -27.512     9.454     0.060     5.000         0
  -27.297     9.418     0.060     5.000         0
  -27.057     9.394     0.060     5.000         0
  -26.847     9.344     0.060     5.000         0
  -26.632     9.333     0.060     5.000         0
  -26.401     9.300     0.060     5.000         0
  -26.187     9.269     0.060     5.000         0
  -25.977     9.229     0.060     5.000         0
  -25.737     9.205     0.060     5.000         0
  -25.522     9.174     0.060     5.000         0
  -25.308     9.124     0.060     5.000         0
  -25.072     9.100     0.060     5.000         0
  -24.859     9.071     0.060     5.000         0
  -24.619     9.027     0.060     5.000         0
  -24.404     8.978     0.060     5.000         0
  -24.190     8.928     0.060     5.000         0
  -23.954     8.890     0.060     5.000         0
  -23.739     8.846     0.060     5.000         0
  -23.526     8.807     0.060     5.000         0
  -23.295     8.770     0.060     5.000         0
  -23.080     8.725     0.060     5.000         0
  -22.866     8.696     0.060     5.000         0
  -22.630     8.653     0.060     5.000         0
  -22.416     8.622     0.060     5.000         0
  -22.202     8.622     0.060     5.000         0
  -21.962     8.594     0.060     5.000         0
  -21.751     8.563     0.060     5.000         0
  -21.537     8.548     0.060     5.000         0
  -21.297     8.530     0.060     5.000         0
  -21.084     8.514     0.060     5.000         0
  -20.873     8.484     0.060     5.000         0
    0.000     0.000     0.000        -1
