    0.000     1.000     0.000         0
    0.846     3.560     0.060     1.000         0
    0.635     3.525     0.060     1.000         0
    0.402     3.476     0.060     1.000         0
    0.209     3.468     0.060     1.000         0
    0.123     3.460     0.060     1.000         0
    0.283     3.470     0.060     1.000         0
    0.492     3.481     0.060     1.000         0
    0.705     3.537     0.060     1.000         0
    0.919     3.572     0.060     1.000         0
    1.157     3.607     0.060     1.000         0
    1.369     3.642     0.060     1.000         0
    1.578     3.677     0.060     1.000         0
    1.817     3.721     0.060     1.000         0
    2.032     3.757     0.060     1.000         0
    2.241     3.772     0.060     1.000         0
    2.481     3.822     0.060     1.000         0
    2.694     3.888     0.060     1.000         0
    2.908     3.955     0.060     1.000         0
    3.123     4.028     0.060     1.000         0
    3.358     4.107     0.060     1.000         0
    3.573     4.184     0.060     1.000         0
    3.804     4.262     0.060     1.000         0
    4.017     4.349     0.060     1.000         0
    4.232     4.401     0.060     1.000         0
    4.446     4.483     0.060     1.000         0
    4.682     4.584     0.060     1.000         0
    4.896     4.685     0.060     1.000         0
    5.134     4.818     0.060     1.000         0
    5.349     4.919     0.060     1.000         0
    5.559     5.018     0.060     1.000         0
    5.774     5.099     0.060     1.000         0
    6.013     5.232     0.060     1.000         0
    6.228     5.314     0.060     1.000         0
    6.441     5.414     0.060     1.000         0
    6.656     5.531     0.060     1.000         0
    6.883     5.643     0.060     1.000         0
    7.097     5.729     0.060     1.000         0
    7.312     5.836     0.060     1.000         0
    7.550     5.954     0.060     1.000         0
    7.765     6.070     0.060     1.000         0
    8.189     6.132     0.060     3.000         0
    8.429     6.189     0.060     3.000         0
    8.644     6.231     0.060     3.000         0
    8.854     6.272     0.060     3.000         0
    9.092     6.319     0.060     3.000         0
    9.307     6.361     0.060     3.000         0
    9.521     6.402     0.060     3.000         0
    9.736     6.444     0.060     3.000         0
    9.972     6.491     0.060     3.000         0
   10.185     6.532     0.060     3.000         0
   10.399     6.564     0.060     3.000         0
   10.614     6.601     0.060     3.000         0
   10.845     6.641     0.060     3.000         0
   11.059     6.693     0.060     3.000         0
   11.270     6.734     0.060     3.000         0
   11.483     6.777     0.060     3.000         0
   11.723     6.815     0.060     3.000         0
   11.937     6.863     0.060     3.000         0
   12.152     6.891     0.060     3.000         0
   12.365     6.930     0.060     3.000         0
   12.575     6.978     0.060     3.000         0
   12.815     7.022     0.060     3.000         0
   13.029     7.061     0.060     3.000         0
   13.240     7.099     0.060     3.000         0
   13.454     7.139     0.060     3.000         0
   13.669     7.168     0.060     3.000         0
   13.882     7.209     0.060     3.000         0
   14.118     7.275     0.060     3.000         0
   14.332     7.307     0.060     3.000         0
   14.546     7.368     0.060     3.000         0
   14.761     7.415     0.060     3.000         0
   14.974     7.451     0.060     3.000         0
   15.184     7.484     0.060     3.000         0
   15.399     7.543     0.060     3.000         0
   15.630     7.596     0.060     3.000         0
   15.845     7.630     0.060     3.000         0
   16.059     7.684     0.060     3.000         0
   16.295     7.732     0.060     3.000         0
   16.508     7.761     0.060     3.000         0
   16.722     7.815     0.060     3.000         0
   16.937     7.864     0.060     3.000         0
   17.151     7.908     0.060     3.000         0
   17.387     7.956     0.060     3.000         0
   13.454     7.418     0.060     4.000         0
   13.669     7.452     0.060     4.000         0
   13.882     7.485     0.060     4.000         0
   14.118     7.522     0.060     4.000         0
   14.332     7.567     0.060     4.000         0
   14.546     7.581     0.060     4.000         0
   14.761     7.616     0.060     4.000         0
   14.974     7.655     0.060     4.000         0
   15.184     7.694     0.060     4.000         0
   15.399     7.724     0.060     4.000         0
   15.630     7.776     0.060     4.000         0
   15.845     7.811     0.060     4.000         0
   16.059     7.840     0.060     4.000         0
   16.295     7.878     0.060     4.000         0
   16.508     7.908     0.060     4.000         0
   16.722     7.962     0.060     4.000         0
   16.937     8.006     0.060     4.000         0
   17.151     8.049     0.060     4.000         0
   17.387     8.083     0.060     4.000         0
   17.600     8.126     0.060     4.000         0
   17.814     8.175     0.060     4.000         0
   18.029     8.216     0.060     4.000         0
   18.239     8.261     0.060     4.000         0
   18.479     8.302     0.060     4.000         0
   18.693     8.348     0.060     4.000         0
   18.907     8.384     0.060     4.000         0
   19.121     8.429     0.060     4.000         0
   19.331     8.464     0.060     4.000         0
   19.571     8.515     0.060     4.000         0
   19.786     8.551     0.060     4.000         0
   19.999     8.609     0.060     4.000         0
   20.230     8.661     0.060     4.000         0
   20.444     8.709     0.060     4.000         0
   20.655     8.736     0.060     4.000         0
   20.869     8.794     0.060     4.000         0
   21.109     8.847     0.060     4.000         0
   21.322     8.885     0.060     4.000         0
   21.536     8.943     0.060     4.000         0
   21.772     8.846     0.060     5.000         0
   21.987     8.869     0.060     5.000         0
   22.201     8.912     0.060     5.000         0
   22.414     8.935     0.060     5.000         0
   22.625     8.948     0.060     5.000         0
   22.864     8.979     0.060     5.000         0
   23.079     9.017     0.060     5.000         0
   23.293     9.035     0.060     5.000         0
   23.504     9.062     0.060     5.000         0
   23.718     9.080     0.060     5.000         0
   23.931     9.093     0.060     5.000         0
   24.162     9.113     0.060     5.000         0
   24.373     9.136     0.060     5.000         0
   24.587     9.179     0.060     5.000         0
   24.827     9.195     0.060     5.000         0
   25.040     9.208     0.060     5.000         0
   25.254     9.251     0.060     5.000         0
   25.469     9.264     0.060     5.000         0
   25.704     9.302     0.060     5.000         0
   25.894     9.306     0.060     5.000         0
   26.108     9.342     0.060     5.000         0
   26.321     9.358     0.060     5.000         0
   26.532     9.393     0.060     5.000         0
   26.746     9.409     0.060     5.000         0
   26.960     9.456     0.060     5.000         0
   27.171     9.476     0.060     5.000         0
   27.385     9.502     0.060     5.000         0
   27.598     9.518     0.060     5.000         0
   27.838     9.543     0.060     5.000         0
   28.052     9.589     0.060     5.000         0
   28.267     9.595     0.060     5.000         0
   28.477     9.640     0.060     5.000         0
   28.691     9.652     0.060     5.000         0
   28.905     9.683     0.060     5.000         0
   29.119     9.718     0.060     5.000         0
   29.329     9.723     0.060     5.000         0
   29.544     9.769     0.060     5.000         0
   29.758     9.779     0.060     5.000         0
   29.971     9.800     0.060     5.000         0
   30.186     9.825     0.060     5.000         0
   30.396     9.860     0.060     5.000         0
   30.585     9.893     0.060     5.000         0
   30.800     9.908     0.060     5.000         0
   31.014     9.924     0.060     5.000         0
   31.224     9.959     0.060     5.000         0
   31.438     9.979     0.060     5.000         0
   31.677    10.023     0.060     5.000         0
   31.888    10.028     0.060     5.000         0
   32.102    10.054     0.060     5.000         0
   32.316    10.079     0.060     5.000         0
   32.529    10.124     0.060     5.000         0
   32.740    10.140     0.060     5.000         0
   32.954    10.165     0.060     5.000         0
   33.169    10.201     0.060     5.000         0
   33.383    10.226     0.060     5.000         0
   33.597    10.237     0.060     5.000         0
   33.810    10.257     0.060     5.000         0
   34.021    10.297     0.060     5.000         0
   34.235    10.323     0.060     5.000         0
   34.450    10.348     0.060     5.000         0
   34.660    10.358     0.060     5.000         0
   34.875    10.384     0.060     5.000         0
   35.113    10.432     0.060     5.000         0
   35.327    10.458     0.060     5.000         0
   35.542    10.483     0.060     5.000         0
   35.752    10.508     0.060     5.000         0
   35.966    10.514     0.060     5.000         0
   36.181    10.549     0.060     5.000         0
   36.394    10.561     0.060     5.000         0
   36.608    10.602     0.060     5.000         0
   36.848    10.607     0.060     5.000         0
   37.058    10.648     0.060     5.000         0
   37.273    10.654     0.060     5.000         0
   37.486    10.691     0.060     5.000         0
   37.713    10.714     0.060     5.000         0
   37.927    10.735     0.060     5.000         0
   38.142    10.757     0.060     5.000         0
   38.356    10.763     0.060     5.000         0
   38.570    10.800     0.060     5.000         0
   38.781    10.806     0.060     5.000         0
   38.994    10.822     0.060     5.000         0
   39.233    10.846     0.060     5.000         0
   39.448    10.888     0.060     5.000         0
   39.658    10.909     0.060     5.000         0
   39.873    10.931     0.060     5.000         0
   40.086    10.942     0.060     5.000         0
   40.325    10.976     0.060     5.000         0
   40.540    10.988     0.060     5.000         0
   40.750    11.009     0.060     5.000         0
   40.964    11.040     0.060     5.000         0
   41.204    11.096     0.060     5.000         0
   41.417    11.112     0.060     5.000         0
   41.628    11.138     0.060     5.000         0
   41.842    11.175     0.060     5.000         0
   42.056    11.207     0.060     5.000         0
   42.287    11.241     0.060     5.000         0
   42.500    11.267     0.060     5.000         0
   42.711    11.298     0.060     5.000         0
   42.925    11.330     0.060     5.000         0
   43.165    11.375     0.060     5.000         0
   43.379    11.412     0.060     5.000         0
   43.593    11.449     0.060     5.000         0
   43.832    11.474     0.060     5.000         0
   44.042    11.517     0.060     5.000         0
   44.282    11.539     0.060     5.000         0
   44.496    11.568     0.060     5.000         0
   44.710    11.617     0.060     5.000         0
   44.949    11.659     0.060     5.000         0
   45.159    11.692     0.060     5.000         0
   45.390    11.728     0.060     5.000         0
   45.605    11.742     0.060     5.000         0
   45.844    11.789     0.060     5.000         0
   46.058    11.822     0.060     5.000         0
   46.294    11.846     0.060     5.000         0
   46.507    11.869     0.060     5.000         0
   46.747    11.874     0.060     5.000         0
   46.961    11.911     0.060     5.000         0
   47.192    11.920     0.060     5.000         0
   47.405    11.952     0.060     5.000         0
   47.645    11.987     0.060     5.000         0
   47.855    11.999     0.060     5.000         0
   48.095    12.029     0.060     5.000         0
   48.309    12.037     0.060     5.000         0
   48.549    12.082     0.060     5.000         0
   48.784    12.106     0.060     5.000         0
   48.997    12.129     0.060     5.000         0
   49.229    12.148     0.060     5.000         0
   49.443    12.165     0.060     5.000         0
   49.682    12.200     0.060     5.000         0
   49.895    12.222     0.060     5.000         0
   50.135    12.228     0.060     5.000         0
   50.345    12.269     0.060     5.000         0
   50.585    12.295     0.060     5.000         0
   50.816    12.319     0.060     5.000         0
   51.030    12.331     0.060     5.000         0
   51.269    12.369     0.060     5.000         0
   56.036    12.925     0.060     5.000         0
   56.249    12.956     0.060     5.000         0
   56.476    12.983     0.060     5.000         0
   56.690    12.989     0.060     5.000         0
   56.930    13.018     0.060     5.000         0
   57.144    13.064     0.060     5.000         0
   57.382    13.073     0.060     5.000         0
   57.618    13.112     0.060     5.000         0
   57.832    13.128     0.060     5.000         0
   58.063    13.156     0.060     5.000         0
   58.278    13.192     0.060     5.000         0
   58.517    13.211     0.060     5.000         0
   58.728    13.237     0.060     5.000         0
   58.966    13.266     0.060     5.000         0
   59.180    13.292     0.060     5.000         0
   59.420    13.321     0.060     5.000         0
   59.634    13.367     0.060     5.000         0
   59.872    13.396     0.060     5.000         0
   60.083    13.401     0.060     5.000         0
   60.314    13.449     0.060     5.000         0
   60.528    13.465     0.060     5.000         0
   60.767    13.494     0.060     5.000         0
   60.982    13.530     0.060     5.000         0
   61.217    13.539     0.060     5.000         0
   61.430    13.570     0.060     5.000         0
   61.645    13.601     0.060     5.000         0
   61.884    13.620     0.060     5.000         0
   62.098    13.656     0.060     5.000         0
   62.309    13.671     0.060     5.000         0
   62.539    13.719     0.060     5.000         0
   62.753    13.745     0.060     5.000         0
   62.967    13.751     0.060     5.000         0
   63.207    13.800     0.060     5.000         0
   63.417    13.826     0.060     5.000         0
   63.631    13.832     0.060     5.000         0
   63.870    13.881     0.060     5.000         0
   64.084    13.907     0.060     5.000         0
   64.298    13.913     0.060     5.000         0
   64.534    13.942     0.060     5.000         0
   64.748    13.968     0.060     5.000         0
   64.986    14.006     0.060     5.000         0
   65.200    14.022     0.060     5.000         0
   65.415    14.049     0.060     5.000         0
   65.642    14.081     0.060     5.000         0
   65.856    14.107     0.060     5.000         0
   66.070    14.143     0.060     5.000         0
   66.309    14.157     0.060     5.000         0
   66.523    14.193     0.060     5.000         0
   66.788    14.216     0.060     5.000         0
   66.973    14.249     0.060     5.000         0
   67.212    14.289     0.060     5.000         0
   67.425    14.306     0.060     5.000         0
   67.636    14.337     0.060     5.000         0
   67.867    14.351     0.060     5.000         0
   68.081    14.398     0.060     5.000         0
   68.295    14.425     0.060     5.000         0
   68.535    14.450     0.060     5.000         0
   68.748    14.481     0.060     5.000         0
   68.983    14.496     0.060     5.000         0
   69.198    14.527     0.060     5.000         0
    0.000    -1.000     0.000         0
   -7.197     5.647     0.060     1.000         0
   -6.986     5.566     0.060     1.000         0
   -6.771     5.473     0.060     1.000         0
   -6.557     5.366     0.060     1.000         0
   -6.321     5.259     0.060     1.000         0
   -6.106     5.176     0.060     1.000         0
   -5.893     5.073     0.060     1.000         0
   -5.679     5.001     0.060     1.000         0
   -5.465     4.893     0.060     1.000         0
   -5.228     4.796     0.060     1.000         0
   -5.014     4.703     0.060     1.000         0
   -4.801     4.637     0.060     1.000         0
   -4.587     4.555     0.060     1.000         0
   -4.373     4.463     0.060     1.000         0
   -4.161     4.407     0.060     1.000         0
   -3.922     4.321     0.060     1.000         0
   -3.708     4.244     0.060     1.000         0
   -3.495     4.168     0.060     1.000         0
   -3.255     4.082     0.060     1.000         0
   -3.044     4.006     0.060     1.000         0
   -2.830     3.909     0.060     1.000         0
   -2.599     3.836     0.060     1.000         0
   -2.386     3.814     0.060     1.000         0
   -2.172     3.766     0.060     1.000         0
   -1.935     3.725     0.060     1.000         0
   -1.722     3.692     0.060     1.000         0
   -1.508     3.679     0.060     1.000         0
   -1.296     3.626     0.060     1.000         0
   -1.058     3.590     0.060     1.000         0
  -12.080     6.907     0.060     2.000         0
  -11.865     6.868     0.060     2.000         0
  -11.651     6.810     0.060     2.000         0
  -11.440     6.761     0.060     2.000         0
  -11.226     6.708     0.060     2.000         0
  -11.013     6.664     0.060     2.000         0
  -10.798     6.615     0.060     2.000         0
  -10.584     6.561     0.060     2.000         0
  -10.373     6.518     0.060     2.000         0
  -10.159     6.474     0.060     2.000         0
   -9.945     6.430     0.060     2.000         0
   -9.731     6.382     0.060     2.000         0
   -9.545     6.339     0.060     2.000         0
   -9.331     6.270     0.060     2.000         0
   -9.117     6.222     0.060     2.000         0
   -8.906     6.173     0.060     2.000         0
   -8.691     6.144     0.060     2.000         0
   -8.478     6.096     0.060     2.000         0
   -8.264     6.037     0.060     2.000         0
   -8.050     5.977     0.060     2.000         0
   -7.839     5.889     0.060     2.000         0
   -7.624     5.839     0.060     2.000         0
   -7.411     5.750     0.060     2.000         0
  -20.427     8.378     0.060     3.000         0
  -20.213     8.335     0.060     3.000         0
  -19.974     8.309     0.060     3.000         0
  -19.763     8.272     0.060     3.000         0
  -19.549     8.235     0.060     3.000         0
  -19.309     8.193     0.060     3.000         0
  -19.091     8.155     0.060     3.000         0
  -18.880     8.109     0.060     3.000         0
  -18.667     8.066     0.060     3.000         0
  -18.456     8.045     0.060     3.000         0
  -18.242     7.998     0.060     3.000         0
  -18.002     7.966     0.060     3.000         0
  -17.788     7.928     0.060     3.000         0
  -17.577     7.892     0.060     3.000         0
  -17.363     7.855     0.060     3.000         0
  -17.149     7.817     0.060     3.000         0
  -16.935     7.780     0.060     3.000         0
  -16.720     7.743     0.060     3.000         0
  -16.509     7.706     0.060     3.000         0
  -16.270     7.664     0.060     3.000         0
  -16.056     7.607     0.060     3.000         0
  -15.842     7.570     0.060     3.000         0
  -15.631     7.553     0.060     3.000         0
  -15.417     7.496     0.060     3.000         0
  -15.202     7.478     0.060     3.000         0
  -14.991     7.432     0.060     3.000         0
  -14.775     7.408     0.060     3.000         0
  -14.564     7.375     0.060     3.000         0
  -14.349     7.341     0.060     3.000         0
  -14.160     7.301     0.060     3.000         0
  -13.946     7.257     0.060     3.000         0
  -13.735     7.244     0.060     3.000         0
  -13.522     7.195     0.060     3.000         0
  -13.307     7.172     0.060     3.000         0
  -13.122     7.138     0.060     3.000         0
  -12.907     7.099     0.060     3.000         0
  -12.691     7.070     0.060     3.000         0
  -12.480     7.014     0.060     3.000         0
  -21.297     8.616     0.060     4.000         0
  -21.084     8.590     0.060     4.000         0
  -20.873     8.554     0.060     4.000         0
  -20.642     8.510     0.060     4.000         0
  -20.427     8.459     0.060     4.000         0
  -20.213     8.422     0.060     4.000         0
  -19.974     8.382     0.060     4.000         0
  -19.763     8.346     0.060     4.000         0
  -19.549     8.320     0.060     4.000         0
  -19.309     8.270     0.060     4.000         0
  -19.091     8.234     0.060     4.000         0
  -18.880     8.199     0.060     4.000         0
  -18.667     8.163     0.060     4.000         0
  -18.456     8.133     0.060     4.000         0
  -18.242     8.108     0.060     4.000         0
  -18.002     8.058     0.060     4.000         0
  -17.788     8.017     0.060     4.000         0
  -17.577     7.982     0.060     4.000         0
  -17.363     7.946     0.060     4.000         0
  -17.149     7.911     0.060     4.000         0
  -16.935     7.885     0.060     4.000         0
  -16.720     7.839     0.060     4.000         0
  -16.509     7.803     0.060     4.000         0
  -16.270     7.782     0.060     4.000         0
  -16.056     7.746     0.060     4.000         0
  -15.842     7.704     0.060     4.000         0
  -15.631     7.653     0.060     4.000         0
  -15.417     7.617     0.060     4.000         0
  -15.202     7.580     0.060     4.000         0
  -14.991     7.555     0.060     4.000         0
  -14.775     7.509     0.060     4.000         0
  -14.564     7.475     0.060     4.000         0
  -14.349     7.440     0.060     4.000         0
  -14.160     7.419     0.060     4.000         0
  -13.946     7.374     0.060     4.000         0
  -13.735     7.340     0.060     4.000         0
  -13.522     7.325     0.060     4.000         0
  -13.307     7.270     0.060     4.000         0
  -13.122     7.240     0.060     4.000         0
  -12.907     7.205     0.060     4.000         0
  -12.691     7.179     0.060     4.000         0
  -59.132    13.749     0.060     5.000         0
  -58.918    13.732     0.060     5.000         0
  -58.679    13.712     0.060     5.000         0
  -58.464    13.690     0.060     5.000         0
  -58.250    13.647     0.060     5.000         0
  -58.014    13.643     0.060     5.000         0
  -57.799    13.601     0.060     5.000         0
  -57.569    13.577     0.060     5.000         0
  -57.358    13.565     0.060     5.000         0
  -57.143    13.543     0.060     5.000         0
  -56.929    13.529     0.060     5.000         0
  -56.689    13.492     0.060     5.000         0
  -56.474    13.473     0.060     5.000         0
  -56.263    13.449     0.060     5.000         0
  -56.025    13.413     0.060     5.000         0
  -55.810    13.394     0.060     5.000         0
  -55.596    13.380     0.060     5.000         0
  -55.381    13.336     0.060     5.000         0
  -55.142    13.314     0.060     5.000         0
  -54.928    13.300     0.060     5.000         0
  -54.717    13.272     0.060     5.000         0
  -54.477    13.220     0.060     5.000         0
  -54.262    13.183     0.060     5.000         0
  -54.048    13.146     0.060     5.000         0
  -53.820    13.106     0.060     5.000         0
  -53.607    13.070     0.060     5.000         0
  -53.367    13.048     0.060     5.000         0
  -53.152    13.011     0.060     5.000         0
  -52.938    12.959     0.060     5.000         0
  -52.699    12.913     0.060     5.000         0
  -52.488    12.886     0.060     5.000         0
  -52.248    12.838     0.060     5.000         0
  -52.034    12.825     0.060     5.000         0
  -51.802    12.788     0.060     5.000         0
  -51.591    12.745     0.060     5.000         0
  -51.351    12.697     0.060     5.000         0
  -51.138    12.683     0.060     5.000         0
  -50.898    12.625     0.060     5.000         0
  -50.684    12.592     0.060     5.000         0
  -50.447    12.554     0.060     5.000         0
  -50.233    12.520     0.060     5.000         0
  -49.994    12.503     0.060     5.000         0
  -49.780    12.454     0.060     5.000         0
  -49.565    12.425     0.060     5.000         0
  -49.337    12.395     0.060     5.000         0
  -49.123    12.376     0.060     5.000         0
  -48.908    12.358     0.060     5.000         0
  -48.695    12.349     0.060     5.000         0
  -48.459    12.334     0.060     5.000         0
  -48.244    12.305     0.060     5.000         0
  -48.004    12.279     0.060     5.000         0
  -47.790    12.280     0.060     5.000         0
  -47.576    12.242     0.060     5.000         0
  -47.362    12.243     0.060     5.000         0
  -47.126    12.208     0.060     5.000         0
  -46.911    12.204     0.060     5.000         0
  -46.680    12.164     0.060     5.000         0
  -46.469    12.145     0.060     5.000         0
  -46.229    12.144     0.060     5.000         0
  -46.016    12.121     0.060     5.000         0
  -45.801    12.107     0.060     5.000         0
  -45.561    12.081     0.060     5.000         0
  -45.347    12.058     0.060     5.000         0
  -45.111    12.008     0.060     5.000         0
  -44.872    11.968     0.060     5.000         0
  -44.657    11.931     0.060     5.000         0
  -44.426    11.893     0.060     5.000         0
  -44.211    11.876     0.060     5.000         0
  -43.997    11.820     0.060     5.000         0
  -43.761    11.786     0.060     5.000         0
  -43.547    11.755     0.060     5.000         0
  -43.308    11.714     0.060     5.000         0
  -43.093    11.688     0.060     5.000         0
  -42.853    11.648     0.060     5.000         0
  -42.642    11.602     0.060     5.000         0
  -42.412    11.559     0.060     5.000         0
  -42.198    11.528     0.060     5.000         0
  -41.958    11.514     0.060     5.000         0
  -41.747    11.483     0.060     5.000         0
  -41.532    11.452     0.060     5.000         0
  -41.292    11.403     0.060     5.000         0
  -41.079    11.387     0.060     5.000         0
  -40.839    11.353     0.060     5.000         0
  -40.628    11.317     0.060     5.000         0
  -40.389    11.278     0.060     5.000         0
  -40.174    11.249     0.060     5.000         0
  -39.961    11.200     0.060     5.000         0
  -39.729    11.168     0.060     5.000         0
  -39.515    11.129     0.060     5.000         0
  -39.279    11.086     0.060     5.000         0
  -39.064    11.046     0.060     5.000         0
  -38.824    11.003     0.060     5.000         0
  -38.611    10.944     0.060     5.000         0
  -38.371    10.900     0.060     5.000         0
  -38.160    10.881     0.060     5.000         0
  -37.946    10.837     0.060     5.000         0
  -37.714    10.800     0.060     5.000         0
  -37.501    10.746     0.060     5.000         0
  -37.287    10.702     0.060     5.000         0
  -37.047    10.668     0.060     5.000         0
  -36.836    10.648     0.060     5.000         0
  -36.621    10.598     0.060     5.000         0
  -36.382    10.564     0.060     5.000         0
  -36.168    10.533     0.060     5.000         0
  -35.954    10.503     0.060     5.000         0
  -35.718    10.474     0.060     5.000         0
  -35.503    10.439     0.060     5.000         0
  -35.289    10.413     0.060     5.000         0
  -35.075    10.378     0.060     5.000         0
  -34.836    10.344     0.060     5.000         0
  -34.625    10.334     0.060     5.000         0
  -34.393    10.281     0.060     5.000         0
  -34.179    10.250     0.060     5.000         0
  -33.964    10.230     0.060     5.000         0
  -33.726    10.198     0.060     5.000         0
  -33.515    10.184     0.060     5.000         0
  -33.275    10.167     0.060     5.000         0
  -33.061    10.138     0.060     5.000         0
  -32.821    10.136     0.060     5.000         0
  -32.610    10.102     0.060     5.000         0
  -32.397    10.077     0.060     5.000         0
  -32.165    10.056     0.060     5.000         0
  -31.951    10.047     0.060     5.000         0
  -31.736    10.027     0.060     5.000         0
  -31.500     9.996     0.060     5.000         0
  -31.286     9.996     0.060     5.000         0
  -31.072     9.957     0.060     5.000         0
  -30.832     9.945     0.060     5.000         0
  -30.618     9.923     0.060     5.000         0
  -30.407     9.882     0.060     5.000         0
  -30.167     9.852     0.060     5.000         0
  -29.954     9.835     0.060     5.000         0
  -29.714     9.795     0.060     5.000         0
  -29.500     9.778     0.060     5.000         0
  -29.268     9.743     0.060     5.000         0
  -29.058     9.715     0.060     5.000         0
  -28.843     9.687     0.060     5.000         0
  -28.605     9.631     0.060     5.000         0
  -28.390     9.617     0.060     5.000         0
  -28.179     9.565     0.060     5.000         0
  -27.965     9.532     0.060     5.000         0
  -27.725     9.495     0.060     5.000         0
  -27.512     9.477     0.060     5.000         0
  -27.297     9.429     0.060     5.000         0
  -27.057     9.397     0.060     5.000         0
  -26.847     9.375     0.060     5.000         0
  -26.632     9.337     0.060     5.000         0
  -26.401     9.306     0.060     5.000         0
  -26.187     9.268     0.060     5.000         0
  -25.977     9.226     0.060     5.000         0
  -25.737     9.177     0.060     5.000         0
  -25.522     9.159     0.060     5.000         0
  -25.308     9.115     0.060     5.000         0
  -25.072     9.058     0.060     5.000         0
  -24.859     9.020     0.060     5.000         0
  -24.619     8.977     0.060     5.000         0
  -24.404     8.958     0.060     5.000         0
  -24.190     8.900     0.060     5.000         0
  -23.954     8.867     0.060     5.000         0
  -23.739     8.829     0.060     5.000         0
  -23.526     8.785     0.060     5.000         0
  -23.295     8.739     0.060     5.000         0
  -23.080     8.700     0.060     5.000         0
  -22.866     8.672     0.060     5.000         0
  -22.630     8.662     0.060     5.000         0
  -22.416     8.644     0.060     5.000         0
  -22.202     8.606     0.060     5.000         0
  -21.962     8.606     0.060     5.000         0
  -21.751     8.573     0.060     5.000         0
  -21.537     8.550     0.060     5.000         0
  -21.297     8.540     0.060     5.000         0
  -21.084     8.524     0.060     5.000         0
  -20.873     8.484     0.060     5.000         0
    0.000     0.000     0.000        -1
