    0.000     1.000     0.000         0
    1.661     3.687     0.060     1.000         0
    1.449     3.648     0.060     1.000         0
    1.212     3.604     0.060     1.000         0
    1.001     3.565     0.060     1.000         0
    0.792     3.537     0.060     1.000         0
    0.588     3.524     0.060     1.000         0
    0.360     3.478     0.060     1.000         0
    0.193     3.468     0.060     1.000         0
    0.198     3.469     0.060     1.000         0
    0.365     3.478     0.060     1.000         0
    0.581     3.523     0.060     1.000         0
    0.789     3.542     0.060     1.000         0
    0.990     3.568     0.060     1.000         0
    1.200     3.602     0.060     1.000         0
    1.439     3.646     0.060     1.000         0
    1.653     3.685     0.060     1.000         0
    1.867     3.730     0.060     1.000         0
    2.079     3.773     0.060     1.000         0
    2.287     3.843     0.060     1.000         0
    2.527     3.897     0.060     1.000         0
    2.741     3.959     0.060     1.000         0
    2.950     4.029     0.060     1.000         0
    3.164     4.095     0.060     1.000         0
    3.379     4.157     0.060     1.000         0
    3.592     4.198     0.060     1.000         0
    3.826     4.275     0.060     1.000         0
    4.041     4.367     0.060     1.000         0
    4.255     4.488     0.060     1.000         0
    4.470     4.590     0.060     1.000         0
    4.683     4.690     0.060     1.000         0
    4.893     4.784     0.060     1.000         0
    5.107     4.886     0.060     1.000         0
    5.339     4.985     0.060     1.000         0
    5.553     5.091     0.060     1.000         0
    5.768     5.198     0.060     1.000         0
    6.003     5.304     0.060     1.000         0
    6.216     5.405     0.060     1.000         0
    6.430     5.502     0.060     1.000         0
    6.645     5.570     0.060     1.000         0
    6.859     5.672     0.060     1.000         0
    7.095     5.773     0.060     1.000         0
    7.308     5.850     0.060     1.000         0
    7.737     6.034     0.060     3.000         0
    7.947     6.086     0.060     3.000         0
    8.186     6.146     0.060     3.000         0
    8.401     6.205     0.060     3.000         0
    8.614     6.258     0.060     3.000         0
    8.828     6.307     0.060     3.000         0
    9.039     6.364     0.060     3.000         0
    9.278     6.424     0.060     3.000         0
    9.493     6.478     0.060     3.000         0
    9.706     6.526     0.060     3.000         0
    9.937     6.589     0.060     3.000         0
   10.152     6.638     0.060     3.000         0
   10.362     6.695     0.060     3.000         0
   10.576     6.759     0.060     3.000         0
   10.816     6.814     0.060     3.000         0
   11.029     6.867     0.060     3.000         0
   11.244     6.921     0.060     3.000         0
   11.479     6.960     0.060     3.000         0
   11.694     7.024     0.060     3.000         0
   11.908     7.069     0.060     3.000         0
   12.121     7.113     0.060     3.000         0
   12.331     7.156     0.060     3.000         0
   12.571     7.201     0.060     3.000         0
   12.786     7.236     0.060     3.000         0
   13.000     7.285     0.060     3.000         0
   13.210     7.324     0.060     3.000         0
   13.425     7.354     0.060     3.000         0
   13.638     7.384     0.060     3.000         0
   13.869     7.416     0.060     3.000         0
   14.079     7.430     0.060     3.000         0
   14.294     7.455     0.060     3.000         0
   14.534     7.509     0.060     3.000         0
   14.747     7.519     0.060     3.000         0
   14.961     7.558     0.060     3.000         0
   15.176     7.583     0.060     3.000         0
   15.411     7.630     0.060     3.000         0
   15.600     7.656     0.060     3.000         0
   15.815     7.680     0.060     3.000         0
   16.028     7.709     0.060     3.000         0
   16.238     7.742     0.060     3.000         0
   16.453     7.772     0.060     3.000         0
   16.667     7.801     0.060     3.000         0
   16.877     7.819     0.060     3.000         0
   17.092     7.839     0.060     3.000         0
   17.305     7.888     0.060     3.000         0
   17.545     7.900     0.060     3.000         0
   17.759     7.950     0.060     3.000         0
   17.973     7.979     0.060     3.000         0
   18.184     8.007     0.060     3.000         0
   18.398     8.017     0.060     3.000         0
   18.611     8.056     0.060     3.000         0
    0.000    -1.000     0.000         0
   -7.816     6.058     0.060     1.000         0
   -7.603     5.939     0.060     1.000         0
   -7.389     5.829     0.060     1.000         0
   -7.174     5.739     0.060     1.000         0
   -6.938     5.598     0.060     1.000         0
   -6.724     5.488     0.060     1.000         0
   -6.493     5.380     0.060     1.000         0
   -6.280     5.265     0.060     1.000         0
   -6.066     5.156     0.060     1.000         0
   -5.852     5.051     0.060     1.000         0
   -5.615     4.953     0.060     1.000         0
   -5.401     4.878     0.060     1.000         0
   -5.162     4.784     0.060     1.000         0
   -4.948     4.720     0.060     1.000         0
   -4.737     4.626     0.060     1.000         0
   -4.523     4.567     0.060     1.000         0
   -4.284     4.478     0.060     1.000         0
   -4.070     4.393     0.060     1.000         0
   -3.857     4.314     0.060     1.000         0
   -3.643     4.224     0.060     1.000         0
   -3.415     4.144     0.060     1.000         0
   -3.201     4.065     0.060     1.000         0
   -2.988     3.996     0.060     1.000         0
   -2.749     3.930     0.060     1.000         0
   -2.536     3.877     0.060     1.000         0
   -2.324     3.823     0.060     1.000         0
   -2.111     3.765     0.060     1.000         0
   -1.873     3.724     0.060     1.000         0
  -17.066     7.749     0.060     3.000         0
  -16.851     7.720     0.060     3.000         0
  -16.615     7.688     0.060     3.000         0
  -16.401     7.644     0.060     3.000         0
  -16.187     7.616     0.060     3.000         0
  -15.973     7.587     0.060     3.000         0
  -15.759     7.553     0.060     3.000         0
  -15.522     7.516     0.060     3.000         0
  -15.308     7.472     0.060     3.000         0
  -15.095     7.443     0.060     3.000         0
  -14.881     7.404     0.060     3.000         0
  -14.666     7.361     0.060     3.000         0
  -14.455     7.332     0.060     3.000         0
  -14.216     7.305     0.060     3.000         0
  -14.001     7.266     0.060     3.000         0
  -13.788     7.219     0.060     3.000         0
  -13.549     7.188     0.060     3.000         0
  -13.338     7.146     0.060     3.000         0
  -13.123     7.105     0.060     3.000         0
  -12.892     7.045     0.060     3.000         0
  -12.679     7.018     0.060     3.000         0
  -12.465     6.962     0.060     3.000         0
  -12.228     6.930     0.060     3.000         0
  -12.014     6.879     0.060     3.000         0
  -11.800     6.830     0.060     3.000         0
  -11.585     6.800     0.060     3.000         0
  -11.347     6.731     0.060     3.000         0
  -11.133     6.687     0.060     3.000         0
  -10.922     6.643     0.060     3.000         0
  -10.682     6.594     0.060     3.000         0
  -10.468     6.550     0.060     3.000         0
  -10.255     6.506     0.060     3.000         0
  -10.027     6.459     0.060     3.000         0
   -9.812     6.434     0.060     3.000         0
   -9.598     6.390     0.060     3.000         0
   -9.384     6.336     0.060     3.000         0
   -9.144     6.283     0.060     3.000         0
   -8.931     6.241     0.060     3.000         0
   -8.720     6.194     0.060     3.000         0
   -8.481     6.147     0.060     3.000         0
   -8.267     6.114     0.060     3.000         0
   -8.055     6.077     0.060     3.000         0
  -20.878     8.559     0.060     4.000         0
  -20.667     8.510     0.060     4.000         0
  -20.453     8.475     0.060     4.000         0
  -20.240     8.430     0.060     4.000         0
  -20.025     8.395     0.060     4.000         0
  -19.840     8.356     0.060     4.000         0
  -19.625     8.316     0.060     4.000         0
  -19.411     8.286     0.060     4.000         0
  -19.200     8.257     0.060     4.000         0
  -18.986     8.217     0.060     4.000         0
  -18.772     8.176     0.060     4.000         0
  -18.558     8.116     0.060     4.000         0
  -18.344     8.086     0.060     4.000         0
  -18.133     8.057     0.060     4.000         0
  -17.918     8.012     0.060     4.000         0
  -17.705     7.967     0.060     4.000         0
  -17.491     7.941     0.060     4.000         0
  -17.280     7.886     0.060     4.000         0
  -17.066     7.850     0.060     4.000         0
  -16.851     7.814     0.060     4.000         0
  -16.615     7.774     0.060     4.000         0
  -16.401     7.758     0.060     4.000         0
  -16.187     7.703     0.060     4.000         0
  -15.973     7.677     0.060     4.000         0
  -44.473    11.525     0.060     5.000         0
  -44.259    11.493     0.060     5.000         0
  -44.020    11.469     0.060     5.000         0
  -43.809    11.468     0.060     5.000         0
  -43.569    11.434     0.060     5.000         0
  -43.355    11.422     0.060     5.000         0
  -43.115    11.378     0.060     5.000         0
  -42.904    11.372     0.060     5.000         0
  -42.691    11.356     0.060     5.000         0
  -42.460    11.317     0.060     5.000         0
  -42.245    11.291     0.060     5.000         0
  -42.031    11.274     0.060     5.000         0
  -41.794    11.255     0.060     5.000         0
  -41.580    11.229     0.060     5.000         0
  -41.367    11.192     0.060     5.000         0
  -41.127    11.182     0.060     5.000         0
  -40.912    11.145     0.060     5.000         0
  -40.701    11.103     0.060     5.000         0
  -40.462    11.088     0.060     5.000         0
  -40.248    11.046     0.060     5.000         0
  -40.009    11.006     0.060     5.000         0
  -39.794    10.969     0.060     5.000         0
  -39.563    10.956     0.060     5.000         0
  -39.352    10.925     0.060     5.000         0
  -39.137    10.894     0.060     5.000         0
  -38.899    10.854     0.060     5.000         0
  -38.684    10.818     0.060     5.000         0
  -38.474    10.775     0.060     5.000         0
  -38.259    10.743     0.060     5.000         0
  -38.019    10.706     0.060     5.000         0
  -37.806    10.673     0.060     5.000         0
  -37.592    10.641     0.060     5.000         0
  -37.352    10.624     0.060     5.000         0
  -37.141    10.577     0.060     5.000         0
  -36.926    10.549     0.060     5.000         0
  -36.695    10.525     0.060     5.000         0
  -36.482    10.494     0.060     5.000         0
  -36.271    10.453     0.060     5.000         0
  -36.031    10.427     0.060     5.000         0
  -35.817    10.391     0.060     5.000         0
  -35.602    10.364     0.060     5.000         0
  -35.366    10.330     0.060     5.000         0
  -35.153    10.278     0.060     5.000         0
  -34.913    10.258     0.060     5.000         0
  -34.699    10.231     0.060     5.000         0
  -34.484    10.180     0.060     5.000         0
  -34.248    10.165     0.060     5.000         0
  -34.034    10.124     0.060     5.000         0
  -33.820    10.102     0.060     5.000         0
  -33.589    10.058     0.060     5.000         0
  -33.374    10.024     0.060     5.000         0
  -33.160    10.001     0.060     5.000         0
  -32.924     9.974     0.060     5.000         0
  -32.711     9.956     0.060     5.000         0
  -32.496     9.927     0.060     5.000         0
  -32.256     9.910     0.060     5.000         0
  -32.046     9.892     0.060     5.000         0
  -31.831     9.853     0.060     5.000         0
  -31.591     9.826     0.060     5.000         0
  -31.378     9.802     0.060     5.000         0
  -31.167     9.779     0.060     5.000         0
  -30.936     9.763     0.060     5.000         0
  -30.721     9.744     0.060     5.000         0
  -30.507     9.695     0.060     5.000         0
  -30.268     9.674     0.060     5.000         0
  -30.058     9.636     0.060     5.000         0
  -29.843     9.622     0.060     5.000         0
  -29.603     9.590     0.060     5.000         0
  -29.385     9.566     0.060     5.000         0
  -29.175     9.523     0.060     5.000         0
  -28.961     9.499     0.060     5.000         0
  -28.750     9.455     0.060     5.000         0
  -28.536     9.430     0.060     5.000         0
  -28.296     9.381     0.060     5.000         0
  -28.082     9.346     0.060     5.000         0
  -27.871     9.312     0.060     5.000         0
  -27.658     9.287     0.060     5.000         0
  -27.443     9.247     0.060     5.000         0
  -27.229     9.207     0.060     5.000         0
  -27.015     9.177     0.060     5.000         0
  -26.804     9.158     0.060     5.000         0
  -26.564     9.104     0.060     5.000         0
  -26.351     9.064     0.060     5.000         0
  -26.136     9.049     0.060     5.000         0
  -25.925     8.995     0.060     5.000         0
  -25.711     8.980     0.060     5.000         0
  -25.497     8.935     0.060     5.000         0
  -25.286     8.913     0.060     5.000         0
  -25.069     8.881     0.060     5.000         0
  -24.858     8.829     0.060     5.000         0
  -24.644     8.817     0.060     5.000         0
  -24.455     8.769     0.060     5.000         0
  -24.240     8.742     0.060     5.000         0
  -24.029     8.725     0.060     5.000         0
  -23.816     8.673     0.060     5.000         0
  -23.602     8.661     0.060     5.000         0
  -23.416     8.629     0.060     5.000         0
  -23.202     8.581     0.060     5.000         0
  -22.985     8.549     0.060     5.000         0
  -22.774     8.537     0.060     5.000         0
  -22.588     8.490     0.060     5.000         0
  -22.374     8.458     0.060     5.000         0
  -22.160     8.436     0.060     5.000         0
  -21.945     8.395     0.060     5.000         0
  -21.734     8.374     0.060     5.000         0
  -21.520     8.343     0.060     5.000         0
  -21.307     8.322     0.060     5.000         0
  -21.092     8.286     0.060     5.000         0
  -20.878     8.240     0.060     5.000         0
  -20.667     8.230     0.060     5.000         0
  -20.453     8.199     0.060     5.000         0
  -20.240     8.168     0.060     5.000         0
  -20.025     8.137     0.060     5.000         0
  -19.840     8.091     0.060     5.000         0
  -19.625     8.060     0.060     5.000         0
  -19.411     8.049     0.060     5.000         0
  -19.200     7.998     0.060     5.000         0
  -18.986     7.977     0.060     5.000         0
  -18.772     7.946     0.060     5.000         0
    0.000     0.000     0.000        -1
