    0.000     1.000     0.000         0
    0.083     3.507     0.060     1.000         0
    0.321     3.516     0.060     1.000         0
    0.534     3.533     0.060     1.000         0
    0.748     3.555     0.060     1.000         0
    0.984     3.580     0.060     1.000         0
    1.198     3.612     0.060     1.000         0
    1.413     3.659     0.060     1.000         0
    1.626     3.736     0.060     1.000         0
    1.836     3.792     0.060     1.000         0
    2.076     3.846     0.060     1.000         0
    2.290     3.909     0.060     1.000         0
    2.505     3.961     0.060     1.000         0
    2.715     4.030     0.060     1.000         0
    2.929     4.105     0.060     1.000         0
    3.143     4.181     0.060     1.000         0
    3.374     4.262     0.060     1.000         0
    3.584     4.336     0.060     1.000         0
    3.799     4.422     0.060     1.000         0
    4.038     4.506     0.060     1.000         0
    4.251     4.597     0.060     1.000         0
    4.466     4.689     0.060     1.000         0
    4.680     4.785     0.060     1.000         0
    4.916     4.881     0.060     1.000         0
    5.105     4.972     0.060     1.000         0
    5.319     5.063     0.060     1.000         0
    5.533     5.155     0.060     1.000         0
    5.743     5.245     0.060     1.000         0
    5.957     5.353     0.060     1.000         0
    6.172     5.451     0.060     1.000         0
    6.382     5.526     0.060     1.000         0
    6.597     5.634     0.060     1.000         0
    7.049     5.757     0.060     3.000         0
    7.264     5.806     0.060     3.000         0
    7.478     5.864     0.060     3.000         0
    7.689     5.942     0.060     3.000         0
    7.903     5.990     0.060     3.000         0
    8.116     6.026     0.060     3.000         0
    8.330     6.083     0.060     3.000         0
    8.541     6.134     0.060     3.000         0
    8.755     6.191     0.060     3.000         0
    8.970     6.258     0.060     3.000         0
    9.183     6.313     0.060     3.000         0
    9.397     6.387     0.060     3.000         0
    9.608     6.441     0.060     3.000         0
    9.797     6.489     0.060     3.000         0
   10.011     6.534     0.060     3.000         0
   10.226     6.590     0.060     3.000         0
   10.436     6.636     0.060     3.000         0
   10.649     6.682     0.060     3.000         0
   10.889     6.734     0.060     3.000         0
   11.099     6.779     0.060     3.000         0
   11.314     6.825     0.060     3.000         0
   11.528     6.871     0.060     3.000         0
   11.741     6.917     0.060     3.000         0
   11.952     6.963     0.060     3.000         0
   12.166     6.994     0.060     3.000         0
   12.380     7.034     0.060     3.000         0
   12.595     7.085     0.060     3.000         0
   12.809     7.146     0.060     3.000         0
   13.022     7.171     0.060     3.000         0
   13.233     7.221     0.060     3.000         0
   13.447     7.251     0.060     3.000         0
   13.661     7.276     0.060     3.000         0
   13.872     7.311     0.060     3.000         0
   14.086     7.351     0.060     3.000         0
   14.325     7.396     0.060     3.000         0
   14.539     7.441     0.060     3.000         0
   14.753     7.457     0.060     3.000         0
   14.964     7.501     0.060     3.000         0
   15.178     7.527     0.060     3.000         0
   15.392     7.572     0.060     3.000         0
   15.605     7.597     0.060     3.000         0
   15.820     7.643     0.060     3.000         0
   16.059     7.686     0.060     3.000         0
   16.270     7.723     0.060     3.000         0
   16.484     7.766     0.060     3.000         0
   16.697     7.809     0.060     3.000         0
   16.925     7.855     0.060     3.000         0
   17.139     7.898     0.060     3.000         0
   17.353     7.961     0.060     3.000         0
   17.568     7.984     0.060     3.000         0
   17.782     8.047     0.060     3.000         0
   17.992     8.070     0.060     3.000         0
   18.206     8.113     0.060     3.000         0
   18.445     8.181     0.060     3.000         0
   18.659     8.204     0.060     3.000         0
   18.870     8.256     0.060     3.000         0
   18.445     8.379     0.060     4.000         0
   18.659     8.381     0.060     4.000         0
   18.870     8.413     0.060     4.000         0
   19.084     8.425     0.060     4.000         0
   19.297     8.416     0.060     4.000         0
   19.537     8.430     0.060     4.000         0
   19.751     8.442     0.060     4.000         0
   19.962     8.473     0.060     4.000         0
   20.176     8.475     0.060     4.000         0
   20.416     8.505     0.060     4.000         0
   20.629     8.527     0.060     4.000         0
   20.839     8.553     0.060     4.000         0
   21.053     8.585     0.060     4.000         0
    0.000    -1.000     0.000         0
   -7.119     5.662     0.060     1.000         0
   -6.906     5.549     0.060     1.000         0
   -6.670     5.436     0.060     1.000         0
   -6.456     5.353     0.060     1.000         0
   -6.241     5.250     0.060     1.000         0
   -6.027     5.137     0.060     1.000         0
   -5.814     5.034     0.060     1.000         0
   -5.603     4.933     0.060     1.000         0
   -5.389     4.838     0.060     1.000         0
   -5.157     4.766     0.060     1.000         0
   -4.943     4.671     0.060     1.000         0
   -4.729     4.582     0.060     1.000         0
   -4.493     4.488     0.060     1.000         0
   -4.280     4.399     0.060     1.000         0
   -4.065     4.334     0.060     1.000         0
   -3.851     4.249     0.060     1.000         0
   -3.637     4.177     0.060     1.000         0
   -3.401     4.086     0.060     1.000         0
   -3.187     3.983     0.060     1.000         0
   -2.973     3.911     0.060     1.000         0
   -2.759     3.855     0.060     1.000         0
   -2.548     3.830     0.060     1.000         0
   -2.308     3.774     0.060     1.000         0
   -2.094     3.728     0.060     1.000         0
   -1.881     3.673     0.060     1.000         0
   -1.667     3.632     0.060     1.000         0
   -1.456     3.605     0.060     1.000         0
   -1.216     3.586     0.060     1.000         0
   -1.002     3.588     0.060     1.000         0
   -0.789     3.571     0.060     1.000         0
   -0.558     3.552     0.060     1.000         0
   -0.345     3.515     0.060     1.000         0
   -0.133     3.508     0.060     1.000         0
  -12.359     7.122     0.060     3.000         0
  -12.144     7.080     0.060     3.000         0
  -11.934     7.029     0.060     3.000         0
  -11.695     6.951     0.060     3.000         0
  -11.481     6.904     0.060     3.000         0
  -11.266     6.847     0.060     3.000         0
  -11.052     6.805     0.060     3.000         0
  -10.816     6.729     0.060     3.000         0
  -10.603     6.688     0.060     3.000         0
  -10.389     6.628     0.060     3.000         0
  -10.174     6.557     0.060     3.000         0
   -9.943     6.496     0.060     3.000         0
   -9.729     6.441     0.060     3.000         0
   -9.518     6.361     0.060     3.000         0
   -9.305     6.300     0.060     3.000         0
   -9.065     6.232     0.060     3.000         0
   -8.851     6.182     0.060     3.000         0
   -8.636     6.129     0.060     3.000         0
   -8.423     6.068     0.060     3.000         0
   -8.212     6.006     0.060     3.000         0
   -7.973     5.937     0.060     3.000         0
   -7.758     5.860     0.060     3.000         0
   -7.548     5.814     0.060     3.000         0
  -14.775     7.664     0.060     4.000         0
  -14.560     7.626     0.060     4.000         0
  -14.347     7.588     0.060     4.000         0
  -14.133     7.546     0.060     4.000         0
  -13.905     7.500     0.060     4.000         0
  -13.691     7.457     0.060     4.000         0
  -13.476     7.404     0.060     4.000         0
  -13.238     7.376     0.060     4.000         0
  -13.023     7.341     0.060     4.000         0
  -12.813     7.288     0.060     4.000         0
  -12.598     7.253     0.060     4.000         0
  -12.359     7.215     0.060     4.000         0
  -12.144     7.180     0.060     4.000         0
  -11.934     7.157     0.060     4.000         0
  -11.695     7.124     0.060     4.000         0
  -11.481     7.105     0.060     4.000         0
  -11.266     7.056     0.060     4.000         0
  -11.052     7.032     0.060     4.000         0
  -10.816     7.005     0.060     4.000         0
  -75.715    16.137     0.060     5.000         0
  -75.504    16.095     0.060     5.000         0
  -75.264    16.079     0.060     5.000         0
  -75.050    16.046     0.060     5.000         0
  -74.835    16.013     0.060     5.000         0
  -74.607    15.978     0.060     5.000         0
  -74.394    15.926     0.060     5.000         0
  -74.154    15.899     0.060     5.000         0
  -73.939    15.872     0.060     5.000         0
  -73.725    15.836     0.060     5.000         0
  -73.486    15.795     0.060     5.000         0
  -73.275    15.758     0.060     5.000         0
  -73.035    15.697     0.060     5.000         0
  -72.821    15.680     0.060     5.000         0
  -72.589    15.641     0.060     5.000         0
  -72.379    15.605     0.060     5.000         0
  -72.139    15.563     0.060     5.000         0
  -71.925    15.527     0.060     5.000         0
  -71.685    15.485     0.060     5.000         0
  -71.471    15.439     0.060     5.000         0
  -71.235    15.401     0.060     5.000         0
  -71.020    15.366     0.060     5.000         0
  -70.782    15.338     0.060     5.000         0
  -70.567    15.323     0.060     5.000         0
  -70.352    15.274     0.060     5.000         0
  -70.125    15.262     0.060     5.000         0
  -69.910    15.217     0.060     5.000         0
  -69.696    15.193     0.060     5.000         0
  -69.482    15.153     0.060     5.000         0
  -69.246    15.140     0.060     5.000         0
  -69.032    15.091     0.060     5.000         0
  -68.792    15.058     0.060     5.000         0
  -68.577    15.028     0.060     5.000         0
  -68.364    14.998     0.060     5.000         0
  -68.149    14.978     0.060     5.000         0
  -67.913    14.946     0.060     5.000         0
  -67.698    14.898     0.060     5.000         0
  -67.467    14.867     0.060     5.000         0
  -67.256    14.840     0.060     5.000         0
  -67.016    14.778     0.060     5.000         0
  -66.803    14.741     0.060     5.000         0
  -66.588    14.703     0.060     5.000         0
  -66.349    14.666     0.060     5.000         0
  -66.134    14.633     0.060     5.000         0
  -65.898    14.582     0.060     5.000         0
  -65.659    14.540     0.060     5.000         0
  -65.445    14.512     0.060     5.000         0
  -65.213    14.463     0.060     5.000         0
  -64.999    14.427     0.060     5.000         0
  -64.784    14.391     0.060     5.000         0
  -64.548    14.351     0.060     5.000         0
  -64.335    14.336     0.060     5.000         0
  -64.095    14.275     0.060     5.000         0
  -63.880    14.244     0.060     5.000         0
  -63.640    14.199     0.060     5.000         0
  -63.430    14.164     0.060     5.000         0
  -63.200    14.130     0.060     5.000         0
  -62.985    14.089     0.060     5.000         0
  -62.745    14.064     0.060     5.000         0
  -62.534    14.023     0.060     5.000         0
  -62.320    13.977     0.060     5.000         0
  -62.080    13.957     0.060     5.000         0
  -61.867    13.921     0.060     5.000         0
  -61.627    13.871     0.060     5.000         0
  -61.416    13.845     0.060     5.000         0
  -61.176    13.785     0.060     5.000         0
  -60.961    13.769     0.060     5.000         0
  -60.748    13.713     0.060     5.000         0
  -60.517    13.695     0.060     5.000         0
  -60.302    13.639     0.060     5.000         0
  -60.066    13.599     0.060     5.000         0
  -59.852    13.568     0.060     5.000         0
  -59.612    13.523     0.060     5.000         0
  -59.398    13.492     0.060     5.000         0
  -59.159    13.457     0.060     5.000         0
  -58.948    13.417     0.060     5.000         0
  -58.733    13.377     0.060     5.000         0
  -58.502    13.340     0.060     5.000         0
  -58.289    13.325     0.060     5.000         0
  -58.074    13.275     0.060     5.000         0
  -57.834    13.251     0.060     5.000         0
  -57.623    13.207     0.060     5.000         0
  -57.409    13.180     0.060     5.000         0
  -57.169    13.150     0.060     5.000         0
  -56.956    13.143     0.060     5.000         0
  -56.741    13.106     0.060     5.000         0
  -56.505    13.087     0.060     5.000         0
  -56.291    13.080     0.060     5.000         0
  -56.076    13.057     0.060     5.000         0
  -55.863    13.025     0.060     5.000         0
  -55.623    12.991     0.060     5.000         0
  -55.412    12.979     0.060     5.000         0
  -55.181    12.965     0.060     5.000         0
  -54.966    12.938     0.060     5.000         0
  -54.752    12.900     0.060     5.000         0
  -54.513    12.886     0.060     5.000         0
  -54.302    12.874     0.060     5.000         0
  -54.062    12.829     0.060     5.000         0
  -53.848    12.807     0.060     5.000         0
  -53.608    12.792     0.060     5.000         0
  -53.397    12.771     0.060     5.000         0
  -53.184    12.749     0.060     5.000         0
  -52.953    12.736     0.060     5.000         0
  -52.738    12.720     0.060     5.000         0
  -52.524    12.718     0.060     5.000         0
  -52.288    12.700     0.060     5.000         0
  -52.073    12.664     0.060     5.000         0
  -51.860    12.647     0.060     5.000         0
  -51.620    12.634     0.060     5.000         0
  -51.405    12.622     0.060     5.000         0
  -51.195    12.577     0.060     5.000         0
  -50.955    12.537     0.060     5.000         0
  -50.742    12.501     0.060     5.000         0
  -50.502    12.480     0.060     5.000         0
  -50.287    12.424     0.060     5.000         0
  -50.056    12.405     0.060     5.000         0
  -49.845    12.350     0.060     5.000         0
  -49.631    12.324     0.060     5.000         0
  -49.392    12.294     0.060     5.000         0
  -49.177    12.258     0.060     5.000         0
  -48.967    12.203     0.060     5.000         0
  -48.752    12.188     0.060     5.000         0
  -48.512    12.128     0.060     5.000         0
  -48.299    12.113     0.060     5.000         0
  -48.085    12.077     0.060     5.000         0
  -47.845    12.037     0.060     5.000         0
  -47.634    11.997     0.060     5.000         0
  -47.420    11.957     0.060     5.000         0
  -47.188    11.928     0.060     5.000         0
  -46.975    11.883     0.060     5.000         0
  -46.764    11.838     0.060     5.000         0
  -46.524    11.818     0.060     5.000         0
  -46.310    11.763     0.060     5.000         0
  -46.095    11.747     0.060     5.000         0
  -45.859    11.698     0.060     5.000         0
  -45.646    11.664     0.060     5.000         0
  -45.406    11.638     0.060     5.000         0
  -45.192    11.614     0.060     5.000         0
  -44.977    11.591     0.060     5.000         0
  -44.741    11.564     0.060     5.000         0
  -44.527    11.541     0.060     5.000         0
  -44.313    11.527     0.060     5.000         0
  -44.082    11.492     0.060     5.000         0
  -43.868    11.478     0.060     5.000         0
  -43.653    11.464     0.060     5.000         0
  -43.417    11.438     0.060     5.000         0
  -43.204    11.405     0.060     5.000         0
  -42.989    11.368     0.060     5.000         0
  -42.749    11.339     0.060     5.000         0
  -42.539    11.313     0.060     5.000         0
  -42.324    11.297     0.060     5.000         0
  -42.084    11.257     0.060     5.000         0
  -41.871    11.236     0.060     5.000         0
  -41.661    11.205     0.060     5.000         0
  -41.429    11.177     0.060     5.000         0
  -41.215    11.150     0.060     5.000         0
  -41.000    11.144     0.060     5.000         0
  -40.762    11.115     0.060     5.000         0
  -40.551    11.089     0.060     5.000         0
  -40.336    11.062     0.060     5.000         0
  -40.097    11.028     0.060     5.000         0
  -39.878    10.991     0.060     5.000         0
  -39.668    10.975     0.060     5.000         0
  -39.454    10.934     0.060     5.000         0
  -39.244    10.928     0.060     5.000         0
  -39.029    10.882     0.060     5.000         0
  -38.789    10.862     0.060     5.000         0
  -38.575    10.833     0.060     5.000         0
  -38.364    10.788     0.060     5.000         0
  -38.151    10.769     0.060     5.000         0
  -37.936    10.714     0.060     5.000         0
  -37.722    10.679     0.060     5.000         0
  -37.507    10.644     0.060     5.000         0
  -37.297    10.610     0.060     5.000         0
  -37.057    10.576     0.060     5.000         0
  -36.844    10.536     0.060     5.000         0
  -36.629    10.501     0.060     5.000         0
  -36.419    10.467     0.060     5.000         0
  -36.204    10.432     0.060     5.000         0
  -35.990    10.397     0.060     5.000         0
  -35.779    10.368     0.060     5.000         0
  -35.562    10.338     0.060     5.000         0
  -35.351    10.298     0.060     5.000         0
  -35.137    10.274     0.060     5.000         0
  -34.948    10.238     0.060     5.000         0
  -34.733    10.197     0.060     5.000         0
  -34.522    10.171     0.060     5.000         0
  -34.309    10.135     0.060     5.000         0
  -34.095    10.109     0.060     5.000         0
  -33.909    10.078     0.060     5.000         0
  -33.695    10.047     0.060     5.000         0
  -33.478    10.015     0.060     5.000         0
  -33.267     9.995     0.060     5.000         0
  -33.082     9.958     0.060     5.000         0
  -32.867     9.947     0.060     5.000         0
  -32.653     9.896     0.060     5.000         0
  -32.438     9.880     0.060     5.000         0
  -32.228     9.855     0.060     5.000         0
  -32.013     9.824     0.060     5.000         0
  -31.800     9.793     0.060     5.000         0
  -31.585     9.762     0.060     5.000         0
  -31.371     9.711     0.060     5.000         0
  -31.160     9.690     0.060     5.000         0
  -30.946     9.669     0.060     5.000         0
  -30.733     9.618     0.060     5.000         0
  -30.518     9.597     0.060     5.000         0
  -30.333     9.561     0.060     5.000         0
  -30.118     9.549     0.060     5.000         0
  -29.904     9.504     0.060     5.000         0
  -29.693     9.468     0.060     5.000         0
  -29.479     9.442     0.060     5.000         0
  -29.265     9.421     0.060     5.000         0
  -29.051     9.395     0.060     5.000         0
  -28.836     9.364     0.060     5.000         0
  -28.626     9.334     0.060     5.000         0
  -28.411     9.302     0.060     5.000         0
  -28.198     9.272     0.060     5.000         0
  -27.984     9.221     0.060     5.000         0
  -27.773     9.210     0.060     5.000         0
  -27.559     9.179     0.060     5.000         0
  -27.344     9.138     0.060     5.000         0
  -27.108     9.104     0.060     5.000         0
  -26.894     9.069     0.060     5.000         0
  -26.680     9.044     0.060     5.000         0
  -26.466     9.020     0.060     5.000         0
  -26.252     9.008     0.060     5.000         0
  -26.016     8.963     0.060     5.000         0
  -25.801     8.940     0.060     5.000         0
  -25.588     8.908     0.060     5.000         0
  -25.373     8.900     0.060     5.000         0
  -25.159     8.872     0.060     5.000         0
  -24.948     8.840     0.060     5.000         0
  -24.709     8.815     0.060     5.000         0
  -24.494     8.792     0.060     5.000         0
  -24.281     8.790     0.060     5.000         0
  -24.041     8.764     0.060     5.000         0
  -23.831     8.742     0.060     5.000         0
  -23.616     8.700     0.060     5.000         0
  -23.385     8.685     0.060     5.000         0
  -23.172     8.651     0.060     5.000         0
  -22.957     8.637     0.060     5.000         0
  -22.721     8.600     0.060     5.000         0
  -22.507     8.560     0.060     5.000         0
  -22.292     8.526     0.060     5.000         0
  -22.078     8.497     0.060     5.000         0
  -21.840     8.484     0.060     5.000         0
  -21.625     8.440     0.060     5.000         0
  -21.414     8.426     0.060     5.000         0
  -21.175     8.393     0.060     5.000         0
  -20.960     8.364     0.060     5.000         0
  -20.747     8.325     0.060     5.000         0
  -20.520     8.282     0.060     5.000         0
  -20.305     8.233     0.060     5.000         0
  -20.091     8.193     0.060     5.000         0
  -19.876     8.153     0.060     5.000         0
  -19.637     8.118     0.060     5.000         0
  -19.423     8.077     0.060     5.000         0
  -19.213     8.056     0.060     5.000         0
  -18.973     8.021     0.060     5.000         0
  -18.759     7.989     0.060     5.000         0
  -18.548     7.948     0.060     5.000         0
  -18.308     7.913     0.060     5.000         0
  -18.095     7.882     0.060     5.000         0
  -17.881     7.856     0.060     5.000         0
  -17.666     7.829     0.060     5.000         0
  -17.430     7.795     0.060     5.000         0
  -17.216     7.753     0.060     5.000         0
  -16.985     7.714     0.060     5.000         0
  -16.771     7.687     0.060     5.000         0
  -16.557     7.659     0.060     5.000         0
  -16.343     7.632     0.060     5.000         0
  -16.107     7.622     0.060     5.000         0
  -15.892     7.595     0.060     5.000         0
  -15.654     7.544     0.060     5.000         0
  -15.439     7.516     0.060     5.000         0
  -15.229     7.499     0.060     5.000         0
  -15.014     7.486     0.060     5.000         0
  -14.775     7.456     0.060     5.000         0
  -14.560     7.423     0.060     5.000         0
  -14.347     7.401     0.060     5.000         0
  -14.133     7.383     0.060     5.000         0
  -13.905     7.364     0.060     5.000         0
  -13.691     7.336     0.060     5.000         0
  -13.476     7.305     0.060     5.000         0
  -13.238     7.264     0.060     5.000         0
  -13.023     7.238     0.060     5.000         0
    0.000     0.000     0.000        -1
