    0.000     1.000     0.000         0
    0.068     3.480     0.060     1.000         0
    0.165     3.493     0.060     1.000         0
    0.369     3.494     0.060     1.000         0
    0.582     3.512     0.060     1.000         0
    0.822     3.531     0.060     1.000         0
    1.032     3.559     0.060     1.000         0
    1.246     3.586     0.060     1.000         0
    1.461     3.624     0.060     1.000         0
    1.674     3.666     0.060     1.000         0
    1.884     3.713     0.060     1.000         0
    2.098     3.755     0.060     1.000         0
    2.313     3.773     0.060     1.000         0
    2.527     3.820     0.060     1.000         0
    2.741     3.889     0.060     1.000         0
    2.955     3.987     0.060     1.000         0
    3.165     4.063     0.060     1.000         0
    3.379     4.132     0.060     1.000         0
    3.594     4.205     0.060     1.000         0
    3.804     4.287     0.060     1.000         0
    4.018     4.365     0.060     1.000         0
    4.257     4.452     0.060     1.000         0
    4.471     4.544     0.060     1.000         0
    4.685     4.636     0.060     1.000         0
    4.896     4.732     0.060     1.000         0
    5.110     4.828     0.060     1.000         0
    5.325     4.921     0.060     1.000         0
    5.538     5.002     0.060     1.000         0
    5.752     5.104     0.060     1.000         0
    5.992     5.207     0.060     1.000         0
    6.202     5.277     0.060     1.000         0
    6.416     5.379     0.060     1.000         0
    7.500     5.687     0.060     2.000         0
    7.714     5.736     0.060     2.000         0
    7.925     5.784     0.060     2.000         0
    8.138     5.833     0.060     2.000         0
    8.377     5.887     0.060     2.000         0
    8.592     5.936     0.060     2.000         0
    8.802     5.984     0.060     2.000         0
    9.017     6.034     0.060     2.000         0
    9.230     6.082     0.060     2.000         0
    9.469     6.137     0.060     2.000         0
    9.683     6.186     0.060     2.000         0
    9.894     6.234     0.060     2.000         0
   10.108     6.283     0.060     2.000         0
   10.348     6.328     0.060     2.000         0
   11.644     6.668     0.060     3.000         0
   11.855     6.718     0.060     3.000         0
   12.069     6.768     0.060     3.000         0
   12.309     6.825     0.060     3.000         0
   12.523     6.876     0.060     3.000         0
   12.737     6.947     0.060     3.000         0
   12.976     6.983     0.060     3.000         0
   13.186     7.043     0.060     3.000         0
   13.426     7.098     0.060     3.000         0
   13.640     7.177     0.060     3.000         0
   13.854     7.235     0.060     3.000         0
   14.093     7.291     0.060     3.000         0
   14.303     7.315     0.060     3.000         0
   14.534     7.372     0.060     3.000         0
   14.749     7.407     0.060     3.000         0
   14.988     7.426     0.060     3.000         0
   15.202     7.480     0.060     3.000         0
   15.438     7.499     0.060     3.000         0
   15.651     7.533     0.060     3.000         0
   15.891     7.572     0.060     3.000         0
   16.105     7.617     0.060     3.000         0
   16.336     7.650     0.060     3.000         0
   16.549     7.681     0.060     3.000         0
   16.789     7.742     0.060     3.000         0
   16.999     7.757     0.060     3.000         0
   17.239     7.797     0.060     3.000         0
   17.453     7.853     0.060     3.000         0
   17.693     7.894     0.060     3.000         0
   17.928     7.913     0.060     3.000         0
   18.141     7.954     0.060     3.000         0
   18.373     8.008     0.060     3.000         0
   18.587     8.024     0.060     3.000         0
   18.826     8.064     0.060     3.000         0
   19.039     8.110     0.060     3.000         0
   19.279     8.142     0.060     3.000         0
   19.489     8.169     0.060     3.000         0
   19.729     8.206     0.060     3.000         0
   19.960     8.242     0.060     3.000         0
   20.174     8.275     0.060     3.000         0
   20.413     8.327     0.060     3.000         0
   20.623     8.364     0.060     3.000         0
   20.863     8.401     0.060     3.000         0
   21.102     8.428     0.060     3.000         0
   21.316     8.467     0.060     3.000         0
   21.555     8.479     0.060     3.000         0
   21.765     8.508     0.060     3.000         0
   21.996     8.539     0.060     3.000         0
   22.211     8.569     0.060     3.000         0
   22.450     8.611     0.060     3.000         0
    0.000    -1.000     0.000         0
   -6.924     5.642     0.060     1.000         0
   -6.693     5.533     0.060     1.000         0
   -6.482     5.443     0.060     1.000         0
   -6.268     5.342     0.060     1.000         0
   -6.028     5.229     0.060     1.000         0
   -5.815     5.124     0.060     1.000         0
   -5.601     5.018     0.060     1.000         0
   -5.387     4.907     0.060     1.000         0
   -5.151     4.805     0.060     1.000         0
   -4.962     4.721     0.060     1.000         0
   -4.747     4.657     0.060     1.000         0
   -4.534     4.574     0.060     1.000         0
   -4.324     4.487     0.060     1.000         0
   -4.109     4.397     0.060     1.000         0
   -3.895     4.314     0.060     1.000         0
   -3.684     4.231     0.060     1.000         0
   -3.470     4.156     0.060     1.000         0
   -3.257     4.091     0.060     1.000         0
   -3.017     4.017     0.060     1.000         0
   -2.803     3.952     0.060     1.000         0
   -2.589     3.887     0.060     1.000         0
   -2.378     3.822     0.060     1.000         0
   -2.164     3.767     0.060     1.000         0
   -1.951     3.719     0.060     1.000         0
   -1.737     3.681     0.060     1.000         0
   -1.526     3.644     0.060     1.000         0
   -1.312     3.606     0.060     1.000         0
   -1.097     3.573     0.060     1.000         0
   -0.884     3.540     0.060     1.000         0
   -0.671     3.518     0.060     1.000         0
   -0.459     3.506     0.060     1.000         0
   -0.272     3.495     0.060     1.000         0
  -10.625     6.603     0.060     2.000         0
  -10.411     6.539     0.060     2.000         0
  -10.200     6.485     0.060     2.000         0
   -9.986     6.430     0.060     2.000         0
   -9.746     6.369     0.060     2.000         0
   -9.533     6.314     0.060     2.000         0
   -9.319     6.260     0.060     2.000         0
   -9.083     6.200     0.060     2.000         0
   -8.869     6.145     0.060     2.000         0
   -8.654     6.090     0.060     2.000         0
   -8.441     6.036     0.060     2.000         0
   -8.231     5.982     0.060     2.000         0
   -7.991     5.926     0.060     2.000         0
   -7.777     5.881     0.060     2.000         0
   -7.562     5.821     0.060     2.000         0
   -7.352     5.777     0.060     2.000         0
   -7.137     5.712     0.060     2.000         0
  -16.095     7.697     0.060     3.000         0
  -15.881     7.654     0.060     3.000         0
  -15.671     7.642     0.060     3.000         0
  -15.456     7.599     0.060     3.000         0
  -15.225     7.560     0.060     3.000         0
  -15.011     7.524     0.060     3.000         0
  -14.797     7.467     0.060     3.000         0
  -14.561     7.442     0.060     3.000         0
  -14.347     7.411     0.060     3.000         0
  -14.133     7.375     0.060     3.000         0
  -13.919     7.328     0.060     3.000         0
  -13.704     7.307     0.060     3.000         0
  -13.468     7.272     0.060     3.000         0
  -13.255     7.240     0.060     3.000         0
  -13.041     7.209     0.060     3.000         0
  -12.827     7.177     0.060     3.000         0
  -12.616     7.136     0.060     3.000         0
  -12.376     7.084     0.060     3.000         0
  -12.162     7.020     0.060     3.000         0
  -11.949     6.955     0.060     3.000         0
  -11.734     6.901     0.060     3.000         0
  -11.524     6.852     0.060     3.000         0
  -11.284     6.801     0.060     3.000         0
  -57.912    13.417     0.060     5.000         0
  -57.702    13.386     0.060     5.000         0
  -57.487    13.365     0.060     5.000         0
  -57.256    13.331     0.060     5.000         0
  -57.043    13.295     0.060     5.000         0
  -56.832    13.264     0.060     5.000         0
  -56.592    13.234     0.060     5.000         0
  -56.378    13.202     0.060     5.000         0
  -56.163    13.161     0.060     5.000         0
  -55.927    13.114     0.060     5.000         0
  -55.714    13.102     0.060     5.000         0
  -55.474    13.060     0.060     5.000         0
  -55.259    13.016     0.060     5.000         0
  -55.045    12.978     0.060     5.000         0
  -54.809    12.952     0.060     5.000         0
  -54.594    12.919     0.060     5.000         0
  -54.381    12.886     0.060     5.000         0
  -54.150    12.867     0.060     5.000         0
  -51.728    12.560     0.060     5.000         0
  -51.497    12.510     0.060     5.000         0
  -51.282    12.503     0.060     5.000         0
  -51.068    12.456     0.060     5.000         0
  -50.829    12.436     0.060     5.000         0
  -50.619    12.404     0.060     5.000         0
  -50.404    12.382     0.060     5.000         0
  -50.164    12.359     0.060     5.000         0
  -49.946    12.329     0.060     5.000         0
  -49.735    12.299     0.060     5.000         0
  -49.522    12.265     0.060     5.000         0
  -49.311    12.220     0.060     5.000         0
  -49.097    12.191     0.060     5.000         0
  -48.857    12.157     0.060     5.000         0
  -48.643    12.137     0.060     5.000         0
  -48.432    12.094     0.060     5.000         0
  -48.219    12.079     0.060     5.000         0
  -48.004    12.045     0.060     5.000         0
  -47.790    12.006     0.060     5.000         0
  -47.575    11.956     0.060     5.000         0
  -47.365    11.922     0.060     5.000         0
  -47.125    11.904     0.060     5.000         0
  -46.912    11.850     0.060     5.000         0
  -46.697    11.815     0.060     5.000         0
  -46.486    11.791     0.060     5.000         0
  -46.272    11.757     0.060     5.000         0
  -46.057    11.723     0.060     5.000         0
  -45.847    11.698     0.060     5.000         0
  -45.630    11.652     0.060     5.000         0
  -45.419    11.608     0.060     5.000         0
  -45.204    11.592     0.060     5.000         0
  -45.015    11.561     0.060     5.000         0
  -44.801    11.506     0.060     5.000         0
  -44.590    11.471     0.060     5.000         0
  -44.377    11.441     0.060     5.000         0
  -44.162    11.405     0.060     5.000         0
  -43.977    11.375     0.060     5.000         0
  -43.762    11.344     0.060     5.000         0
  -43.545    11.305     0.060     5.000         0
  -43.335    11.292     0.060     5.000         0
  -43.149    11.252     0.060     5.000         0
  -42.935    11.244     0.060     5.000         0
  -42.720    11.200     0.060     5.000         0
  -42.506    11.167     0.060     5.000         0
  -42.295    11.143     0.060     5.000         0
  -42.081    11.130     0.060     5.000         0
  -41.868    11.086     0.060     5.000         0
  -41.653    11.073     0.060     5.000         0
  -41.439    11.044     0.060     5.000         0
  -41.228    10.996     0.060     5.000         0
  -41.013    10.987     0.060     5.000         0
  -40.800    10.939     0.060     5.000         0
  -40.586    10.925     0.060     5.000         0
  -40.400    10.885     0.060     5.000         0
  -40.186    10.857     0.060     5.000         0
  -39.971    10.828     0.060     5.000         0
  -39.761    10.805     0.060     5.000         0
  -39.546    10.771     0.060     5.000         0
  -39.333    10.743     0.060     5.000         0
  -39.119    10.734     0.060     5.000         0
  -38.904    10.696     0.060     5.000         0
  -38.694    10.662     0.060     5.000         0
  -38.479    10.639     0.060     5.000         0
  -38.266    10.610     0.060     5.000         0
  -38.051    10.582     0.060     5.000         0
  -37.841    10.544     0.060     5.000         0
  -37.626    10.515     0.060     5.000         0
  -37.412    10.486     0.060     5.000         0
  -37.176    10.475     0.060     5.000         0
  -36.961    10.436     0.060     5.000         0
  -36.748    10.418     0.060     5.000         0
  -36.534    10.389     0.060     5.000         0
  -36.319    10.340     0.060     5.000         0
  -36.083    10.314     0.060     5.000         0
  -35.869    10.290     0.060     5.000         0
  -35.656    10.267     0.060     5.000         0
  -35.441    10.223     0.060     5.000         0
  -35.227    10.214     0.060     5.000         0
  -35.016    10.176     0.060     5.000         0
  -34.776    10.165     0.060     5.000         0
  -34.562    10.148     0.060     5.000         0
  -34.349    10.107     0.060     5.000         0
  -34.109    10.087     0.060     5.000         0
  -33.898    10.060     0.060     5.000         0
  -33.684    10.034     0.060     5.000         0
  -33.453     9.985     0.060     5.000         0
  -33.239     9.958     0.060     5.000         0
  -33.025     9.951     0.060     5.000         0
  -32.789     9.902     0.060     5.000         0
  -32.575     9.885     0.060     5.000         0
  -32.360     9.858     0.060     5.000         0
  -32.146     9.822     0.060     5.000         0
  -31.907     9.792     0.060     5.000         0
  -31.693     9.775     0.060     5.000         0
  -31.482     9.759     0.060     5.000         0
  -31.242     9.724     0.060     5.000         0
  -31.028     9.702     0.060     5.000         0
  -30.815     9.655     0.060     5.000         0
  -30.587     9.627     0.060     5.000         0
  -30.373     9.610     0.060     5.000         0
  -30.158     9.603     0.060     5.000         0
  -29.944     9.572     0.060     5.000         0
  -29.704     9.537     0.060     5.000         0
  -29.491     9.508     0.060     5.000         0
  -29.280     9.470     0.060     5.000         0
  -29.041     9.421     0.060     5.000         0
  -28.826     9.387     0.060     5.000         0
  -28.616     9.349     0.060     5.000         0
  -28.376     9.305     0.060     5.000         0
  -28.163     9.256     0.060     5.000         0
  -27.948     9.217     0.060     5.000         0
  -27.734     9.178     0.060     5.000         0
  -27.498     9.162     0.060     5.000         0
  -27.284     9.125     0.060     5.000         0
  -27.052     9.075     0.060     5.000         0
  -26.839     9.042     0.060     5.000         0
  -26.625     9.030     0.060     5.000         0
  -26.410     8.998     0.060     5.000         0
  -26.174     8.957     0.060     5.000         0
  -25.960     8.920     0.060     5.000         0
  -25.722     8.900     0.060     5.000         0
  -25.507     8.874     0.060     5.000         0
  -25.296     8.848     0.060     5.000         0
  -25.082     8.807     0.060     5.000         0
  -24.842     8.793     0.060     5.000         0
  -24.628     8.747     0.060     5.000         0
  -24.415     8.736     0.060     5.000         0
  -24.200     8.694     0.060     5.000         0
  -23.973     8.677     0.060     5.000         0
  -23.758     8.640     0.060     5.000         0
  -23.544     8.634     0.060     5.000         0
  -23.306     8.585     0.060     5.000         0
  -23.091     8.559     0.060     5.000         0
  -22.881     8.543     0.060     5.000         0
  -22.666     8.520     0.060     5.000         0
  -22.426     8.505     0.060     5.000         0
  -22.212     8.483     0.060     5.000         0
  -22.001     8.441     0.060     5.000         0
  -21.763     8.416     0.060     5.000         0
  -21.549     8.399     0.060     5.000         0
  -21.334     8.371     0.060     5.000         0
  -21.120     8.354     0.060     5.000         0
  -20.884     8.324     0.060     5.000         0
  -20.671     8.312     0.060     5.000         0
  -20.456     8.289     0.060     5.000         0
  -20.242     8.257     0.060     5.000         0
  -20.011     8.242     0.060     5.000         0
  -19.796     8.207     0.060     5.000         0
  -19.586     8.197     0.060     5.000         0
  -19.372     8.177     0.060     5.000         0
  -19.133     8.128     0.060     5.000         0
  -18.918     8.123     0.060     5.000         0
  -18.704     8.087     0.060     5.000         0
    0.000     0.000     0.000        -1
