    0.000     1.000     0.000         0
    4.343     4.500     0.060     1.000         0
    4.555     4.546     0.060     1.000         0
    4.793     4.674     0.060     1.000         0
    5.005     4.779     0.060     1.000         0
    5.243     4.893     0.060     1.000         0
    5.455     5.003     0.060     1.000         0
    5.693     5.111     0.060     1.000         0
    5.906     5.222     0.060     1.000         0
    6.136     5.341     0.060     1.000         0
    6.348     5.446     0.060     1.000         0
    6.587     5.565     0.060     1.000         0
    6.798     5.650     0.060     1.000         0
    7.037     5.768     0.060     1.000         0
    7.250     5.879     0.060     1.000         0
    7.489     6.003     0.060     1.000         0
    7.726     6.040     0.060     3.000         0
    7.938     6.070     0.060     3.000         0
    8.169     6.124     0.060     3.000         0
    8.382     6.154     0.060     3.000         0
    8.621     6.219     0.060     3.000         0
    8.834     6.259     0.060     3.000         0
    9.072     6.304     0.060     3.000         0
    9.284     6.344     0.060     3.000         0
    9.523     6.389     0.060     3.000         0
    9.753     6.432     0.060     3.000         0
    9.967     6.472     0.060     3.000         0
   10.205     6.517     0.060     3.000         0
   10.417     6.557     0.060     3.000         0
   10.656     6.602     0.060     3.000         0
   10.894     6.647     0.060     3.000         0
   11.108     6.687     0.060     3.000         0
   11.346     6.732     0.060     3.000         0
   11.558     6.772     0.060     3.000         0
   11.788     6.805     0.060     3.000         0
   12.002     6.839     0.060     3.000         0
   12.241     6.865     0.060     3.000         0
   12.480     6.891     0.060     3.000         0
   12.693     6.915     0.060     3.000         0
   12.930     6.941     0.060     3.000         0
   13.143     6.964     0.060     3.000         0
   13.374     6.980     0.060     3.000         0
   13.613     7.026     0.060     3.000         0
   13.826     7.054     0.060     3.000         0
   14.063     7.080     0.060     3.000         0
   14.277     7.113     0.060     3.000         0
   14.516     7.154     0.060     3.000         0
   14.729     7.187     0.060     3.000         0
   14.969     7.234     0.060     3.000         0
   15.182     7.261     0.060     3.000         0
   15.410     7.301     0.060     3.000         0
   15.623     7.323     0.060     3.000         0
   15.863     7.378     0.060     3.000         0
   16.077     7.417     0.060     3.000         0
   16.315     7.456     0.060     3.000         0
   16.551     7.495     0.060     3.000         0
   16.765     7.524     0.060     3.000         0
   16.996     7.567     0.060     3.000         0
   17.210     7.606     0.060     3.000         0
   17.449     7.650     0.060     3.000         0
   17.660     7.699     0.060     3.000         0
   17.898     7.743     0.060     3.000         0
   18.112     7.782     0.060     3.000         0
   18.351     7.816     0.060     3.000         0
   18.565     7.866     0.060     3.000         0
   16.315     7.764     0.060     4.000         0
   16.551     7.799     0.060     4.000         0
   16.765     7.830     0.060     4.000         0
   16.996     7.844     0.060     4.000         0
   17.210     7.866     0.060     4.000         0
   17.449     7.906     0.060     4.000         0
   17.660     7.932     0.060     4.000         0
   17.898     7.950     0.060     4.000         0
   18.112     7.994     0.060     4.000         0
   18.351     8.001     0.060     4.000         0
   18.565     8.026     0.060     4.000         0
   18.804     8.053     0.060     4.000         0
   19.015     8.087     0.060     4.000         0
   19.246     8.023     0.060     5.000         0
   19.459     8.038     0.060     5.000         0
   19.699     8.067     0.060     5.000         0
   19.913     8.092     0.060     5.000         0
   20.149     8.140     0.060     5.000         0
   20.362     8.155     0.060     5.000         0
   20.576     8.163     0.060     5.000         0
   20.815     8.183     0.060     5.000         0
   21.029     8.201     0.060     5.000         0
   21.240     8.218     0.060     5.000         0
   21.470     8.257     0.060     5.000         0
   21.684     8.255     0.060     5.000         0
   21.898     8.283     0.060     5.000         0
   22.137     8.326     0.060     5.000         0
   22.348     8.350     0.060     5.000         0
   22.562     8.385     0.060     5.000         0
   22.800     8.398     0.060     5.000         0
   23.014     8.428     0.060     5.000         0
   23.228     8.467     0.060     5.000         0
   23.464     8.500     0.060     5.000         0
   23.678     8.537     0.060     5.000         0
   23.917     8.599     0.060     5.000         0
   24.131     8.614     0.060     5.000         0
   24.345     8.649     0.060     5.000         0
   24.572     8.686     0.060     5.000         0
   24.786     8.731     0.060     5.000         0
   25.000     8.749     0.060     5.000         0
   25.239     8.800     0.060     5.000         0
   25.453     8.808     0.060     5.000         0
   25.717     8.843     0.060     5.000         0
   25.903     8.868     0.060     5.000         0
   26.142     8.919     0.060     5.000         0
   26.355     8.937     0.060     5.000         0
   26.566     8.948     0.060     5.000         0
   26.797     8.986     0.060     5.000         0
   27.011     8.992     0.060     5.000         0
   27.225     9.033     0.060     5.000         0
   27.464     9.047     0.060     5.000         0
   27.677     9.063     0.060     5.000         0
   27.913     9.092     0.060     5.000         0
   28.127     9.134     0.060     5.000         0
   28.341     9.160     0.060     5.000         0
   28.581     9.174     0.060     5.000         0
   28.794     9.201     0.060     5.000         0
   29.004     9.226     0.060     5.000         0
   29.218     9.253     0.060     5.000         0
   29.432     9.299     0.060     5.000         0
   29.643     9.305     0.060     5.000         0
   29.857     9.341     0.060     5.000         0
   30.097     9.376     0.060     5.000         0
   30.309     9.407     0.060     5.000         0
   30.523     9.423     0.060     5.000         0
   30.737     9.445     0.060     5.000         0
   30.948     9.471     0.060     5.000         0
   31.179     9.520     0.060     5.000         0
   31.392     9.527     0.060     5.000         0
   31.606     9.573     0.060     5.000         0
   31.817     9.590     0.060     5.000         0
   32.031     9.617     0.060     5.000         0
   32.245     9.643     0.060     5.000         0
   32.484     9.680     0.060     5.000         0
   32.695     9.684     0.060     5.000         0
   32.908     9.708     0.060     5.000         0
   33.122     9.732     0.060     5.000         0
   33.361     9.768     0.060     5.000         0
   33.575     9.782     0.060     5.000         0
   33.786     9.816     0.060     5.000         0
   33.999     9.853     0.060     5.000         0
   34.213     9.859     0.060     5.000         0
   34.427     9.886     0.060     5.000         0
   34.666     9.916     0.060     5.000         0
   34.877     9.942     0.060     5.000         0
   35.091     9.989     0.060     5.000         0
   35.304    10.006     0.060     5.000         0
    0.000    -1.000     0.000         0
   -5.979     5.176     0.060     1.000         0
   -5.765     5.079     0.060     1.000         0
   -5.550     4.967     0.060     1.000         0
   -5.342     4.869     0.060     1.000         0
   -5.128     4.743     0.060     1.000         0
   -4.914     4.636     0.060     1.000         0
   -4.702     4.541     0.060     1.000         0
   -4.488     4.457     0.060     1.000         0
   -4.249     4.394     0.060     1.000         0
   -4.042     4.318     0.060     1.000         0
   -3.828     4.234     0.060     1.000         0
   -3.617     4.156     0.060     1.000         0
   -3.395     4.079     0.060     1.000         0
   -3.182     4.006     0.060     1.000         0
   -2.969     3.938     0.060     1.000         0
   -2.756     3.914     0.060     1.000         0
   -2.543     3.851     0.060     1.000         0
   -2.341     3.810     0.060     1.000         0
   -2.133     3.768     0.060     1.000         0
   -1.899     3.721     0.060     1.000         0
   -1.690     3.679     0.060     1.000         0
   -1.496     3.639     0.060     1.000         0
   -1.292     3.599     0.060     1.000         0
   -1.097     3.593     0.060     1.000         0
   -0.884     3.605     0.060     1.000         0
   -0.706     3.589     0.060     1.000         0
   -0.584     3.580     0.060     1.000         0
   -0.490     3.572     0.060     1.000         0
   -0.488     3.577     0.060     1.000         0
   -0.584     3.580     0.060     1.000         0
   -0.744     3.591     0.060     1.000         0
   -0.909     3.606     0.060     1.000         0
   -1.092     3.593     0.060     1.000         0
   -1.301     3.610     0.060     1.000         0
   -1.502     3.640     0.060     1.000         0
   -1.710     3.683     0.060     1.000         0
   -1.914     3.724     0.060     1.000         0
   -2.145     3.771     0.060     1.000         0
   -2.353     3.818     0.060     1.000         0
   -2.561     3.875     0.060     1.000         0
   -2.797     3.923     0.060     1.000         0
   -3.008     3.956     0.060     1.000         0
   -3.244     4.032     0.060     1.000         0
   -3.455     4.105     0.060     1.000         0
   -3.666     4.183     0.060     1.000         0
   -3.903     4.270     0.060     1.000         0
   -4.115     4.348     0.060     1.000         0
  -13.482     7.211     0.060     2.000         0
  -13.243     7.160     0.060     2.000         0
  -13.028     7.104     0.060     2.000         0
  -12.814     7.033     0.060     2.000         0
  -12.604     6.989     0.060     2.000         0
  -12.390     6.939     0.060     2.000         0
  -12.177     6.884     0.060     2.000         0
  -11.962     6.808     0.060     2.000         0
  -11.753     6.754     0.060     2.000         0
  -11.538     6.698     0.060     2.000         0
  -11.324     6.663     0.060     2.000         0
  -11.111     6.607     0.060     2.000         0
  -10.896     6.552     0.060     2.000         0
  -10.687     6.498     0.060     2.000         0
  -10.497     6.448     0.060     2.000         0
  -10.283     6.393     0.060     2.000         0
  -10.068     6.337     0.060     2.000         0
   -9.859     6.273     0.060     2.000         0
   -9.646     6.218     0.060     2.000         0
   -9.407     6.162     0.060     2.000         0
   -9.198     6.104     0.060     2.000         0
   -8.983     6.034     0.060     2.000         0
   -8.768     5.974     0.060     2.000         0
   -8.556     5.910     0.060     2.000         0
   -8.347     5.852     0.060     2.000         0
   -8.132     5.792     0.060     2.000         0
   -7.918     5.738     0.060     2.000         0
   -7.703     5.688     0.060     2.000         0
   -7.489     5.619     0.060     2.000         0
   -7.276     5.559     0.060     2.000         0
   -7.068     5.502     0.060     2.000         0
   -6.853     5.447     0.060     2.000         0
   -6.639     5.392     0.060     2.000         0
   -6.431     5.335     0.060     2.000         0
   -6.216     5.255     0.060     2.000         0
   -5.979     5.199     0.060     2.000         0
  -22.170     8.741     0.060     3.000         0
  -21.956     8.696     0.060     3.000         0
  -21.746     8.672     0.060     3.000         0
  -21.506     8.627     0.060     3.000         0
  -21.291     8.571     0.060     3.000         0
  -21.078     8.527     0.060     3.000         0
  -20.847     8.483     0.060     3.000         0
  -20.633     8.443     0.060     3.000         0
  -20.423     8.404     0.060     3.000         0
  -20.208     8.373     0.060     3.000         0
  -19.968     8.338     0.060     3.000         0
  -19.755     8.278     0.060     3.000         0
  -19.541     8.243     0.060     3.000         0
  -19.306     8.204     0.060     3.000         0
  -19.091     8.178     0.060     3.000         0
  -18.877     8.152     0.060     3.000         0
  -18.664     8.121     0.060     3.000         0
  -18.454     8.090     0.060     3.000         0
  -18.214     8.040     0.060     3.000         0
  -17.999     8.019     0.060     3.000         0
  -17.785     7.983     0.060     3.000         0
  -17.575     7.953     0.060     3.000         0
  -17.360     7.912     0.060     3.000         0
  -17.148     7.852     0.060     3.000         0
  -16.916     7.818     0.060     3.000         0
  -16.706     7.768     0.060     3.000         0
  -16.492     7.733     0.060     3.000         0
  -16.252     7.692     0.060     3.000         0
  -16.039     7.642     0.060     3.000         0
  -15.825     7.601     0.060     3.000         0
  -15.610     7.560     0.060     3.000         0
  -15.375     7.526     0.060     3.000         0
  -15.186     7.480     0.060     3.000         0
  -14.971     7.439     0.060     3.000         0
  -14.758     7.419     0.060     3.000         0
  -14.549     7.379     0.060     3.000         0
  -14.334     7.338     0.060     3.000         0
  -14.119     7.297     0.060     3.000         0
  -13.910     7.258     0.060     3.000         0
  -13.695     7.207     0.060     3.000         0
  -49.122    11.942     0.060     5.000         0
  -48.912    11.910     0.060     5.000         0
  -48.697    11.887     0.060     5.000         0
  -48.484    11.875     0.060     5.000         0
  -48.269    11.863     0.060     5.000         0
  -48.059    11.821     0.060     5.000         0
  -47.844    11.799     0.060     5.000         0
  -47.630    11.798     0.060     5.000         0
  -47.394    11.753     0.060     5.000         0
  -47.180    11.731     0.060     5.000         0
  -46.966    11.730     0.060     5.000         0
  -46.752    11.703     0.060     5.000         0
  -46.537    11.676     0.060     5.000         0
  -46.302    11.642     0.060     5.000         0
  -46.087    11.630     0.060     5.000         0
  -45.874    11.592     0.060     5.000         0
  -45.660    11.570     0.060     5.000         0
  -45.445    11.557     0.060     5.000         0
  -45.235    11.525     0.060     5.000         0
  -44.995    11.479     0.060     5.000         0
  -44.780    11.451     0.060     5.000         0
  -44.567    11.444     0.060     5.000         0
  -44.327    11.393     0.060     5.000         0
  -44.117    11.376     0.060     5.000         0
  -43.902    11.343     0.060     5.000         0
  -43.671    11.308     0.060     5.000         0
  -43.458    11.296     0.060     5.000         0
  -43.243    11.273     0.060     5.000         0
  -43.008    11.243     0.060     5.000         0
  -42.793    11.201     0.060     5.000         0
  -42.579    11.188     0.060     5.000         0
  -42.364    11.155     0.060     5.000         0
  -42.126    11.130     0.060     5.000         0
  -41.911    11.092     0.060     5.000         0
  -41.701    11.075     0.060     5.000         0
  -41.461    11.043     0.060     5.000         0
  -41.247    10.995     0.060     5.000         0
  -41.033    10.972     0.060     5.000         0
  -40.806    10.958     0.060     5.000         0
  -40.592    10.930     0.060     5.000         0
  -40.377    10.896     0.060     5.000         0
  -40.163    10.853     0.060     5.000         0
  -39.923    10.842     0.060     5.000         0
  -39.710    10.794     0.060     5.000         0
  -39.499    10.786     0.060     5.000         0
  -39.260    10.745     0.060     5.000         0
  -39.045    10.724     0.060     5.000         0
  -38.835    10.683     0.060     5.000         0
  -38.595    10.653     0.060     5.000         0
  -38.382    10.627     0.060     5.000         0
  -38.167    10.600     0.060     5.000         0
  -37.953    10.574     0.060     5.000         0
  -37.717    10.545     0.060     5.000         0
  -37.503    10.538     0.060     5.000         0
  -37.271    10.490     0.060     5.000         0
  -37.058    10.463     0.060     5.000         0
  -36.844    10.437     0.060     5.000         0
  -36.629    10.410     0.060     5.000         0
  -36.394    10.396     0.060     5.000         0
  -36.179    10.375     0.060     5.000         0
  -35.941    10.330     0.060     5.000         0
  -35.726    10.314     0.060     5.000         0
  -35.516    10.293     0.060     5.000         0
  -35.302    10.247     0.060     5.000         0
  -35.062    10.227     0.060     5.000         0
  -34.847    10.190     0.060     5.000         0
  -34.634    10.184     0.060     5.000         0
  -34.420    10.143     0.060     5.000         0
  -34.193    10.120     0.060     5.000         0
  -33.978    10.099     0.060     5.000         0
  -33.763    10.049     0.060     5.000         0
  -33.525    10.021     0.060     5.000         0
  -33.311     9.995     0.060     5.000         0
  -33.100     9.956     0.060     5.000         0
  -32.886     9.926     0.060     5.000         0
  -32.646     9.892     0.060     5.000         0
  -32.432     9.862     0.060     5.000         0
  -32.221     9.842     0.060     5.000         0
  -31.983     9.815     0.060     5.000         0
  -31.768     9.795     0.060     5.000         0
  -31.554     9.790     0.060     5.000         0
  -31.339     9.770     0.060     5.000         0
  -31.104     9.728     0.060     5.000         0
  -30.891     9.708     0.060     5.000         0
  -30.676     9.688     0.060     5.000         0
  -30.462     9.688     0.060     5.000         0
  -30.230     9.646     0.060     5.000         0
  -30.016     9.636     0.060     5.000         0
  -29.806     9.600     0.060     5.000         0
  -29.593     9.574     0.060     5.000         0
  -29.353     9.564     0.060     5.000         0
  -29.138     9.517     0.060     5.000         0
  -28.924     9.510     0.060     5.000         0
  -28.711     9.473     0.060     5.000         0
  -28.501     9.437     0.060     5.000         0
  -28.261     9.417     0.060     5.000         0
  -28.046     9.387     0.060     5.000         0
  -27.836     9.358     0.060     5.000         0
  -27.622     9.319     0.060     5.000         0
  -27.407     9.299     0.060     5.000         0
  -27.194     9.259     0.060     5.000         0
  -26.959     9.227     0.060     5.000         0
  -26.744     9.212     0.060     5.000         0
  -26.530     9.167     0.060     5.000         0
  -26.315     9.153     0.060     5.000         0
  -26.102     9.128     0.060     5.000         0
  -25.892     9.079     0.060     5.000         0
  -25.677     9.069     0.060     5.000         0
  -25.446     9.017     0.060     5.000         0
  -25.232     8.988     0.060     5.000         0
  -25.017     8.973     0.060     5.000         0
  -24.782     8.935     0.060     5.000         0
  -24.569     8.909     0.060     5.000         0
  -24.354     8.892     0.060     5.000         0
  -24.140     8.875     0.060     5.000         0
  -23.925     8.858     0.060     5.000         0
  -23.690     8.840     0.060     5.000         0
  -23.477     8.843     0.060     5.000         0
  -23.262     8.826     0.060     5.000         0
  -23.048     8.809     0.060     5.000         0
  -22.838     8.773     0.060     5.000         0
  -22.598     8.764     0.060     5.000         0
    0.000     0.000     0.000        -1
