    0.000     1.000     0.000         0
    3.598     5.022     0.060     1.000         0
    3.369     4.913     0.060     1.000         0
    3.142     4.806     0.060     1.000         0
    2.915     4.694     0.060     1.000         0
    2.692     4.593     0.060     1.000         0
    2.466     4.495     0.060     1.000         0
    2.238     4.404     0.060     1.000         0
    2.013     4.314     0.060     1.000         0
    1.788     4.233     0.060     1.000         0
    1.565     4.158     0.060     1.000         0
    1.340     4.092     0.060     1.000         0
    1.118     4.030     0.060     1.000         0
    0.896     3.968     0.060     1.000         0
    0.673     3.936     0.060     1.000         0
    0.451     3.912     0.060     1.000         0
    0.232     3.889     0.060     1.000         0
    0.044     3.869     0.060     1.000         0
   42.354    11.444     0.060     2.000         0
   42.117    11.399     0.060     2.000         0
   41.882    11.378     0.060     2.000         0
   41.642    11.341     0.060     2.000         0
   41.404    11.296     0.060     2.000         0
   41.167    11.263     0.060     2.000         0
   40.930    11.230     0.060     2.000         0
   40.692    11.185     0.060     2.000         0
   40.456    11.139     0.060     2.000         0
   40.221    11.101     0.060     2.000         0
   39.985    11.067     0.060     2.000         0
   39.751    11.041     0.060     2.000         0
   39.517    11.003     0.060     2.000         0
   39.282    10.957     0.060     2.000         0
   39.049    10.916     0.060     2.000         0
   38.816    10.890     0.060     2.000         0
   38.586    10.841     0.060     2.000         0
   38.352    10.815     0.060     2.000         0
   38.121    10.770     0.060     2.000         0
   37.885    10.734     0.060     2.000         0
   37.650    10.690     0.060     2.000         0
   37.415    10.630     0.060     2.000         0
   37.181    10.587     0.060     2.000         0
   36.947    10.560     0.060     2.000         0
   36.716    10.509     0.060     2.000         0
   36.486    10.470     0.060     2.000         0
   36.256    10.432     0.060     2.000         0
   36.026    10.390     0.060     2.000         0
   35.796    10.344     0.060     2.000         0
   35.571    10.307     0.060     2.000         0
   35.341    10.261     0.060     2.000         0
   35.109    10.214     0.060     2.000         0
   34.878    10.170     0.060     2.000         0
   34.645    10.134     0.060     2.000         0
   34.414    10.099     0.060     2.000         0
   34.180    10.078     0.060     2.000         0
   33.949    10.027     0.060     2.000         0
   33.718     9.991     0.060     2.000         0
   33.487     9.971     0.060     2.000         0
   33.256     9.920     0.060     2.000         0
   33.026     9.884     0.060     2.000         0
   32.795     9.857     0.060     2.000         0
   32.566     9.830     0.060     2.000         0
   32.338     9.801     0.060     2.000         0
   32.110     9.759     0.060     2.000         0
   31.884     9.745     0.060     2.000         0
   31.655     9.699     0.060     2.000         0
   31.429     9.677     0.060     2.000         0
   31.203     9.650     0.060     2.000         0
   30.978     9.638     0.060     2.000         0
   30.754     9.626     0.060     2.000         0
   30.528     9.591     0.060     2.000         0
   30.301     9.587     0.060     2.000         0
   30.074     9.559     0.060     2.000         0
   29.846     9.547     0.060     2.000         0
   29.620     9.527     0.060     2.000         0
   29.396     9.508     0.060     2.000         0
   29.165     9.483     0.060     2.000         0
   28.936     9.459     0.060     2.000         0
   28.705     9.448     0.060     2.000         0
   28.475     9.425     0.060     2.000         0
   28.246     9.394     0.060     2.000         0
   28.017     9.375     0.060     2.000         0
   27.787     9.356     0.060     2.000         0
   27.560     9.337     0.060     2.000         0
   27.334     9.334     0.060     2.000         0
   27.106     9.307     0.060     2.000         0
   26.875     9.287     0.060     2.000         0
   26.645     9.259     0.060     2.000         0
   26.417     9.251     0.060     2.000         0
   26.190     9.227     0.060     2.000         0
   25.964     9.178     0.060     2.000         0
   25.736     9.153     0.060     2.000         0
   25.507     9.111     0.060     2.000         0
   25.279     9.054     0.060     2.000         0
   25.052     9.013     0.060     2.000         0
   24.824     8.980     0.060     2.000         0
   24.596     8.926     0.060     2.000         0
   24.368     8.885     0.060     2.000         0
   24.139     8.851     0.060     2.000         0
   23.910     8.805     0.060     2.000         0
   23.682     8.744     0.060     2.000         0
   23.448     8.705     0.060     2.000         0
   23.216     8.655     0.060     2.000         0
   22.986     8.630     0.060     2.000         0
   22.758     8.589     0.060     2.000         0
   22.530     8.547     0.060     2.000         0
   22.299     8.490     0.060     2.000         0
   22.070     8.456     0.060     2.000         0
   21.837     8.419     0.060     2.000         0
   21.609     8.391     0.060     2.000         0
   21.374     8.377     0.060     2.000         0
   21.141     8.332     0.060     2.000         0
   20.909     8.319     0.060     2.000         0
   20.679     8.282     0.060     2.000         0
   20.447     8.233     0.060     2.000         0
   20.214     8.159     0.060     2.000         0
   19.981     8.110     0.060     2.000         0
   19.749     8.085     0.060     2.000         0
   19.516     8.036     0.060     2.000         0
   19.283     8.012     0.060     2.000         0
   19.050     7.971     0.060     2.000         0
   18.816     7.950     0.060     2.000         0
   18.583     7.905     0.060     2.000         0
   18.354     7.881     0.060     2.000         0
   18.125     7.838     0.060     2.000         0
   17.894     7.810     0.060     2.000         0
   17.661     7.770     0.060     2.000         0
   17.429     7.723     0.060     2.000         0
   17.196     7.676     0.060     2.000         0
   16.959     7.605     0.060     2.000         0
   16.725     7.566     0.060     2.000         0
   16.492     7.503     0.060     2.000         0
   16.261     7.465     0.060     2.000         0
   16.029     7.403     0.060     2.000         0
   15.796     7.357     0.060     2.000         0
   15.562     7.327     0.060     2.000         0
   15.328     7.280     0.060     2.000         0
   15.095     7.226     0.060     2.000         0
   14.863     7.186     0.060     2.000         0
   14.630     7.129     0.060     2.000         0
   14.394     7.100     0.060     2.000         0
   14.157     7.050     0.060     2.000         0
   13.931     7.003     0.060     2.000         0
   13.698     6.958     0.060     2.000         0
   13.472     6.904     0.060     2.000         0
   13.246     6.858     0.060     2.000         0
   13.016     6.827     0.060     2.000         0
   12.786     6.764     0.060     2.000         0
   12.556     6.717     0.060     2.000         0
   12.326     6.670     0.060     2.000         0
   12.097     6.623     0.060     2.000         0
   11.867     6.584     0.060     2.000         0
   11.636     6.544     0.060     2.000         0
   11.406     6.495     0.060     2.000         0
   11.177     6.447     0.060     2.000         0
   10.948     6.399     0.060     2.000         0
   10.719     6.351     0.060     2.000         0
   10.488     6.303     0.060     2.000         0
   10.256     6.246     0.060     2.000         0
   10.024     6.207     0.060     2.000         0
    9.793     6.152     0.060     2.000         0
    9.552     6.094     0.060     2.000         0
    9.321     6.063     0.060     2.000         0
    9.091     6.016     0.060     2.000         0
    8.860     5.961     0.060     2.000         0
    8.633     5.932     0.060     2.000         0
    8.405     5.895     0.060     2.000         0
    8.176     5.858     0.060     2.000         0
    7.948     5.821     0.060     2.000         0
    7.721     5.776     0.060     2.000         0
    7.494     5.733     0.060     2.000         0
    7.268     5.679     0.060     2.000         0
    7.038     5.628     0.060     2.000         0
    6.809     5.581     0.060     2.000         0
    6.580     5.534     0.060     2.000         0
    6.355     5.492     0.060     2.000         0
    6.122     5.448     0.060     2.000         0
    5.895     5.419     0.060     2.000         0
    5.666     5.382     0.060     2.000         0
    5.436     5.344     0.060     2.000         0
    5.208     5.307     0.060     2.000         0
    4.979     5.290     0.060     2.000         0
    4.749     5.256     0.060     2.000         0
    4.519     5.223     0.060     2.000         0
    4.288     5.185     0.060     2.000         0
    4.058     5.147     0.060     2.000         0
   50.682    12.689     0.060     3.000         0
   50.467    12.650     0.060     3.000         0
   50.251    12.634     0.060     3.000         0
   50.039    12.603     0.060     3.000         0
   49.824    12.571     0.060     3.000         0
   49.607    12.524     0.060     3.000         0
   49.381    12.507     0.060     3.000         0
   49.153    12.473     0.060     3.000         0
   48.920    12.439     0.060     3.000         0
   48.687    12.405     0.060     3.000         0
   48.454    12.371     0.060     3.000         0
   48.224    12.337     0.060     3.000         0
   47.993    12.303     0.060     3.000         0
   47.759    12.253     0.060     3.000         0
   47.526    12.227     0.060     3.000         0
   47.289    12.197     0.060     3.000         0
   47.056    12.145     0.060     3.000         0
   46.819    12.116     0.060     3.000         0
   46.585    12.071     0.060     3.000         0
   46.350    12.050     0.060     3.000         0
   46.119    11.998     0.060     3.000         0
   45.883    11.965     0.060     3.000         0
   45.649    11.932     0.060     3.000         0
   45.413    11.914     0.060     3.000         0
   45.179    11.888     0.060     3.000         0
   44.947    11.858     0.060     3.000         0
   44.716    11.844     0.060     3.000         0
   44.483    11.830     0.060     3.000         0
   44.249    11.800     0.060     3.000         0
   44.017    11.773     0.060     3.000         0
   43.778    11.757     0.060     3.000         0
   43.542    11.745     0.060     3.000         0
   43.305    11.713     0.060     3.000         0
   43.066    11.694     0.060     3.000         0
   42.826    11.682     0.060     3.000         0
   42.589    11.629     0.060     3.000         0
   42.354    11.586     0.060     3.000         0
   42.117    11.549     0.060     3.000         0
   41.882    11.505     0.060     3.000         0
   41.642    11.469     0.060     3.000         0
   41.404    11.416     0.060     3.000         0
   41.167    11.372     0.060     3.000         0
   40.930    11.349     0.060     3.000         0
   40.692    11.302     0.060     3.000         0
   40.456    11.271     0.060     3.000         0
   40.221    11.256     0.060     3.000         0
   39.985    11.225     0.060     3.000         0
   39.751    11.178     0.060     3.000         0
   39.517    11.164     0.060     3.000         0
   39.282    11.133     0.060     3.000         0
   39.049    11.102     0.060     3.000         0
   38.816    11.072     0.060     3.000         0
   38.586    11.026     0.060     3.000         0
   38.352    11.003     0.060     3.000         0
   38.121    10.959     0.060     3.000         0
   37.885    10.923     0.060     3.000         0
   37.650    10.898     0.060     3.000         0
   37.415    10.850     0.060     3.000         0
   37.181    10.813     0.060     3.000         0
   36.947    10.785     0.060     3.000         0
   36.716    10.757     0.060     3.000         0
   36.486    10.713     0.060     3.000         0
   36.256    10.668     0.060     3.000         0
   36.026    10.632     0.060     3.000         0
   35.796    10.604     0.060     3.000         0
   35.571    10.561     0.060     3.000         0
   35.341    10.533     0.060     3.000         0
   35.109    10.498     0.060     3.000         0
   34.878    10.472     0.060     3.000         0
   34.645    10.446     0.060     3.000         0
   34.414    10.419     0.060     3.000         0
   34.180    10.393     0.060     3.000         0
   33.949    10.366     0.060     3.000         0
   33.718    10.340     0.060     3.000         0
   33.487    10.314     0.060     3.000         0
   33.256    10.287     0.060     3.000         0
   33.026    10.269     0.060     3.000         0
   32.795    10.241     0.060     3.000         0
   32.566    10.221     0.060     3.000         0
   32.338    10.217     0.060     3.000         0
   32.110    10.197     0.060     3.000         0
   31.884    10.177     0.060     3.000         0
   31.655    10.141     0.060     3.000         0
   31.429    10.137     0.060     3.000         0
   31.203    10.109     0.060     3.000         0
   30.978    10.094     0.060     3.000         0
   30.754    10.078     0.060     3.000         0
   30.528    10.051     0.060     3.000         0
   30.301    10.039     0.060     3.000         0
   30.074    10.003     0.060     3.000         0
   29.846     9.991     0.060     3.000         0
   29.620     9.971     0.060     3.000         0
   29.396     9.935     0.060     3.000         0
   29.165     9.911     0.060     3.000         0
   28.936     9.902     0.060     3.000         0
   28.705     9.878     0.060     3.000         0
   28.475     9.837     0.060     3.000         0
   28.246     9.813     0.060     3.000         0
   28.017     9.796     0.060     3.000         0
   27.787     9.782     0.060     3.000         0
   27.560     9.769     0.060     3.000         0
   27.334     9.751     0.060     3.000         0
   27.106     9.717     0.060     3.000         0
   26.875     9.699     0.060     3.000         0
   26.645     9.681     0.060     3.000         0
   26.417     9.663     0.060     3.000         0
   26.190     9.653     0.060     3.000         0
   57.772    13.388     0.060     4.000         0
   57.552    13.362     0.060     4.000         0
   57.336    13.329     0.060     4.000         0
   57.117    13.283     0.060     4.000         0
   56.899    13.245     0.060     4.000         0
   56.684    13.224     0.060     4.000         0
   56.467    13.178     0.060     4.000         0
   56.254    13.145     0.060     4.000         0
   56.041    13.120     0.060     4.000         0
   55.828    13.093     0.060     4.000         0
   55.617    13.067     0.060     4.000         0
   55.407    13.036     0.060     4.000         0
   55.196    13.006     0.060     4.000         0
   54.983    12.967     0.060     4.000         0
   54.767    12.928     0.060     4.000         0
   54.553    12.896     0.060     4.000         0
   54.341    12.874     0.060     4.000         0
   54.132    12.835     0.060     4.000         0
   53.922    12.813     0.060     4.000         0
   53.709    12.803     0.060     4.000         0
   53.493    12.801     0.060     4.000         0
   53.277    12.775     0.060     4.000         0
   53.060    12.781     0.060     4.000         0
   52.844    12.763     0.060     4.000         0
   52.627    12.755     0.060     4.000         0
   52.410    12.738     0.060     4.000         0
   52.194    12.721     0.060     4.000         0
   51.977    12.700     0.060     4.000         0
   51.762    12.679     0.060     4.000         0
   51.546    12.651     0.060     4.000         0
   51.329    12.631     0.060     4.000         0
   51.113    12.587     0.060     4.000         0
   50.897    12.575     0.060     4.000         0
   50.682    12.536     0.060     4.000         0
   50.467    12.520     0.060     4.000         0
   50.251    12.476     0.060     4.000         0
   50.039    12.452     0.060     4.000         0
   49.824    12.429     0.060     4.000         0
   49.607    12.397     0.060     4.000         0
   49.381    12.365     0.060     4.000         0
   49.153    12.328     0.060     4.000         0
   48.920    12.290     0.060     4.000         0
   48.687    12.236     0.060     4.000         0
   48.454    12.206     0.060     4.000         0
   48.224    12.179     0.060     4.000         0
   47.993    12.144     0.060     4.000         0
   47.759    12.096     0.060     4.000         0
   47.526    12.073     0.060     4.000         0
   47.289    12.029     0.060     4.000         0
   47.056    11.985     0.060     4.000         0
   46.819    11.965     0.060     4.000         0
   46.585    11.921     0.060     4.000         0
   46.350    11.881     0.060     4.000         0
   46.119    11.857     0.060     4.000         0
   45.883    11.816     0.060     4.000         0
   45.649    11.784     0.060     4.000         0
   45.413    11.767     0.060     4.000         0
   45.179    11.734     0.060     4.000         0
   44.947    11.694     0.060     4.000         0
   44.716    11.662     0.060     4.000         0
   44.483    11.657     0.060     4.000         0
   44.249    11.643     0.060     4.000         0
   44.017    11.630     0.060     4.000         0
   43.778    11.600     0.060     4.000         0
   43.542    11.586     0.060     4.000         0
   43.305    11.573     0.060     4.000         0
   43.066    11.567     0.060     4.000         0
    0.000    -1.000     0.000         0
   -0.222     3.883     0.060     1.000         0
   -0.444     3.907     0.060     1.000         0
   -0.670     3.922     0.060     1.000         0
   -0.892     3.966     0.060     1.000         0
   -1.120     4.006     0.060     1.000         0
   -1.346     4.047     0.060     1.000         0
   -1.573     4.091     0.060     1.000         0
   -1.798     4.123     0.060     1.000         0
   -2.023     4.207     0.060     1.000         0
   -2.247     4.295     0.060     1.000         0
   -2.471     4.382     0.060     1.000         0
   -2.696     4.474     0.060     1.000         0
   -2.919     4.584     0.060     1.000         0
   -3.147     4.720     0.060     1.000         0
   -3.374     4.832     0.060     1.000         0
   -3.599     4.935     0.060     1.000         0
   -3.827     5.020     0.060     1.000         0
   -4.056     5.129     0.060     1.000         0
   -4.285     5.218     0.060     1.000         0
   -4.746     5.319     0.060     2.000         0
   -4.978     5.369     0.060     2.000         0
   -5.208     5.411     0.060     2.000         0
   -5.443     5.454     0.060     2.000         0
   -5.674     5.496     0.060     2.000         0
   -5.904     5.539     0.060     2.000         0
   -6.134     5.565     0.060     2.000         0
   -6.364     5.615     0.060     2.000         0
   -6.594     5.659     0.060     2.000         0
   -6.823     5.710     0.060     2.000         0
   -7.051     5.762     0.060     2.000         0
   -7.279     5.813     0.060     2.000         0
   -7.508     5.865     0.060     2.000         0
   -7.736     5.916     0.060     2.000         0
   -7.965     5.980     0.060     2.000         0
   -8.192     6.031     0.060     2.000         0
   -8.420     6.083     0.060     2.000         0
   -8.650     6.131     0.060     2.000         0
   -8.878     6.164     0.060     2.000         0
   -9.104     6.217     0.060     2.000         0
   -9.331     6.247     0.060     2.000         0
   -9.556     6.303     0.060     2.000         0
   -9.779     6.344     0.060     2.000         0
  -10.001     6.376     0.060     2.000         0
  -10.223     6.406     0.060     2.000         0
  -10.445     6.444     0.060     2.000         0
  -10.666     6.498     0.060     2.000         0
  -10.886     6.536     0.060     2.000         0
  -11.108     6.566     0.060     2.000         0
  -11.329     6.623     0.060     2.000         0
  -11.549     6.671     0.060     2.000         0
  -11.770     6.716     0.060     2.000         0
  -11.990     6.757     0.060     2.000         0
  -12.214     6.803     0.060     2.000         0
  -12.437     6.860     0.060     2.000         0
  -12.660     6.898     0.060     2.000         0
  -12.883     6.945     0.060     2.000         0
  -13.103     6.991     0.060     2.000         0
  -13.325     7.041     0.060     2.000         0
  -13.545     7.091     0.060     2.000         0
  -13.765     7.137     0.060     2.000         0
  -13.986     7.162     0.060     2.000         0
  -14.207     7.195     0.060     2.000         0
  -14.428     7.229     0.060     2.000         0
  -14.650     7.262     0.060     2.000         0
  -14.873     7.300     0.060     2.000         0
  -15.096     7.341     0.060     2.000         0
  -15.319     7.371     0.060     2.000         0
  -15.541     7.404     0.060     2.000         0
  -15.764     7.438     0.060     2.000         0
  -15.987     7.486     0.060     2.000         0
  -16.210     7.526     0.060     2.000         0
  -16.431     7.554     0.060     2.000         0
  -16.656     7.591     0.060     2.000         0
  -16.880     7.631     0.060     2.000         0
  -17.104     7.687     0.060     2.000         0
  -17.326     7.727     0.060     2.000         0
  -17.548     7.767     0.060     2.000         0
  -17.770     7.799     0.060     2.000         0
  -17.989     7.828     0.060     2.000         0
  -18.209     7.882     0.060     2.000         0
  -18.428     7.903     0.060     2.000         0
  -18.646     7.940     0.060     2.000         0
  -18.865     7.993     0.060     2.000         0
  -19.084     8.026     0.060     2.000         0
  -19.304     8.059     0.060     2.000         0
  -19.524     8.101     0.060     2.000         0
  -19.741     8.145     0.060     2.000         0
  -19.961     8.190     0.060     2.000         0
  -20.179     8.215     0.060     2.000         0
  -20.397     8.264     0.060     2.000         0
  -20.615     8.293     0.060     2.000         0
  -20.830     8.342     0.060     2.000         0
  -21.047     8.383     0.060     2.000         0
  -21.262     8.404     0.060     2.000         0
  -21.478     8.441     0.060     2.000         0
  -21.694     8.486     0.060     2.000         0
  -21.911     8.509     0.060     2.000         0
  -22.132     8.540     0.060     2.000         0
  -22.356     8.564     0.060     2.000         0
  -22.578     8.579     0.060     2.000         0
  -22.806     8.607     0.060     2.000         0
  -23.031     8.611     0.060     2.000         0
  -23.254     8.646     0.060     2.000         0
  -23.477     8.665     0.060     2.000         0
  -23.700     8.685     0.060     2.000         0
  -23.921     8.688     0.060     2.000         0
  -24.140     8.715     0.060     2.000         0
  -24.362     8.716     0.060     2.000         0
  -24.585     8.741     0.060     2.000         0
  -24.803     8.734     0.060     2.000         0
  -25.025     8.743     0.060     2.000         0
  -25.248     8.760     0.060     2.000         0
  -25.471     8.766     0.060     2.000         0
  -25.694     8.792     0.060     2.000         0
  -25.918     8.794     0.060     2.000         0
  -26.142     8.813     0.060     2.000         0
  -26.364     8.831     0.060     2.000         0
  -26.586     8.850     0.060     2.000         0
  -26.811     8.877     0.060     2.000         0
  -27.036     8.904     0.060     2.000         0
  -27.260     8.931     0.060     2.000         0
  -27.480     8.973     0.060     2.000         0
  -27.701     8.984     0.060     2.000         0
  -27.923     9.026     0.060     2.000         0
  -28.145     9.045     0.060     2.000         0
  -28.365     9.096     0.060     2.000         0
  -28.587     9.124     0.060     2.000         0
  -28.811     9.184     0.060     2.000         0
  -29.035     9.211     0.060     2.000         0
  -29.258     9.271     0.060     2.000         0
  -29.482     9.315     0.060     2.000         0
  -29.707     9.351     0.060     2.000         0
  -29.931     9.426     0.060     2.000         0
  -30.154     9.480     0.060     2.000         0
  -30.380     9.559     0.060     2.000         0
  -30.602     9.609     0.060     2.000         0
  -30.825     9.691     0.060     2.000         0
  -31.047     9.749     0.060     2.000         0
  -31.272     9.814     0.060     2.000         0
  -31.497     9.904     0.060     2.000         0
  -31.724     9.978     0.060     2.000         0
  -31.951    10.052     0.060     2.000         0
  -32.177    10.118     0.060     2.000         0
  -32.402    10.183     0.060     2.000         0
  -32.628    10.273     0.060     2.000         0
  -32.854    10.334     0.060     2.000         0
  -33.081    10.412     0.060     2.000         0
  -33.310    10.473     0.060     2.000         0
  -33.539    10.534     0.060     2.000         0
  -33.764    10.590     0.060     2.000         0
  -33.988    10.654     0.060     2.000         0
  -34.217    10.692     0.060     2.000         0
  -34.442    10.745     0.060     2.000         0
  -34.667    10.790     0.060     2.000         0
  -34.891    10.843     0.060     2.000         0
  -35.117    10.888     0.060     2.000         0
  -35.343    10.921     0.060     2.000         0
  -35.570    10.971     0.060     2.000         0
  -35.797    11.023     0.060     2.000         0
  -36.020    11.050     0.060     2.000         0
  -36.247    11.106     0.060     2.000         0
  -36.470    11.153     0.060     2.000         0
  -36.692    11.188     0.060     2.000         0
  -21.047     9.087     0.060     3.000         0
  -21.262     9.092     0.060     3.000         0
  -21.478     9.105     0.060     3.000         0
  -21.694     9.122     0.060     3.000         0
  -21.911     9.147     0.060     3.000         0
  -22.132     9.144     0.060     3.000         0
  -22.356     9.166     0.060     3.000         0
  -22.578     9.180     0.060     3.000         0
  -22.806     9.199     0.060     3.000         0
  -23.031     9.202     0.060     3.000         0
  -23.254     9.228     0.060     3.000         0
  -23.477     9.247     0.060     3.000         0
  -23.700     9.262     0.060     3.000         0
  -23.921     9.276     0.060     3.000         0
  -24.140     9.290     0.060     3.000         0
  -24.362     9.297     0.060     3.000         0
  -24.585     9.304     0.060     3.000         0
  -24.803     9.286     0.060     3.000         0
  -25.025     9.285     0.060     3.000         0
  -25.248     9.299     0.060     3.000         0
  -25.471     9.298     0.060     3.000         0
  -25.694     9.296     0.060     3.000         0
  -25.918     9.287     0.060     3.000         0
  -26.142     9.298     0.060     3.000         0
  -26.364     9.286     0.060     3.000         0
  -26.586     9.293     0.060     3.000         0
  -26.811     9.309     0.060     3.000         0
  -27.036     9.313     0.060     3.000         0
  -27.260     9.316     0.060     3.000         0
  -27.480     9.312     0.060     3.000         0
  -27.701     9.346     0.060     3.000         0
  -27.923     9.381     0.060     3.000         0
  -28.145     9.396     0.060     3.000         0
  -28.365     9.427     0.060     3.000         0
  -28.587     9.474     0.060     3.000         0
  -28.811     9.505     0.060     3.000         0
  -29.035     9.536     0.060     3.000         0
  -29.258     9.559     0.060     3.000         0
  -29.482     9.617     0.060     3.000         0
  -29.707     9.664     0.060     3.000         0
  -29.931     9.718     0.060     3.000         0
  -30.154     9.768     0.060     3.000         0
  -30.380     9.810     0.060     3.000         0
  -30.602     9.873     0.060     3.000         0
  -30.825     9.935     0.060     3.000         0
  -31.047     9.993     0.060     3.000         0
  -31.272    10.049     0.060     3.000         0
  -31.497    10.104     0.060     3.000         0
  -31.724    10.173     0.060     3.000         0
  -31.951    10.218     0.060     3.000         0
  -32.177    10.295     0.060     3.000         0
  -32.402    10.351     0.060     3.000         0
  -32.628    10.400     0.060     3.000         0
  -32.854    10.469     0.060     3.000         0
  -33.081    10.524     0.060     3.000         0
  -33.310    10.580     0.060     3.000         0
  -33.539    10.647     0.060     3.000         0
  -33.764    10.697     0.060     3.000         0
  -33.988    10.763     0.060     3.000         0
  -34.217    10.827     0.060     3.000         0
  -34.442    10.881     0.060     3.000         0
  -34.667    10.919     0.060     3.000         0
  -34.891    10.981     0.060     3.000         0
  -35.117    11.028     0.060     3.000         0
  -35.343    11.075     0.060     3.000         0
  -35.570    11.121     0.060     3.000         0
  -35.797    11.168     0.060     3.000         0
  -36.020    11.206     0.060     3.000         0
  -37.359    11.271     0.060     4.000         0
  -37.582    11.289     0.060     4.000         0
  -37.807    11.299     0.060     4.000         0
  -38.032    11.305     0.060     4.000         0
  -38.258    11.303     0.060     4.000         0
  -38.486    11.313     0.060     4.000         0
  -38.714    11.323     0.060     4.000         0
  -38.939    11.341     0.060     4.000         0
  -39.162    11.379     0.060     4.000         0
  -39.385    11.406     0.060     4.000         0
  -39.609    11.441     0.060     4.000         0
  -39.833    11.456     0.060     4.000         0
  -40.059    11.487     0.060     4.000         0
  -40.282    11.526     0.060     4.000         0
  -40.506    11.537     0.060     4.000         0
  -40.730    11.573     0.060     4.000         0
  -40.954    11.592     0.060     4.000         0
  -41.178    11.612     0.060     4.000         0
  -41.401    11.623     0.060     4.000         0
  -41.625    11.642     0.060     4.000         0
  -41.848    11.662     0.060     4.000         0
  -42.070    11.690     0.060     4.000         0
  -42.293    11.718     0.060     4.000         0
  -42.513    11.745     0.060     4.000         0
  -42.733    11.773     0.060     4.000         0
  -42.953    11.800     0.060     4.000         0
  -43.172    11.832     0.060     4.000         0
  -43.391    11.867     0.060     4.000         0
  -43.609    11.890     0.060     4.000         0
  -43.829    11.934     0.060     4.000         0
  -44.047    11.969     0.060     4.000         0
  -44.264    11.999     0.060     4.000         0
  -44.481    12.022     0.060     4.000         0
  -44.696    12.056     0.060     4.000         0
  -44.912    12.091     0.060     4.000         0
  -45.128    12.125     0.060     4.000         0
  -45.344    12.164     0.060     4.000         0
  -45.557    12.202     0.060     4.000         0
  -45.771    12.216     0.060     4.000         0
  -45.988    12.238     0.060     4.000         0
  -46.210    12.261     0.060     4.000         0
  -46.435    12.284     0.060     4.000         0
  -46.662    12.315     0.060     4.000         0
  -46.891    12.342     0.060     4.000         0
  -47.118    12.369     0.060     4.000         0
  -47.347    12.377     0.060     4.000         0
  -47.577    12.401     0.060     4.000         0
  -47.805    12.432     0.060     4.000         0
  -48.032    12.465     0.060     4.000         0
  -48.259    12.493     0.060     4.000         0
  -48.483    12.522     0.060     4.000         0
  -48.707    12.554     0.060     4.000         0
  -48.932    12.590     0.060     4.000         0
  -49.155    12.626     0.060     4.000         0
  -49.386    12.655     0.060     4.000         0
  -49.611    12.690     0.060     4.000         0
  -49.839    12.726     0.060     4.000         0
  -50.068    12.778     0.060     4.000         0
  -50.303    12.815     0.060     4.000         0
  -50.529    12.835     0.060     4.000         0
  -50.757    12.871     0.060     4.000         0
  -50.985    12.915     0.060     4.000         0
  -51.223    12.947     0.060     4.000         0
  -51.449    12.984     0.060     4.000         0
  -51.680    13.039     0.060     4.000         0
  -51.907    13.077     0.060     4.000         0
  -52.150    13.110     0.060     4.000         0
  -52.388    13.150     0.060     4.000         0
  -52.620    13.187     0.060     4.000         0
  -52.845    13.215     0.060     4.000         0
  -53.081    13.244     0.060     4.000         0
  -53.308    13.257     0.060     4.000         0
  -53.530    13.293     0.060     4.000         0
  -53.754    13.300     0.060     4.000         0
  -53.985    13.315     0.060     4.000         0
  -54.201    13.330     0.060     4.000         0
  -54.423    13.345     0.060     4.000         0
  -54.650    13.360     0.060     4.000         0
  -54.874    13.375     0.060     4.000         0
  -55.089    13.406     0.060     4.000         0
  -55.309    13.413     0.060     4.000         0
  -55.527    13.427     0.060     4.000         0
  -55.748    13.459     0.060     4.000         0
  -55.969    13.478     0.060     4.000         0
  -56.189    13.481     0.060     4.000         0
  -56.413    13.516     0.060     4.000         0
  -56.636    13.535     0.060     4.000         0
  -56.857    13.555     0.060     4.000         0
  -57.082    13.566     0.060     4.000         0
  -57.311    13.565     0.060     4.000         0
  -57.526    13.557     0.060     4.000         0
  -57.740    13.548     0.060     4.000         0
  -57.965    13.531     0.060     4.000         0
    0.000     0.000     0.000        -1
