    0.000     1.000     0.000         0
    3.916     5.104     0.060     1.000         0
    3.687     5.002     0.060     1.000         0
    3.458     4.924     0.060     1.000         0
    3.229     4.822     0.060     1.000         0
    2.997     4.716     0.060     1.000         0
    2.765     4.585     0.060     1.000         0
    2.535     4.480     0.060     1.000         0
    2.301     4.424     0.060     1.000         0
    2.070     4.357     0.060     1.000         0
    1.839     4.286     0.060     1.000         0
    1.609     4.219     0.060     1.000         0
    1.379     4.165     0.060     1.000         0
    1.150     4.112     0.060     1.000         0
    0.922     4.068     0.060     1.000         0
    0.695     4.025     0.060     1.000         0
    0.468     3.981     0.060     1.000         0
    0.245     3.946     0.060     1.000         0
    0.073     3.933     0.060     1.000         0
   33.708    10.337     0.060     2.000         0
   33.480    10.298     0.060     2.000         0
   33.251    10.250     0.060     2.000         0
   33.023    10.186     0.060     2.000         0
   32.796    10.147     0.060     2.000         0
   32.567    10.098     0.060     2.000         0
   32.340    10.058     0.060     2.000         0
   32.112     9.993     0.060     2.000         0
   31.883     9.945     0.060     2.000         0
   31.654     9.896     0.060     2.000         0
   31.426     9.856     0.060     2.000         0
   31.192     9.826     0.060     2.000         0
   30.960     9.788     0.060     2.000         0
   30.730     9.735     0.060     2.000         0
   30.501     9.698     0.060     2.000         0
   30.274     9.661     0.060     2.000         0
   30.043     9.632     0.060     2.000         0
   29.813     9.590     0.060     2.000         0
   29.581     9.573     0.060     2.000         0
   29.353     9.524     0.060     2.000         0
   29.118     9.505     0.060     2.000         0
   28.885     9.471     0.060     2.000         0
   28.652     9.430     0.060     2.000         0
   21.216     8.239     0.060     2.000         0
   20.990     8.186     0.060     2.000         0
   20.760     8.157     0.060     2.000         0
   20.530     8.127     0.060     2.000         0
   20.300     8.086     0.060     2.000         0
   20.070     8.053     0.060     2.000         0
   19.841     8.003     0.060     2.000         0
   19.611     7.970     0.060     2.000         0
   19.380     7.935     0.060     2.000         0
   19.150     7.888     0.060     2.000         0
   18.921     7.849     0.060     2.000         0
   18.692     7.806     0.060     2.000         0
   18.463     7.763     0.060     2.000         0
   18.232     7.712     0.060     2.000         0
   18.000     7.681     0.060     2.000         0
   17.768     7.637     0.060     2.000         0
   17.536     7.586     0.060     2.000         0
   17.296     7.557     0.060     2.000         0
   17.064     7.514     0.060     2.000         0
   16.834     7.470     0.060     2.000         0
   16.604     7.443     0.060     2.000         0
   16.376     7.405     0.060     2.000         0
   16.148     7.358     0.060     2.000         0
   15.920     7.318     0.060     2.000         0
   15.692     7.271     0.060     2.000         0
   15.464     7.240     0.060     2.000         0
   15.238     7.209     0.060     2.000         0
   15.012     7.158     0.060     2.000         0
   14.782     7.130     0.060     2.000         0
   14.553     7.074     0.060     2.000         0
   14.324     7.035     0.060     2.000         0
   14.098     6.996     0.060     2.000         0
   13.866     6.956     0.060     2.000         0
   13.638     6.917     0.060     2.000         0
   13.410     6.877     0.060     2.000         0
   13.180     6.837     0.060     2.000         0
   12.952     6.806     0.060     2.000         0
   12.723     6.771     0.060     2.000         0
   12.492     6.735     0.060     2.000         0
   12.263     6.695     0.060     2.000         0
   12.032     6.647     0.060     2.000         0
   11.802     6.616     0.060     2.000         0
   11.571     6.578     0.060     2.000         0
   11.342     6.539     0.060     2.000         0
   11.113     6.496     0.060     2.000         0
   10.886     6.458     0.060     2.000         0
   10.659     6.416     0.060     2.000         0
   10.436     6.369     0.060     2.000         0
   10.209     6.325     0.060     2.000         0
    9.981     6.281     0.060     2.000         0
    9.757     6.238     0.060     2.000         0
    9.532     6.202     0.060     2.000         0
    9.308     6.163     0.060     2.000         0
    9.083     6.120     0.060     2.000         0
    8.862     6.077     0.060     2.000         0
    8.639     6.034     0.060     2.000         0
    8.416     5.991     0.060     2.000         0
    8.193     5.948     0.060     2.000         0
    7.972     5.889     0.060     2.000         0
    7.749     5.854     0.060     2.000         0
    7.525     5.811     0.060     2.000         0
    7.301     5.778     0.060     2.000         0
    7.075     5.737     0.060     2.000         0
    6.852     5.681     0.060     2.000         0
    6.624     5.639     0.060     2.000         0
    6.398     5.598     0.060     2.000         0
    6.171     5.557     0.060     2.000         0
    5.946     5.516     0.060     2.000         0
    5.721     5.475     0.060     2.000         0
    5.497     5.434     0.060     2.000         0
    5.273     5.410     0.060     2.000         0
    5.049     5.369     0.060     2.000         0
    4.825     5.328     0.060     2.000         0
    4.596     5.287     0.060     2.000         0
    4.370     5.238     0.060     2.000         0
   39.627    11.094     0.060     3.000         0
   39.399    11.073     0.060     3.000         0
   39.173    11.028     0.060     3.000         0
   38.947    10.998     0.060     3.000         0
   38.722    10.977     0.060     3.000         0
   38.498    10.956     0.060     3.000         0
   38.272    10.911     0.060     3.000         0
   38.045    10.890     0.060     3.000         0
   37.817    10.868     0.060     3.000         0
   37.590    10.831     0.060     3.000         0
   37.364    10.802     0.060     3.000         0
   37.140    10.785     0.060     3.000         0
   36.909    10.763     0.060     3.000         0
   36.680    10.738     0.060     3.000         0
   36.449    10.716     0.060     3.000         0
   36.219    10.707     0.060     3.000         0
   35.990    10.690     0.060     3.000         0
   35.761    10.668     0.060     3.000         0
   35.531    10.647     0.060     3.000         0
   35.304    10.610     0.060     3.000         0
   35.077    10.588     0.060     3.000         0
   34.850    10.583     0.060     3.000         0
   34.619    10.554     0.060     3.000         0
   34.389    10.533     0.060     3.000         0
   34.161    10.504     0.060     3.000         0
   33.933    10.476     0.060     3.000         0
   33.708    10.444     0.060     3.000         0
   33.480    10.403     0.060     3.000         0
   33.251    10.375     0.060     3.000         0
   33.023    10.354     0.060     3.000         0
   32.796    10.321     0.060     3.000         0
   32.567    10.279     0.060     3.000         0
   32.340    10.246     0.060     3.000         0
   32.112    10.213     0.060     3.000         0
   31.883    10.179     0.060     3.000         0
   31.654    10.146     0.060     3.000         0
   31.426    10.120     0.060     3.000         0
   65.296    14.320     0.060     4.000         0
   65.080    14.272     0.060     4.000         0
   64.861    14.248     0.060     4.000         0
   64.643    14.192     0.060     4.000         0
   64.428    14.152     0.060     4.000         0
   64.211    14.128     0.060     4.000         0
   63.998    14.081     0.060     4.000         0
   63.785    14.040     0.060     4.000         0
   63.572    14.007     0.060     4.000         0
   63.361    13.978     0.060     4.000         0
   63.151    13.949     0.060     4.000         0
   62.939    13.926     0.060     4.000         0
   62.726    13.879     0.060     4.000         0
   62.511    13.847     0.060     4.000         0
   62.297    13.831     0.060     4.000         0
   62.085    13.784     0.060     4.000         0
   61.876    13.753     0.060     4.000         0
   61.666    13.730     0.060     4.000         0
   61.453    13.708     0.060     4.000         0
   61.237    13.710     0.060     4.000         0
   61.021    13.695     0.060     4.000         0
   60.804    13.673     0.060     4.000         0
   60.587    13.655     0.060     4.000         0
   60.371    13.645     0.060     4.000         0
   60.154    13.617     0.060     4.000         0
   59.938    13.594     0.060     4.000         0
   59.721    13.574     0.060     4.000         0
   59.505    13.543     0.060     4.000         0
   59.290    13.520     0.060     4.000         0
   59.073    13.496     0.060     4.000         0
   58.857    13.481     0.060     4.000         0
   58.641    13.456     0.060     4.000         0
   58.426    13.424     0.060     4.000         0
   58.211    13.411     0.060     4.000         0
   57.995    13.375     0.060     4.000         0
   57.782    13.367     0.060     4.000         0
   57.568    13.342     0.060     4.000         0
   57.351    13.310     0.060     4.000         0
   57.125    13.267     0.060     4.000         0
   56.897    13.223     0.060     4.000         0
   56.664    13.187     0.060     4.000         0
   56.431    13.159     0.060     4.000         0
   56.198    13.119     0.060     4.000         0
   55.968    13.067     0.060     4.000         0
   55.737    13.031     0.060     4.000         0
   55.503    12.986     0.060     4.000         0
   55.269    12.916     0.060     4.000         0
   55.033    12.862     0.060     4.000         0
   54.799    12.808     0.060     4.000         0
   54.563    12.754     0.060     4.000         0
   54.329    12.716     0.060     4.000         0
   54.094    12.646     0.060     4.000         0
   53.863    12.601     0.060     4.000         0
   53.626    12.569     0.060     4.000         0
   53.392    12.546     0.060     4.000         0
   53.157    12.523     0.060     4.000         0
   52.923    12.504     0.060     4.000         0
   52.691    12.477     0.060     4.000         0
   52.459    12.470     0.060     4.000         0
   52.226    12.439     0.060     4.000         0
   51.993    12.411     0.060     4.000         0
   51.761    12.391     0.060     4.000         0
   51.522    12.387     0.060     4.000         0
   51.286    12.351     0.060     4.000         0
   51.049    12.346     0.060     4.000         0
   50.810    12.326     0.060     4.000         0
   50.570    12.298     0.060     4.000         0
   50.333    12.285     0.060     4.000         0
   50.098    12.265     0.060     4.000         0
   49.861    12.237     0.060     4.000         0
   49.625    12.218     0.060     4.000         0
   49.386    12.175     0.060     4.000         0
   49.148    12.160     0.060     4.000         0
   48.910    12.138     0.060     4.000         0
   48.674    12.111     0.060     4.000         0
   48.436    12.068     0.060     4.000         0
   48.199    12.057     0.060     4.000         0
   47.965    12.027     0.060     4.000         0
   47.729    11.996     0.060     4.000         0
   47.495    11.965     0.060     4.000         0
   47.260    11.926     0.060     4.000         0
   47.026    11.896     0.060     4.000         0
   46.792    11.865     0.060     4.000         0
   46.559    11.834     0.060     4.000         0
   46.330    11.804     0.060     4.000         0
   46.096    11.781     0.060     4.000         0
   45.865    11.743     0.060     4.000         0
   45.629    11.728     0.060     4.000         0
   45.394    11.693     0.060     4.000         0
   45.159    11.658     0.060     4.000         0
   44.925    11.635     0.060     4.000         0
   44.691    11.588     0.060     4.000         0
   44.459    11.573     0.060     4.000         0
   44.229    11.527     0.060     4.000         0
   44.000    11.496     0.060     4.000         0
   43.770    11.482     0.060     4.000         0
   43.540    11.451     0.060     4.000         0
   43.315    11.422     0.060     4.000         0
   43.085    11.375     0.060     4.000         0
   42.852    11.352     0.060     4.000         0
   42.622    11.320     0.060     4.000         0
   42.389    11.296     0.060     4.000         0
   42.157    11.288     0.060     4.000         0
   41.924    11.263     0.060     4.000         0
   41.693    11.223     0.060     4.000         0
   41.462    11.215     0.060     4.000         0
   41.231    11.191     0.060     4.000         0
   41.000    11.167     0.060     4.000         0
   40.770    11.135     0.060     4.000         0
   40.539    11.107     0.060     4.000         0
   40.310    11.088     0.060     4.000         0
   40.082    11.045     0.060     4.000         0
   39.854    11.034     0.060     4.000         0
   39.627    10.991     0.060     4.000         0
   39.399    10.972     0.060     4.000         0
   39.173    10.953     0.060     4.000         0
   38.947    10.926     0.060     4.000         0
   38.722    10.899     0.060     4.000         0
   38.498    10.856     0.060     4.000         0
   38.272    10.845     0.060     4.000         0
   38.045    10.806     0.060     4.000         0
   37.817    10.783     0.060     4.000         0
   37.590    10.748     0.060     4.000         0
   37.364    10.721     0.060     4.000         0
   37.140    10.703     0.060     4.000         0
   36.909    10.683     0.060     4.000         0
   36.680    10.640     0.060     4.000         0
   36.449    10.620     0.060     4.000         0
    0.000    -1.000     0.000         0
   -0.234     3.953     0.060     1.000         0
   -0.456     3.972     0.060     1.000         0
   -0.682     4.001     0.060     1.000         0
   -0.911     4.043     0.060     1.000         0
   -1.137     4.092     0.060     1.000         0
   -1.363     4.145     0.060     1.000         0
   -1.589     4.190     0.060     1.000         0
   -1.814     4.227     0.060     1.000         0
   -2.037     4.307     0.060     1.000         0
   -2.259     4.394     0.060     1.000         0
   -2.481     4.457     0.060     1.000         0
   -2.702     4.543     0.060     1.000         0
   -2.923     4.643     0.060     1.000         0
   -3.144     4.734     0.060     1.000         0
   -3.365     4.810     0.060     1.000         0
   -3.586     4.909     0.060     1.000         0
   -3.806     5.019     0.060     1.000         0
   -4.027     5.105     0.060     1.000         0
   -4.247     5.223     0.060     1.000         0
   -4.471     5.318     0.060     1.000         0
   -4.917     5.434     0.060     2.000         0
   -5.140     5.484     0.060     2.000         0
   -5.360     5.525     0.060     2.000         0
   -5.582     5.551     0.060     2.000         0
   -5.802     5.596     0.060     2.000         0
   -6.022     5.634     0.060     2.000         0
   -6.242     5.683     0.060     2.000         0
   -6.463     5.733     0.060     2.000         0
   -6.684     5.766     0.060     2.000         0
   -6.906     5.812     0.060     2.000         0
   -7.129     5.854     0.060     2.000         0
   -7.352     5.892     0.060     2.000         0
   -7.576     5.926     0.060     2.000         0
   -7.797     5.969     0.060     2.000         0
   -8.020     6.003     0.060     2.000         0
   -8.243     6.046     0.060     2.000         0
   -8.467     6.076     0.060     2.000         0
   -8.687     6.118     0.060     2.000         0
   -8.912     6.153     0.060     2.000         0
   -9.136     6.200     0.060     2.000         0
   -9.360     6.230     0.060     2.000         0
   -9.582     6.276     0.060     2.000         0
   -9.804     6.321     0.060     2.000         0
  -10.026     6.347     0.060     2.000         0
  -10.245     6.380     0.060     2.000         0
  -10.465     6.426     0.060     2.000         0
  -10.684     6.459     0.060     2.000         0
  -10.902     6.499     0.060     2.000         0
  -11.121     6.540     0.060     2.000         0
  -11.340     6.581     0.060     2.000         0
  -11.560     6.622     0.060     2.000         0
  -11.780     6.663     0.060     2.000         0
  -11.997     6.711     0.060     2.000         0
  -12.217     6.761     0.060     2.000         0
  -12.435     6.803     0.060     2.000         0
  -12.653     6.829     0.060     2.000         0
  -12.871     6.871     0.060     2.000         0
  -13.086     6.928     0.060     2.000         0
  -13.303     6.954     0.060     2.000         0
  -13.518     6.999     0.060     2.000         0
  -13.734     7.044     0.060     2.000         0
  -13.950     7.094     0.060     2.000         0
  -14.167     7.127     0.060     2.000         0
  -14.388     7.151     0.060     2.000         0
  -14.612     7.183     0.060     2.000         0
  -14.834     7.215     0.060     2.000         0
  -15.062     7.252     0.060     2.000         0
  -15.287     7.289     0.060     2.000         0
  -15.510     7.321     0.060     2.000         0
  -15.733     7.334     0.060     2.000         0
  -15.956     7.331     0.060     2.000         0
  -16.177     7.345     0.060     2.000         0
  -16.396     7.350     0.060     2.000         0
  -16.618     7.367     0.060     2.000         0
  -16.841     7.376     0.060     2.000         0
  -17.059     7.389     0.060     2.000         0
  -17.281     7.378     0.060     2.000         0
  -17.504     7.383     0.060     2.000         0
  -17.727     7.388     0.060     2.000         0
  -17.950     7.393     0.060     2.000         0
  -18.174     7.399     0.060     2.000         0
  -18.398     7.420     0.060     2.000         0
  -18.620     7.413     0.060     2.000         0
  -18.842     7.422     0.060     2.000         0
  -19.067     7.439     0.060     2.000         0
  -19.292     7.464     0.060     2.000         0
  -19.516     7.505     0.060     2.000         0
  -19.736     7.522     0.060     2.000         0
  -19.957     7.539     0.060     2.000         0
  -20.179     7.564     0.060     2.000         0
  -20.401     7.589     0.060     2.000         0
  -20.621     7.625     0.060     2.000         0
  -20.844     7.646     0.060     2.000         0
  -21.067     7.695     0.060     2.000         0
  -21.291     7.732     0.060     2.000         0
  -21.514     7.773     0.060     2.000         0
  -21.738     7.834     0.060     2.000         0
  -21.963     7.880     0.060     2.000         0
  -22.187     7.925     0.060     2.000         0
  -22.410     7.954     0.060     2.000         0
  -22.636     8.015     0.060     2.000         0
  -22.858     8.044     0.060     2.000         0
  -23.081     8.097     0.060     2.000         0
  -23.303     8.198     0.060     2.000         0
  -23.529     8.276     0.060     2.000         0
  -23.753     8.382     0.060     2.000         0
  -23.980     8.473     0.060     2.000         0
  -24.207     8.539     0.060     2.000         0
  -24.433     8.612     0.060     2.000         0
  -24.659     8.685     0.060     2.000         0
  -24.884     8.770     0.060     2.000         0
  -25.110     8.843     0.060     2.000         0
  -25.337     8.921     0.060     2.000         0
  -25.566     8.987     0.060     2.000         0
  -25.795     9.087     0.060     2.000         0
  -26.020     9.161     0.060     2.000         0
  -26.245     9.268     0.060     2.000         0
  -26.474     9.344     0.060     2.000         0
  -26.698     9.449     0.060     2.000         0
  -26.923     9.532     0.060     2.000         0
  -27.147     9.593     0.060     2.000         0
  -27.373     9.647     0.060     2.000         0
  -27.599     9.685     0.060     2.000         0
  -27.826     9.755     0.060     2.000         0
  -28.053     9.809     0.060     2.000         0
  -28.276     9.846     0.060     2.000         0
  -28.503     9.908     0.060     2.000         0
  -24.433     9.093     0.060     3.000         0
  -24.659     9.160     0.060     3.000         0
  -24.884     9.203     0.060     3.000         0
  -25.110     9.279     0.060     3.000         0
  -25.337     9.330     0.060     3.000         0
  -25.566     9.394     0.060     3.000         0
  -25.795     9.451     0.060     3.000         0
  -26.020     9.495     0.060     3.000         0
  -26.245     9.547     0.060     3.000         0
  -26.474     9.601     0.060     3.000         0
  -26.698     9.653     0.060     3.000         0
  -26.923     9.705     0.060     3.000         0
  -27.147     9.762     0.060     3.000         0
  -27.373     9.818     0.060     3.000         0
  -27.599     9.859     0.060     3.000         0
  -27.826     9.876     0.060     3.000         0
  -28.053     9.924     0.060     3.000         0
  -28.276     9.956     0.060     3.000         0
  -28.503     9.985     0.060     3.000         0
  -28.726    10.009     0.060     3.000         0
  -28.948    10.041     0.060     3.000         0
  -29.173    10.086     0.060     3.000         0
  -29.392    10.117     0.060     3.000         0
  -29.615    10.141     0.060     3.000         0
  -30.514    10.151     0.060     4.000         0
  -30.742    10.173     0.060     4.000         0
  -30.970    10.178     0.060     4.000         0
  -31.195    10.195     0.060     4.000         0
  -31.418    10.205     0.060     4.000         0
  -31.641    10.218     0.060     4.000         0
  -31.865    10.239     0.060     4.000         0
  -32.089    10.277     0.060     4.000         0
  -32.315    10.298     0.060     4.000         0
  -32.538    10.319     0.060     4.000         0
  -32.762    10.341     0.060     4.000         0
  -32.986    10.362     0.060     4.000         0
  -33.210    10.367     0.060     4.000         0
  -33.434    10.397     0.060     4.000         0
  -33.657    10.409     0.060     4.000         0
  -33.881    10.430     0.060     4.000         0
  -34.104    10.458     0.060     4.000         0
  -34.326    10.470     0.060     4.000         0
  -34.549    10.491     0.060     4.000         0
  -34.769    10.511     0.060     4.000         0
  -34.989    10.531     0.060     4.000         0
  -35.210    10.559     0.060     4.000         0
  -35.428    10.589     0.060     4.000         0
  -35.647    10.610     0.060     4.000         0
  -35.865    10.639     0.060     4.000         0
  -36.085    10.685     0.060     4.000         0
  -36.304    10.711     0.060     4.000         0
  -36.520    10.736     0.060     4.000         0
  -36.737    10.773     0.060     4.000         0
  -36.952    10.794     0.060     4.000         0
  -37.168    10.838     0.060     4.000         0
  -37.384    10.857     0.060     4.000         0
  -37.600    10.893     0.060     4.000         0
  -37.813    10.936     0.060     4.000         0
  -38.027    10.963     0.060     4.000         0
  -38.244    11.007     0.060     4.000         0
  -38.466    11.028     0.060     4.000         0
  -38.692    11.059     0.060     4.000         0
  -38.918    11.089     0.060     4.000         0
  -39.147    11.119     0.060     4.000         0
  -39.374    11.150     0.060     4.000         0
  -39.603    11.180     0.060     4.000         0
  -39.833    11.211     0.060     4.000         0
  -40.061    11.246     0.060     4.000         0
  -40.288    11.280     0.060     4.000         0
  -40.515    11.310     0.060     4.000         0
  -40.739    11.332     0.060     4.000         0
  -40.964    11.378     0.060     4.000         0
  -41.188    11.400     0.060     4.000         0
  -41.411    11.431     0.060     4.000         0
  -41.642    11.471     0.060     4.000         0
  -41.867    11.502     0.060     4.000         0
  -42.095    11.534     0.060     4.000         0
  -42.324    11.550     0.060     4.000         0
  -42.559    11.590     0.060     4.000         0
  -42.785    11.613     0.060     4.000         0
  -43.013    11.661     0.060     4.000         0
  -43.241    11.677     0.060     4.000         0
  -43.479    11.726     0.060     4.000         0
  -43.705    11.749     0.060     4.000         0
  -43.936    11.775     0.060     4.000         0
  -44.163    11.825     0.060     4.000         0
  -44.406    11.857     0.060     4.000         0
  -44.644    11.880     0.060     4.000         0
  -44.876    11.914     0.060     4.000         0
  -45.101    11.947     0.060     4.000         0
  -45.338    11.999     0.060     4.000         0
  -45.564    12.024     0.060     4.000         0
  -45.786    12.056     0.060     4.000         0
  -46.011    12.064     0.060     4.000         0
  -46.241    12.105     0.060     4.000         0
  -46.457    12.112     0.060     4.000         0
  -46.679    12.152     0.060     4.000         0
  -46.906    12.177     0.060     4.000         0
  -47.130    12.189     0.060     4.000         0
  -47.345    12.224     0.060     4.000         0
  -47.565    12.240     0.060     4.000         0
  -47.783    12.236     0.060     4.000         0
  -48.004    12.240     0.060     4.000         0
  -48.225    12.259     0.060     4.000         0
  -48.445    12.247     0.060     4.000         0
  -48.669    12.251     0.060     4.000         0
  -48.892    12.255     0.060     4.000         0
  -49.113    12.275     0.060     4.000         0
  -49.338    12.279     0.060     4.000         0
  -49.567    12.267     0.060     4.000         0
  -49.782    12.278     0.060     4.000         0
    0.000     0.000     0.000        -1
