    0.000     1.000     0.000         0
    4.087     5.310     0.060     1.000         0
    3.867     5.203     0.060     1.000         0
    3.647     5.101     0.060     1.000         0
    3.427     4.994     0.060     1.000         0
    3.202     4.898     0.060     1.000         0
    2.980     4.797     0.060     1.000         0
    2.757     4.696     0.060     1.000         0
    2.534     4.576     0.060     1.000         0
    2.315     4.481     0.060     1.000         0
    2.093     4.406     0.060     1.000         0
    1.873     4.339     0.060     1.000         0
    1.653     4.273     0.060     1.000         0
    1.433     4.206     0.060     1.000         0
    1.213     4.148     0.060     1.000         0
    0.993     4.106     0.060     1.000         0
    0.773     4.069     0.060     1.000         0
    0.552     4.035     0.060     1.000         0
    0.336     4.016     0.060     1.000         0
    0.142     3.992     0.060     1.000         0
   41.378    11.446     0.060     2.000         0
   41.150    11.410     0.060     2.000         0
   40.922    11.383     0.060     2.000         0
   40.693    11.331     0.060     2.000         0
   40.466    11.295     0.060     2.000         0
   40.238    11.260     0.060     2.000         0
   40.010    11.224     0.060     2.000         0
   39.782    11.192     0.060     2.000         0
   39.554    11.157     0.060     2.000         0
   39.325    11.133     0.060     2.000         0
   39.096    11.093     0.060     2.000         0
   38.862    11.060     0.060     2.000         0
   38.630    11.024     0.060     2.000         0
   38.400    10.980     0.060     2.000         0
   38.172    10.940     0.060     2.000         0
   37.944    10.908     0.060     2.000         0
   37.713    10.876     0.060     2.000         0
   37.484    10.844     0.060     2.000         0
   37.252    10.827     0.060     2.000         0
   37.024    10.795     0.060     2.000         0
   36.788    10.762     0.060     2.000         0
   36.555    10.730     0.060     2.000         0
   36.323    10.681     0.060     2.000         0
   36.093    10.665     0.060     2.000         0
   35.862    10.625     0.060     2.000         0
   35.629    10.588     0.060     2.000         0
   35.396    10.559     0.060     2.000         0
   35.163    10.522     0.060     2.000         0
   34.931    10.469     0.060     2.000         0
   34.698    10.448     0.060     2.000         0
   34.465    10.403     0.060     2.000         0
   34.230    10.361     0.060     2.000         0
   33.998    10.336     0.060     2.000         0
   33.768    10.295     0.060     2.000         0
   33.539    10.258     0.060     2.000         0
   33.308    10.224     0.060     2.000         0
   33.076    10.171     0.060     2.000         0
   32.843    10.141     0.060     2.000         0
   32.611    10.110     0.060     2.000         0
   32.374    10.055     0.060     2.000         0
   32.139    10.032     0.060     2.000         0
   31.907     9.993     0.060     2.000         0
   31.675     9.955     0.060     2.000         0
   31.444     9.900     0.060     2.000         0
   31.211     9.861     0.060     2.000         0
   30.976     9.822     0.060     2.000         0
   30.743     9.792     0.060     2.000         0
   30.510     9.745     0.060     2.000         0
   30.277     9.714     0.060     2.000         0
   30.044     9.664     0.060     2.000         0
   29.809     9.622     0.060     2.000         0
   29.571     9.579     0.060     2.000         0
   29.345     9.538     0.060     2.000         0
   29.112     9.512     0.060     2.000         0
   28.887     9.455     0.060     2.000         0
   28.660     9.430     0.060     2.000         0
   28.430     9.381     0.060     2.000         0
   28.201     9.348     0.060     2.000         0
   27.971     9.302     0.060     2.000         0
   27.741     9.249     0.060     2.000         0
   27.511     9.215     0.060     2.000         0
   27.282     9.174     0.060     2.000         0
   27.051     9.144     0.060     2.000         0
   26.821     9.107     0.060     2.000         0
   26.591     9.053     0.060     2.000         0
   26.362     9.031     0.060     2.000         0
   26.133     8.994     0.060     2.000         0
   25.903     8.956     0.060     2.000         0
   25.671     8.902     0.060     2.000         0
   25.439     8.881     0.060     2.000         0
   25.207     8.843     0.060     2.000         0
   24.966     8.795     0.060     2.000         0
   24.735     8.752     0.060     2.000         0
   24.505     8.717     0.060     2.000         0
   24.275     8.682     0.060     2.000         0
   24.047     8.663     0.060     2.000         0
   23.819     8.612     0.060     2.000         0
   23.590     8.585     0.060     2.000         0
   23.362     8.550     0.060     2.000         0
   23.135     8.523     0.060     2.000         0
   22.908     8.489     0.060     2.000         0
   22.682     8.446     0.060     2.000         0
   22.452     8.409     0.060     2.000         0
   22.223     8.357     0.060     2.000         0
   21.995     8.321     0.060     2.000         0
   21.769     8.277     0.060     2.000         0
   21.536     8.224     0.060     2.000         0
   21.309     8.172     0.060     2.000         0
   21.080     8.135     0.060     2.000         0
   20.851     8.104     0.060     2.000         0
   20.623     8.072     0.060     2.000         0
   20.393     8.041     0.060     2.000         0
   20.163     8.009     0.060     2.000         0
   19.934     7.970     0.060     2.000         0
   19.702     7.946     0.060     2.000         0
   19.473     7.913     0.060     2.000         0
   19.242     7.871     0.060     2.000         0
   19.013     7.830     0.060     2.000         0
   18.784     7.789     0.060     2.000         0
   18.556     7.748     0.060     2.000         0
   18.330     7.708     0.060     2.000         0
   18.106     7.656     0.060     2.000         0
   17.880     7.615     0.060     2.000         0
   17.652     7.570     0.060     2.000         0
   17.427     7.530     0.060     2.000         0
   17.202     7.497     0.060     2.000         0
   16.979     7.454     0.060     2.000         0
   16.754     7.431     0.060     2.000         0
   16.532     7.391     0.060     2.000         0
   16.310     7.356     0.060     2.000         0
   16.086     7.321     0.060     2.000         0
   15.864     7.278     0.060     2.000         0
   15.642     7.243     0.060     2.000         0
   15.420     7.207     0.060     2.000         0
   15.196     7.176     0.060     2.000         0
   14.972     7.144     0.060     2.000         0
   14.745     7.109     0.060     2.000         0
   14.523     7.073     0.060     2.000         0
   14.295     7.035     0.060     2.000         0
   14.069     6.993     0.060     2.000         0
   13.842     6.955     0.060     2.000         0
   13.616     6.913     0.060     2.000         0
   13.392     6.875     0.060     2.000         0
   13.167     6.846     0.060     2.000         0
   12.943     6.808     0.060     2.000         0
   12.719     6.772     0.060     2.000         0
   12.495     6.727     0.060     2.000         0
   12.267     6.682     0.060     2.000         0
   12.040     6.637     0.060     2.000         0
   11.815     6.593     0.060     2.000         0
   11.587     6.544     0.060     2.000         0
   11.358     6.486     0.060     2.000         0
   11.129     6.441     0.060     2.000         0
   10.899     6.404     0.060     2.000         0
   10.668     6.364     0.060     2.000         0
   10.435     6.349     0.060     2.000         0
   10.205     6.317     0.060     2.000         0
    9.971     6.285     0.060     2.000         0
    9.740     6.246     0.060     2.000         0
    9.510     6.201     0.060     2.000         0
    9.280     6.179     0.060     2.000         0
    9.050     6.130     0.060     2.000         0
    8.820     6.089     0.060     2.000         0
    8.591     6.052     0.060     2.000         0
    8.363     6.023     0.060     2.000         0
    8.135     5.971     0.060     2.000         0
    7.907     5.944     0.060     2.000         0
    7.678     5.900     0.060     2.000         0
    7.450     5.844     0.060     2.000         0
    7.223     5.801     0.060     2.000         0
    6.995     5.757     0.060     2.000         0
    6.765     5.717     0.060     2.000         0
    6.537     5.693     0.060     2.000         0
    6.311     5.661     0.060     2.000         0
    6.084     5.629     0.060     2.000         0
    5.859     5.581     0.060     2.000         0
    5.636     5.550     0.060     2.000         0
    5.414     5.527     0.060     2.000         0
    5.192     5.504     0.060     2.000         0
    4.970     5.482     0.060     2.000         0
    4.750     5.452     0.060     2.000         0
    4.529     5.417     0.060     2.000         0
   41.604    11.545     0.060     3.000         0
   41.378    11.501     0.060     3.000         0
   41.150    11.466     0.060     3.000         0
   40.922    11.434     0.060     3.000         0
   40.693    11.394     0.060     3.000         0
   40.466    11.371     0.060     3.000         0
   40.238    11.327     0.060     3.000         0
   40.010    11.296     0.060     3.000         0
   39.782    11.260     0.060     3.000         0
   39.554    11.221     0.060     3.000         0
   39.325    11.194     0.060     3.000         0
   39.096    11.163     0.060     3.000         0
   38.862    11.127     0.060     3.000         0
   38.630    11.092     0.060     3.000         0
   38.400    11.041     0.060     3.000         0
   38.172    11.006     0.060     3.000         0
   37.944    10.971     0.060     3.000         0
   37.713    10.936     0.060     3.000         0
   37.484    10.909     0.060     3.000         0
   37.252    10.877     0.060     3.000         0
   37.024    10.853     0.060     3.000         0
   36.788    10.820     0.060     3.000         0
   36.555    10.788     0.060     3.000         0
   36.323    10.756     0.060     3.000         0
   36.093    10.724     0.060     3.000         0
   35.862    10.692     0.060     3.000         0
   35.629    10.660     0.060     3.000         0
   35.396    10.619     0.060     3.000         0
   35.163    10.598     0.060     3.000         0
   34.931    10.552     0.060     3.000         0
   34.698    10.526     0.060     3.000         0
   34.465    10.496     0.060     3.000         0
   34.230    10.478     0.060     3.000         0
   33.998    10.432     0.060     3.000         0
   33.768    10.402     0.060     3.000         0
   33.539    10.385     0.060     3.000         0
   33.308    10.351     0.060     3.000         0
   33.076    10.319     0.060     3.000         0
   32.843    10.307     0.060     3.000         0
   32.611    10.271     0.060     3.000         0
   32.374    10.246     0.060     3.000         0
   32.139    10.222     0.060     3.000         0
   31.907    10.198     0.060     3.000         0
   31.675    10.190     0.060     3.000         0
   31.444    10.150     0.060     3.000         0
   31.211    10.142     0.060     3.000         0
   30.976    10.110     0.060     3.000         0
   30.743    10.084     0.060     3.000         0
   30.510    10.046     0.060     3.000         0
   30.277    10.000     0.060     3.000         0
   30.044     9.966     0.060     3.000         0
   29.809     9.932     0.060     3.000         0
   29.571     9.897     0.060     3.000         0
   29.345     9.864     0.060     3.000         0
   29.112     9.835     0.060     3.000         0
   28.887     9.806     0.060     3.000         0
   28.660     9.763     0.060     3.000         0
   28.430     9.744     0.060     3.000         0
   28.201     9.693     0.060     3.000         0
   27.971     9.658     0.060     3.000         0
   27.741     9.639     0.060     3.000         0
   27.511     9.589     0.060     3.000         0
   27.282     9.554     0.060     3.000         0
   27.051     9.527     0.060     3.000         0
   26.821     9.491     0.060     3.000         0
   26.591     9.479     0.060     3.000         0
   26.362     9.451     0.060     3.000         0
   26.133     9.423     0.060     3.000         0
   25.903     9.395     0.060     3.000         0
   25.671     9.363     0.060     3.000         0
   25.439     9.323     0.060     3.000         0
   25.207     9.303     0.060     3.000         0
   24.966     9.280     0.060     3.000         0
   24.735     9.235     0.060     3.000         0
   24.505     9.213     0.060     3.000         0
   24.275     9.175     0.060     3.000         0
   24.047     9.146     0.060     3.000         0
   23.819     9.117     0.060     3.000         0
   23.590     9.091     0.060     3.000         0
   23.362     9.074     0.060     3.000         0
   23.135     9.037     0.060     3.000         0
   22.908     9.017     0.060     3.000         0
   22.682     8.982     0.060     3.000         0
   22.452     8.962     0.060     3.000         0
   22.223     8.934     0.060     3.000         0
   21.995     8.906     0.060     3.000         0
   21.769     8.871     0.060     3.000         0
   21.536     8.834     0.060     3.000         0
   21.309     8.806     0.060     3.000         0
   21.080     8.783     0.060     3.000         0
   20.851     8.759     0.060     3.000         0
   20.623     8.736     0.060     3.000         0
   20.393     8.712     0.060     3.000         0
   20.163     8.685     0.060     3.000         0
   19.934     8.658     0.060     3.000         0
   19.702     8.614     0.060     3.000         0
   19.473     8.587     0.060     3.000         0
   19.242     8.567     0.060     3.000         0
   19.013     8.532     0.060     3.000         0
   18.784     8.517     0.060     3.000         0
   18.556     8.486     0.060     3.000         0
   71.668    14.919     0.060     4.000         0
   71.455    14.899     0.060     4.000         0
   71.243    14.872     0.060     4.000         0
   71.031    14.845     0.060     4.000         0
   70.821    14.802     0.060     4.000         0
   70.610    14.774     0.060     4.000         0
   70.397    14.747     0.060     4.000         0
   70.181    14.719     0.060     4.000         0
   69.967    14.699     0.060     4.000         0
   69.756    14.674     0.060     4.000         0
   69.546    14.669     0.060     4.000         0
   69.336    14.639     0.060     4.000         0
   69.124    14.622     0.060     4.000         0
   68.907    14.604     0.060     4.000         0
   68.691    14.594     0.060     4.000         0
   68.475    14.577     0.060     4.000         0
   68.258    14.553     0.060     4.000         0
   68.042    14.529     0.060     4.000         0
   67.824    14.525     0.060     4.000         0
   67.608    14.497     0.060     4.000         0
   67.392    14.477     0.060     4.000         0
   67.176    14.457     0.060     4.000         0
   66.960    14.436     0.060     4.000         0
   66.743    14.408     0.060     4.000         0
   66.527    14.380     0.060     4.000         0
   66.312    14.343     0.060     4.000         0
   66.096    14.315     0.060     4.000         0
   65.881    14.280     0.060     4.000         0
   65.666    14.269     0.060     4.000         0
   65.453    14.226     0.060     4.000         0
   65.239    14.200     0.060     4.000         0
   65.021    14.180     0.060     4.000         0
   64.795    14.148     0.060     4.000         0
   64.568    14.124     0.060     4.000         0
   64.334    14.087     0.060     4.000         0
   64.102    14.043     0.060     4.000         0
   63.869    14.010     0.060     4.000         0
   63.638    13.966     0.060     4.000         0
   63.407    13.922     0.060     4.000         0
   63.174    13.862     0.060     4.000         0
   62.940    13.778     0.060     4.000         0
   62.704    13.717     0.060     4.000         0
   62.470    13.648     0.060     4.000         0
   62.234    13.620     0.060     4.000         0
   62.000    13.575     0.060     4.000         0
   61.765    13.531     0.060     4.000         0
   61.533    13.495     0.060     4.000         0
   61.297    13.458     0.060     4.000         0
   61.063    13.430     0.060     4.000         0
   60.828    13.393     0.060     4.000         0
   60.594    13.367     0.060     4.000         0
   60.361    13.349     0.060     4.000         0
   60.130    13.319     0.060     4.000         0
   59.897    13.313     0.060     4.000         0
   59.664    13.291     0.060     4.000         0
   59.432    13.269     0.060     4.000         0
   59.193    13.239     0.060     4.000         0
   58.957    13.216     0.060     4.000         0
   58.720    13.196     0.060     4.000         0
   58.480    13.183     0.060     4.000         0
   58.241    13.170     0.060     4.000         0
   58.004    13.157     0.060     4.000         0
   57.768    13.160     0.060     4.000         0
   57.532    13.147     0.060     4.000         0
   57.296    13.135     0.060     4.000         0
   57.056    13.114     0.060     4.000         0
   56.819    13.081     0.060     4.000         0
   56.581    13.072     0.060     4.000         0
   56.344    13.031     0.060     4.000         0
   56.106    13.006     0.060     4.000         0
   55.870    12.997     0.060     4.000         0
   55.635    12.965     0.060     4.000         0
   55.400    12.936     0.060     4.000         0
   55.166    12.884     0.060     4.000         0
   54.931    12.847     0.060     4.000         0
   54.696    12.811     0.060     4.000         0
   54.463    12.782     0.060     4.000         0
   54.230    12.754     0.060     4.000         0
   54.001    12.715     0.060     4.000         0
   53.767    12.674     0.060     4.000         0
   53.535    12.667     0.060     4.000         0
   53.300    12.644     0.060     4.000         0
   53.064    12.625     0.060     4.000         0
   52.830    12.622     0.060     4.000         0
   52.595    12.599     0.060     4.000         0
   52.362    12.576     0.060     4.000         0
   52.130    12.569     0.060     4.000         0
   51.900    12.522     0.060     4.000         0
   51.670    12.483     0.060     4.000         0
   51.440    12.444     0.060     4.000         0
   51.211    12.405     0.060     4.000         0
   50.986    12.383     0.060     4.000         0
   50.755    12.328     0.060     4.000         0
   50.523    12.292     0.060     4.000         0
   50.292    12.265     0.060     4.000         0
   50.060    12.209     0.060     4.000         0
   49.828    12.178     0.060     4.000         0
   49.595    12.138     0.060     4.000         0
   49.364    12.125     0.060     4.000         0
   49.133    12.095     0.060     4.000         0
   48.901    12.077     0.060     4.000         0
   48.670    12.043     0.060     4.000         0
   48.440    12.026     0.060     4.000         0
   48.209    12.012     0.060     4.000         0
   47.980    11.995     0.060     4.000         0
   47.752    11.965     0.060     4.000         0
   47.525    11.952     0.060     4.000         0
   47.298    11.914     0.060     4.000         0
   47.069    11.901     0.060     4.000         0
   46.844    11.891     0.060     4.000         0
   46.617    11.881     0.060     4.000         0
   46.392    11.859     0.060     4.000         0
   46.168    11.853     0.060     4.000         0
   45.943    11.835     0.060     4.000         0
   45.716    11.821     0.060     4.000         0
   45.488    11.810     0.060     4.000         0
   45.261    11.780     0.060     4.000         0
   45.035    11.766     0.060     4.000         0
   44.810    11.752     0.060     4.000         0
   44.580    11.754     0.060     4.000         0
   44.350    11.732     0.060     4.000         0
   44.120    11.712     0.060     4.000         0
   43.889    11.685     0.060     4.000         0
   43.661    11.673     0.060     4.000         0
   43.431    11.646     0.060     4.000         0
   43.202    11.642     0.060     4.000         0
   42.975    11.623     0.060     4.000         0
   42.748    11.604     0.060     4.000         0
   42.521    11.585     0.060     4.000         0
   42.290    11.561     0.060     4.000         0
   42.059    11.538     0.060     4.000         0
    0.000    -1.000     0.000         0
   -0.163     3.987     0.060     1.000         0
   -0.363     4.003     0.060     1.000         0
   -0.580     4.030     0.060     1.000         0
   -0.801     4.068     0.060     1.000         0
   -1.020     4.109     0.060     1.000         0
   -1.244     4.156     0.060     1.000         0
   -1.467     4.217     0.060     1.000         0
   -1.690     4.278     0.060     1.000         0
   -1.912     4.359     0.060     1.000         0
   -2.134     4.409     0.060     1.000         0
   -2.356     4.482     0.060     1.000         0
   -2.575     4.575     0.060     1.000         0
   -2.795     4.665     0.060     1.000         0
   -3.013     4.762     0.060     1.000         0
   -3.231     4.854     0.060     1.000         0
   -3.450     4.947     0.060     1.000         0
   -3.670     5.023     0.060     1.000         0
   -3.889     5.116     0.060     1.000         0
   -4.109     5.200     0.060     1.000         0
   -4.327     5.276     0.060     1.000         0
   -4.546     5.363     0.060     1.000         0
   -4.983     5.482     0.060     2.000         0
   -5.200     5.524     0.060     2.000         0
   -5.416     5.581     0.060     2.000         0
   -5.632     5.639     0.060     2.000         0
   -5.847     5.704     0.060     2.000         0
   -6.063     5.762     0.060     2.000         0
   -6.280     5.808     0.060     2.000         0
   -6.497     5.846     0.060     2.000         0
   -6.717     5.912     0.060     2.000         0
   -6.941     5.956     0.060     2.000         0
   -7.164     5.974     0.060     2.000         0
   -7.392     6.002     0.060     2.000         0
   -7.616     6.029     0.060     2.000         0
   -7.839     6.064     0.060     2.000         0
   -8.063     6.080     0.060     2.000         0
   -8.286     6.073     0.060     2.000         0
   -8.506     6.081     0.060     2.000         0
   -8.725     6.098     0.060     2.000         0
   -8.947     6.096     0.060     2.000         0
   -9.170     6.119     0.060     2.000         0
   -9.388     6.117     0.060     2.000         0
   -9.610     6.132     0.060     2.000         0
   -9.833     6.130     0.060     2.000         0
  -10.057     6.129     0.060     2.000         0
  -10.280     6.133     0.060     2.000         0
  -10.503     6.132     0.060     2.000         0
  -10.727     6.135     0.060     2.000         0
  -10.949     6.146     0.060     2.000         0
  -11.172     6.174     0.060     2.000         0
  -11.397     6.181     0.060     2.000         0
  -11.622     6.197     0.060     2.000         0
  -11.845     6.216     0.060     2.000         0
  -12.065     6.235     0.060     2.000         0
  -12.287     6.255     0.060     2.000         0
  -12.508     6.274     0.060     2.000         0
  -12.730     6.293     0.060     2.000         0
  -12.950     6.320     0.060     2.000         0
  -13.173     6.362     0.060     2.000         0
  -13.396     6.404     0.060     2.000         0
  -13.621     6.450     0.060     2.000         0
  -13.844     6.495     0.060     2.000         0
  -14.068     6.541     0.060     2.000         0
  -14.292     6.587     0.060     2.000         0
  -14.516     6.633     0.060     2.000         0
  -14.739     6.679     0.060     2.000         0
  -14.965     6.733     0.060     2.000         0
  -15.188     6.817     0.060     2.000         0
  -15.411     6.893     0.060     2.000         0
  -15.633     6.969     0.060     2.000         0
  -15.858     7.029     0.060     2.000         0
  -16.083     7.114     0.060     2.000         0
  -16.309     7.198     0.060     2.000         0
  -16.537     7.276     0.060     2.000         0
  -16.763     7.345     0.060     2.000         0
  -16.988     7.444     0.060     2.000         0
  -17.213     7.528     0.060     2.000         0
  -17.440     7.612     0.060     2.000         0
  -17.667     7.720     0.060     2.000         0
  -17.896     7.805     0.060     2.000         0
  -18.125     7.877     0.060     2.000         0
  -18.350     7.968     0.060     2.000         0
  -18.574     8.043     0.060     2.000         0
  -18.803     8.131     0.060     2.000         0
  -19.028     8.210     0.060     2.000         0
  -19.253     8.281     0.060     2.000         0
  -19.477     8.353     0.060     2.000         0
  -19.703     8.417     0.060     2.000         0
  -19.929     8.482     0.060     2.000         0
  -20.156     8.546     0.060     2.000         0
  -20.383     8.614     0.060     2.000         0
  -20.606     8.673     0.060     2.000         0
  -20.833     8.737     0.060     2.000         0
  -21.945     8.837     0.060     4.000         0
  -22.169     8.854     0.060     4.000         0
  -22.393     8.847     0.060     4.000         0
  -22.618     8.855     0.060     4.000         0
  -22.844     8.872     0.060     4.000         0
  -23.072     8.895     0.060     4.000         0
  -23.300     8.942     0.060     4.000         0
  -23.525     8.956     0.060     4.000         0
  -23.748     9.002     0.060     4.000         0
  -23.971     9.032     0.060     4.000         0
  -24.195     9.062     0.060     4.000         0
  -24.419     9.092     0.060     4.000         0
  -24.645     9.107     0.060     4.000         0
  -24.868     9.145     0.060     4.000         0
  -25.092     9.171     0.060     4.000         0
  -25.316     9.201     0.060     4.000         0
  -25.540     9.216     0.060     4.000         0
  -25.764     9.242     0.060     4.000         0
  -25.987     9.272     0.060     4.000         0
  -26.210     9.295     0.060     4.000         0
  -26.434     9.321     0.060     4.000         0
  -26.656     9.355     0.060     4.000         0
  -26.879     9.394     0.060     4.000         0
  -27.099     9.416     0.060     4.000         0
  -27.319     9.446     0.060     4.000         0
  -27.539     9.468     0.060     4.000         0
  -27.758     9.498     0.060     4.000         0
  -27.977     9.528     0.060     4.000         0
  -28.195     9.570     0.060     4.000         0
  -28.415     9.588     0.060     4.000         0
  -28.633     9.618     0.060     4.000         0
  -28.850     9.655     0.060     4.000         0
  -29.067     9.697     0.060     4.000         0
  -29.282     9.722     0.060     4.000         0
  -29.498     9.764     0.060     4.000         0
  -29.714     9.813     0.060     4.000         0
  -29.929     9.851     0.060     4.000         0
  -30.143     9.888     0.060     4.000         0
  -30.356     9.925     0.060     4.000         0
  -30.574     9.955     0.060     4.000         0
  -30.795     9.990     0.060     4.000         0
  -31.021    10.015     0.060     4.000         0
  -31.248    10.047     0.060     4.000         0
  -31.477    10.076     0.060     4.000         0
  -31.703    10.104     0.060     4.000         0
  -31.933    10.133     0.060     4.000         0
  -32.163    10.161     0.060     4.000         0
  -32.391    10.190     0.060     4.000         0
  -32.618    10.210     0.060     4.000         0
  -32.844    10.247     0.060     4.000         0
  -33.069    10.283     0.060     4.000         0
  -33.293    10.315     0.060     4.000         0
  -33.518    10.348     0.060     4.000         0
  -33.741    10.380     0.060     4.000         0
  -33.972    10.413     0.060     4.000         0
  -34.197    10.446     0.060     4.000         0
  -34.424    10.478     0.060     4.000         0
  -34.654    10.503     0.060     4.000         0
  -34.889    10.542     0.060     4.000         0
  -35.115    10.564     0.060     4.000         0
  -35.343    10.598     0.060     4.000         0
  -35.571    10.640     0.060     4.000         0
  -35.808    10.667     0.060     4.000         0
  -36.035    10.701     0.060     4.000         0
  -36.265    10.744     0.060     4.000         0
  -36.492    10.797     0.060     4.000         0
  -36.736    10.830     0.060     4.000         0
  -36.973    10.893     0.060     4.000         0
  -37.206    10.932     0.060     4.000         0
  -37.430    10.961     0.060     4.000         0
  -37.667    10.982     0.060     4.000         0
  -37.893    11.003     0.060     4.000         0
  -38.116    11.023     0.060     4.000         0
  -38.340    11.035     0.060     4.000         0
  -38.570    11.052     0.060     4.000         0
  -38.786    11.083     0.060     4.000         0
  -39.009    11.115     0.060     4.000         0
  -39.236    11.135     0.060     4.000         0
  -39.459    11.151     0.060     4.000         0
  -39.675    11.178     0.060     4.000         0
  -39.894    11.197     0.060     4.000         0
  -40.113    11.225     0.060     4.000         0
  -40.333    11.246     0.060     4.000         0
  -40.554    11.259     0.060     4.000         0
  -40.775    11.273     0.060     4.000         0
  -40.998    11.282     0.060     4.000         0
  -41.222    11.292     0.060     4.000         0
  -41.443    11.302     0.060     4.000         0
  -41.667    11.304     0.060     4.000         0
  -41.896    11.305     0.060     4.000         0
  -42.111    11.307     0.060     4.000         0
  -42.325    11.301     0.060     4.000         0
  -42.551    11.305     0.060     4.000         0
  -42.773    11.314     0.060     4.000         0
  -42.995    11.334     0.060     4.000         0
  -43.218    11.335     0.060     4.000         0
  -43.442    11.366     0.060     4.000         0
  -43.665    11.388     0.060     4.000         0
  -43.889    11.395     0.060     4.000         0
  -44.109    11.422     0.060     4.000         0
  -44.338    11.457     0.060     4.000         0
  -44.556    11.479     0.060     4.000         0
  -44.773    11.501     0.060     4.000         0
  -44.992    11.507     0.060     4.000         0
  -45.213    11.530     0.060     4.000         0
  -45.434    11.560     0.060     4.000         0
  -45.657    11.591     0.060     4.000         0
  -45.875    11.629     0.060     4.000         0
  -46.092    11.643     0.060     4.000         0
  -46.307    11.681     0.060     4.000         0
  -46.526    11.703     0.060     4.000         0
  -46.742    11.741     0.060     4.000         0
  -46.959    11.763     0.060     4.000         0
  -47.177    11.809     0.060     4.000         0
  -47.399    11.832     0.060     4.000         0
  -47.618    11.855     0.060     4.000         0
  -47.840    11.903     0.060     4.000         0
  -48.061    11.919     0.060     4.000         0
  -48.282    11.966     0.060     4.000         0
  -48.505    11.998     0.060     4.000         0
  -48.729    12.015     0.060     4.000         0
  -48.953    12.047     0.060     4.000         0
  -49.176    12.083     0.060     4.000         0
  -49.398    12.111     0.060     4.000         0
  -49.623    12.151     0.060     4.000         0
  -49.849    12.183     0.060     4.000         0
  -50.073    12.206     0.060     4.000         0
  -50.301    12.246     0.060     4.000         0
  -50.524    12.257     0.060     4.000         0
  -50.747    12.284     0.060     4.000         0
  -50.970    12.315     0.060     4.000         0
  -51.192    12.350     0.060     4.000         0
  -51.415    12.377     0.060     4.000         0
  -51.637    12.400     0.060     4.000         0
  -51.858    12.446     0.060     4.000         0
  -52.080    12.484     0.060     4.000         0
  -52.302    12.506     0.060     4.000         0
  -52.525    12.561     0.060     4.000         0
  -52.747    12.591     0.060     4.000         0
  -52.971    12.598     0.060     4.000         0
  -53.195    12.605     0.060     4.000         0
  -53.417    12.629     0.060     4.000         0
  -53.639    12.628     0.060     4.000         0
  -53.860    12.655     0.060     4.000         0
  -54.080    12.666     0.060     4.000         0
  -54.299    12.677     0.060     4.000         0
  -54.520    12.672     0.060     4.000         0
  -54.743    12.692     0.060     4.000         0
  -54.967    12.692     0.060     4.000         0
  -55.191    12.701     0.060     4.000         0
  -55.416    12.709     0.060     4.000         0
  -55.641    12.718     0.060     4.000         0
  -55.864    12.743     0.060     4.000         0
  -56.088    12.739     0.060     4.000         0
  -56.310    12.744     0.060     4.000         0
  -56.533    12.764     0.060     4.000         0
  -56.755    12.777     0.060     4.000         0
  -56.977    12.777     0.060     4.000         0
  -57.199    12.813     0.060     4.000         0
  -57.421    12.833     0.060     4.000         0
  -57.642    12.864     0.060     4.000         0
  -57.865    12.896     0.060     4.000         0
  -58.086    12.928     0.060     4.000         0
  -58.304    12.959     0.060     4.000         0
  -58.526    12.990     0.060     4.000         0
  -58.750    13.039     0.060     4.000         0
  -58.975    13.055     0.060     4.000         0
  -59.198    13.087     0.060     4.000         0
  -59.421    13.118     0.060     4.000         0
  -59.643    13.150     0.060     4.000         0
  -59.860    13.189     0.060     4.000         0
  -60.081    13.216     0.060     4.000         0
  -60.301    13.251     0.060     4.000         0
  -60.521    13.286     0.060     4.000         0
  -60.739    13.321     0.060     4.000         0
  -60.953    13.367     0.060     4.000         0
  -61.177    13.406     0.060     4.000         0
  -61.399    13.425     0.060     4.000         0
  -61.616    13.476     0.060     4.000         0
  -61.835    13.495     0.060     4.000         0
  -62.052    13.545     0.060     4.000         0
  -62.274    13.564     0.060     4.000         0
  -62.490    13.607     0.060     4.000         0
  -62.707    13.645     0.060     4.000         0
  -62.925    13.676     0.060     4.000         0
  -63.140    13.705     0.060     4.000         0
  -63.357    13.739     0.060     4.000         0
  -63.572    13.768     0.060     4.000         0
  -63.786    13.805     0.060     4.000         0
  -64.001    13.850     0.060     4.000         0
  -64.215    13.868     0.060     4.000         0
  -64.433    13.909     0.060     4.000         0
  -64.649    13.955     0.060     4.000         0
  -64.863    14.001     0.060     4.000         0
  -65.077    14.067     0.060     4.000         0
  -65.289    14.116     0.060     4.000         0
  -65.500    14.165     0.060     4.000         0
  -65.713    14.211     0.060     4.000         0
  -65.932    14.265     0.060     4.000         0
  -66.152    14.312     0.060     4.000         0
  -66.373    14.368     0.060     4.000         0
  -66.596    14.420     0.060     4.000         0
  -66.819    14.463     0.060     4.000         0
  -67.042    14.507     0.060     4.000         0
  -67.265    14.567     0.060     4.000         0
  -67.490    14.584     0.060     4.000         0
  -67.715    14.610     0.060     4.000         0
  -67.938    14.651     0.060     4.000         0
  -68.162    14.673     0.060     4.000         0
  -68.387    14.694     0.060     4.000         0
  -68.611    14.714     0.060     4.000         0
  -68.836    14.754     0.060     4.000         0
  -69.062    14.771     0.060     4.000         0
  -69.284    14.802     0.060     4.000         0
  -69.504    14.834     0.060     4.000         0
  -69.731    14.875     0.060     4.000         0
  -69.956    14.909     0.060     4.000         0
  -70.178    14.942     0.060     4.000         0
  -70.400    14.971     0.060     4.000         0
  -70.619    14.999     0.060     4.000         0
  -70.842    15.027     0.060     4.000         0
  -71.063    15.058     0.060     4.000         0
  -71.287    15.086     0.060     4.000         0
  -71.516    15.135     0.060     4.000         0
  -71.747    15.160     0.060     4.000         0
  -71.977    15.201     0.060     4.000         0
  -72.206    15.234     0.060     4.000         0
  -72.436    15.258     0.060     4.000         0
    0.000     0.000     0.000        -1
