    0.000     1.000     0.000         0
    3.369     5.083     0.060     1.000         0
    3.149     4.963     0.060     1.000         0
    2.930     4.819     0.060     1.000         0
    2.712     4.700     0.060     1.000         0
    2.495     4.615     0.060     1.000         0
    2.280     4.531     0.060     1.000         0
    2.063     4.449     0.060     1.000         0
    1.848     4.377     0.060     1.000         0
    1.633     4.317     0.060     1.000         0
    1.416     4.265     0.060     1.000         0
    1.199     4.213     0.060     1.000         0
    0.979     4.160     0.060     1.000         0
    0.755     4.115     0.060     1.000         0
    0.533     4.087     0.060     1.000         0
    0.306     4.066     0.060     1.000         0
    0.091     4.054     0.060     1.000         0
   40.307    11.212     0.060     2.000         0
   40.070    11.181     0.060     2.000         0
   39.835    11.126     0.060     2.000         0
   39.603    11.088     0.060     2.000         0
   39.371    11.050     0.060     2.000         0
   39.140    11.028     0.060     2.000         0
   38.907    10.973     0.060     2.000         0
   38.672    10.951     0.060     2.000         0
   38.439    10.912     0.060     2.000         0
   38.206    10.862     0.060     2.000         0
   37.973    10.836     0.060     2.000         0
   37.740    10.781     0.060     2.000         0
   37.505    10.754     0.060     2.000         0
   37.268    10.703     0.060     2.000         0
   37.041    10.666     0.060     2.000         0
   36.809    10.644     0.060     2.000         0
   36.583    10.607     0.060     2.000         0
   36.357    10.561     0.060     2.000         0
   36.126    10.514     0.060     2.000         0
   35.897    10.476     0.060     2.000         0
   35.667    10.437     0.060     2.000         0
   35.437    10.391     0.060     2.000         0
   35.208    10.344     0.060     2.000         0
   34.978    10.285     0.060     2.000         0
   34.747    10.234     0.060     2.000         0
   34.517    10.192     0.060     2.000         0
   34.287    10.149     0.060     2.000         0
   34.059    10.112     0.060     2.000         0
   33.830    10.075     0.060     2.000         0
   33.599    10.042     0.060     2.000         0
   33.367    10.008     0.060     2.000         0
   33.135     9.991     0.060     2.000         0
   32.903     9.953     0.060     2.000         0
   32.662     9.922     0.060     2.000         0
   32.431     9.889     0.060     2.000         0
   32.201     9.852     0.060     2.000         0
   31.971     9.815     0.060     2.000         0
   31.743     9.778     0.060     2.000         0
   31.515     9.741     0.060     2.000         0
   31.287     9.712     0.060     2.000         0
   31.058     9.674     0.060     2.000         0
   30.831     9.622     0.060     2.000         0
   30.604     9.585     0.060     2.000         0
   30.378     9.548     0.060     2.000         0
   30.149     9.519     0.060     2.000         0
   29.920     9.482     0.060     2.000         0
   29.691     9.444     0.060     2.000         0
   29.465     9.400     0.060     2.000         0
   29.232     9.363     0.060     2.000         0
   29.005     9.326     0.060     2.000         0
   28.776     9.306     0.060     2.000         0
   28.547     9.253     0.060     2.000         0
   28.319     9.216     0.060     2.000         0
   28.089     9.179     0.060     2.000         0
   27.859     9.142     0.060     2.000         0
   27.630     9.106     0.060     2.000         0
   27.398     9.068     0.060     2.000         0
   27.169     9.040     0.060     2.000         0
   26.938     8.994     0.060     2.000         0
   26.709     8.957     0.060     2.000         0
   26.480     8.920     0.060     2.000         0
   26.252     8.884     0.060     2.000         0
   26.026     8.847     0.060     2.000         0
   25.803     8.819     0.060     2.000         0
   25.576     8.791     0.060     2.000         0
   25.348     8.738     0.060     2.000         0
   25.124     8.702     0.060     2.000         0
   24.898     8.665     0.060     2.000         0
   24.675     8.645     0.060     2.000         0
   24.450     8.601     0.060     2.000         0
   24.228     8.556     0.060     2.000         0
   24.006     8.520     0.060     2.000         0
   23.783     8.483     0.060     2.000         0
   23.560     8.462     0.060     2.000         0
   23.338     8.425     0.060     2.000         0
   23.116     8.373     0.060     2.000         0
   22.892     8.348     0.060     2.000         0
   22.668     8.311     0.060     2.000         0
   22.441     8.277     0.060     2.000         0
   22.219     8.241     0.060     2.000         0
   21.991     8.203     0.060     2.000         0
   21.765     8.158     0.060     2.000         0
   21.538     8.126     0.060     2.000         0
   21.312     8.074     0.060     2.000         0
   21.088     8.035     0.060     2.000         0
   20.863     8.003     0.060     2.000         0
   20.639     7.968     0.060     2.000         0
   20.415     7.924     0.060     2.000         0
   20.191     7.881     0.060     2.000         0
   19.963     7.841     0.060     2.000         0
   19.737     7.801     0.060     2.000         0
   19.511     7.761     0.060     2.000         0
   19.283     7.720     0.060     2.000         0
   19.054     7.666     0.060     2.000         0
   18.825     7.629     0.060     2.000         0
   18.596     7.591     0.060     2.000         0
   18.364     7.557     0.060     2.000         0
   18.132     7.522     0.060     2.000         0
   17.902     7.488     0.060     2.000         0
   17.667     7.462     0.060     2.000         0
   17.436     7.427     0.060     2.000         0
   17.206     7.368     0.060     2.000         0
   16.976     7.341     0.060     2.000         0
   16.746     7.282     0.060     2.000         0
   16.516     7.247     0.060     2.000         0
   16.288     7.204     0.060     2.000         0
   16.060     7.175     0.060     2.000         0
   15.831     7.139     0.060     2.000         0
   15.603     7.102     0.060     2.000         0
   15.374     7.065     0.060     2.000         0
   15.146     7.028     0.060     2.000         0
   14.919     6.984     0.060     2.000         0
   14.690     6.950     0.060     2.000         0
   14.460     6.912     0.060     2.000         0
   14.233     6.890     0.060     2.000         0
   14.006     6.857     0.060     2.000         0
   13.780     6.824     0.060     2.000         0
   13.554     6.786     0.060     2.000         0
   13.332     6.749     0.060     2.000         0
   13.110     6.720     0.060     2.000         0
   12.887     6.706     0.060     2.000         0
   12.666     6.664     0.060     2.000         0
   12.445     6.654     0.060     2.000         0
   12.224     6.621     0.060     2.000         0
   12.003     6.591     0.060     2.000         0
   11.782     6.569     0.060     2.000         0
   11.562     6.527     0.060     2.000         0
   11.341     6.494     0.060     2.000         0
   11.121     6.468     0.060     2.000         0
   10.897     6.441     0.060     2.000         0
   10.674     6.399     0.060     2.000         0
   10.451     6.369     0.060     2.000         0
   10.228     6.330     0.060     2.000         0
   10.008     6.293     0.060     2.000         0
    9.786     6.250     0.060     2.000         0
    9.566     6.208     0.060     2.000         0
    9.346     6.174     0.060     2.000         0
    9.125     6.128     0.060     2.000         0
    8.904     6.090     0.060     2.000         0
    8.683     6.056     0.060     2.000         0
    8.461     6.018     0.060     2.000         0
    8.238     5.979     0.060     2.000         0
    8.015     5.929     0.060     2.000         0
    7.791     5.878     0.060     2.000         0
    7.569     5.851     0.060     2.000         0
    7.347     5.797     0.060     2.000         0
    7.123     5.758     0.060     2.000         0
    6.900     5.709     0.060     2.000         0
    6.679     5.672     0.060     2.000         0
    6.454     5.642     0.060     2.000         0
    6.230     5.585     0.060     2.000         0
    6.007     5.547     0.060     2.000         0
    5.784     5.518     0.060     2.000         0
    5.562     5.469     0.060     2.000         0
    5.341     5.425     0.060     2.000         0
    5.121     5.405     0.060     2.000         0
    4.901     5.365     0.060     2.000         0
    4.682     5.333     0.060     2.000         0
    4.464     5.281     0.060     2.000         0
    4.245     5.245     0.060     2.000         0
    4.026     5.216     0.060     2.000         0
    3.806     5.175     0.060     2.000         0
    3.586     5.136     0.060     2.000         0
   48.389    12.462     0.060     3.000         0
   48.162    12.428     0.060     3.000         0
   47.934    12.370     0.060     3.000         0
   47.706    12.344     0.060     3.000         0
   47.478    12.285     0.060     3.000         0
   47.250    12.243     0.060     3.000         0
   47.021    12.201     0.060     3.000         0
   46.792    12.166     0.060     3.000         0
   46.558    12.137     0.060     3.000         0
   46.326    12.112     0.060     3.000         0
   46.096    12.087     0.060     3.000         0
   45.868    12.043     0.060     3.000         0
   45.640    12.030     0.060     3.000         0
   45.409    11.985     0.060     3.000         0
   45.180    11.957     0.060     3.000         0
   44.948    11.944     0.060     3.000         0
   44.720    11.899     0.060     3.000         0
   44.485    11.870     0.060     3.000         0
   44.252    11.845     0.060     3.000         0
   44.019    11.819     0.060     3.000         0
   43.789    11.799     0.060     3.000         0
   43.558    11.754     0.060     3.000         0
   43.325    11.725     0.060     3.000         0
   43.092    11.712     0.060     3.000         0
   42.859    11.666     0.060     3.000         0
   42.627    11.637     0.060     3.000         0
   42.394    11.624     0.060     3.000         0
   42.161    11.583     0.060     3.000         0
   41.926    11.558     0.060     3.000         0
   41.694    11.532     0.060     3.000         0
   41.465    11.482     0.060     3.000         0
   41.236    11.465     0.060     3.000         0
   41.004    11.423     0.060     3.000         0
   40.772    11.381     0.060     3.000         0
   40.540    11.363     0.060     3.000         0
   40.307    11.321     0.060     3.000         0
   40.070    11.278     0.060     3.000         0
   39.835    11.251     0.060     3.000         0
   39.603    11.205     0.060     3.000         0
   39.371    11.159     0.060     3.000         0
   39.140    11.121     0.060     3.000         0
   38.907    11.091     0.060     3.000         0
   38.672    11.044     0.060     3.000         0
   38.439    11.006     0.060     3.000         0
   38.206    10.984     0.060     3.000         0
   37.973    10.945     0.060     3.000         0
   37.740    10.891     0.060     3.000         0
   37.505    10.861     0.060     3.000         0
   37.268    10.822     0.060     3.000         0
   37.041    10.810     0.060     3.000         0
   36.809    10.764     0.060     3.000         0
   36.583    10.735     0.060     3.000         0
   36.357    10.710     0.060     3.000         0
   36.126    10.681     0.060     3.000         0
   35.897    10.656     0.060     3.000         0
   35.667    10.619     0.060     3.000         0
   35.437    10.597     0.060     3.000         0
   35.208    10.576     0.060     3.000         0
   34.978    10.531     0.060     3.000         0
   34.747    10.501     0.060     3.000         0
   34.517    10.480     0.060     3.000         0
   34.287    10.445     0.060     3.000         0
   34.059    10.435     0.060     3.000         0
   33.830    10.408     0.060     3.000         0
   33.599    10.381     0.060     3.000         0
   33.367    10.338     0.060     3.000         0
   33.135    10.311     0.060     3.000         0
   32.903    10.292     0.060     3.000         0
   32.662    10.249     0.060     3.000         0
   32.431    10.227     0.060     3.000         0
   32.201    10.197     0.060     3.000         0
   31.971    10.155     0.060     3.000         0
   31.743    10.129     0.060     3.000         0
   31.515    10.095     0.060     3.000         0
   31.287    10.062     0.060     3.000         0
   31.058    10.012     0.060     3.000         0
   30.831     9.995     0.060     3.000         0
   30.604     9.961     0.060     3.000         0
   30.378     9.924     0.060     3.000         0
   30.149     9.886     0.060     3.000         0
   29.920     9.863     0.060     3.000         0
   29.691     9.833     0.060     3.000         0
   29.465     9.803     0.060     3.000         0
   29.232     9.771     0.060     3.000         0
   29.005     9.737     0.060     3.000         0
   28.776     9.703     0.060     3.000         0
   28.547     9.672     0.060     3.000         0
   28.319     9.652     0.060     3.000         0
   28.089     9.624     0.060     3.000         0
   27.859     9.596     0.060     3.000         0
   27.630     9.568     0.060     3.000         0
   27.398     9.540     0.060     3.000         0
   27.169     9.508     0.060     3.000         0
   26.938     9.484     0.060     3.000         0
   26.709     9.456     0.060     3.000         0
   26.480     9.420     0.060     3.000         0
   26.252     9.384     0.060     3.000         0
   26.026     9.352     0.060     3.000         0
   25.803     9.316     0.060     3.000         0
   25.576     9.283     0.060     3.000         0
   25.348     9.251     0.060     3.000         0
   25.124     9.219     0.060     3.000         0
   24.898     9.186     0.060     3.000         0
   24.675     9.155     0.060     3.000         0
   24.450     9.122     0.060     3.000         0
   24.228     9.103     0.060     3.000         0
   24.006     9.071     0.060     3.000         0
   23.783     9.035     0.060     3.000         0
   23.560     9.013     0.060     3.000         0
   23.338     8.991     0.060     3.000         0
   23.116     8.961     0.060     3.000         0
   22.892     8.939     0.060     3.000         0
   22.668     8.912     0.060     3.000         0
   22.441     8.886     0.060     3.000         0
   22.219     8.860     0.060     3.000         0
   21.991     8.825     0.060     3.000         0
   21.765     8.785     0.060     3.000         0
   21.538     8.753     0.060     3.000         0
   21.312     8.722     0.060     3.000         0
   21.088     8.690     0.060     3.000         0
   20.863     8.659     0.060     3.000         0
   20.639     8.635     0.060     3.000         0
   80.663    16.187     0.060     4.000         0
   80.446    16.151     0.060     4.000         0
   80.228    16.095     0.060     4.000         0
   80.010    16.062     0.060     4.000         0
   79.794    16.002     0.060     4.000         0
   79.578    15.958     0.060     4.000         0
   79.364    15.915     0.060     4.000         0
   79.151    15.879     0.060     4.000         0
   78.939    15.835     0.060     4.000         0
   78.727    15.806     0.060     4.000         0
   78.517    15.762     0.060     4.000         0
   78.306    15.726     0.060     4.000         0
   78.093    15.705     0.060     4.000         0
   77.877    15.652     0.060     4.000         0
   77.663    15.623     0.060     4.000         0
   77.452    15.606     0.060     4.000         0
   77.242    15.574     0.060     4.000         0
   77.032    15.557     0.060     4.000         0
   76.820    15.533     0.060     4.000         0
   76.603    15.507     0.060     4.000         0
   76.387    15.466     0.060     4.000         0
   76.171    15.457     0.060     4.000         0
   75.954    15.416     0.060     4.000         0
   75.738    15.399     0.060     4.000         0
   75.521    15.368     0.060     4.000         0
   75.304    15.345     0.060     4.000         0
   75.088    15.322     0.060     4.000         0
   74.872    15.299     0.060     4.000         0
   74.656    15.276     0.060     4.000         0
   74.439    15.270     0.060     4.000         0
   74.223    15.247     0.060     4.000         0
   74.008    15.212     0.060     4.000         0
   73.792    15.193     0.060     4.000         0
   73.578    15.164     0.060     4.000         0
   73.362    15.135     0.060     4.000         0
   73.149    15.099     0.060     4.000         0
   72.935    15.070     0.060     4.000         0
   72.717    15.056     0.060     4.000         0
   72.492    15.026     0.060     4.000         0
   72.264    14.987     0.060     4.000         0
   72.031    14.933     0.060     4.000         0
   71.798    14.903     0.060     4.000         0
   71.565    14.857     0.060     4.000         0
   71.334    14.811     0.060     4.000         0
   71.103    14.758     0.060     4.000         0
   70.870    14.706     0.060     4.000         0
   70.636    14.651     0.060     4.000         0
   70.400    14.583     0.060     4.000         0
   70.166    14.527     0.060     4.000         0
   69.930    14.479     0.060     4.000         0
   69.696    14.441     0.060     4.000         0
   69.461    14.394     0.060     4.000         0
   69.229    14.372     0.060     4.000         0
   68.993    14.317     0.060     4.000         0
   68.759    14.282     0.060     4.000         0
   68.524    14.247     0.060     4.000         0
   68.290    14.231     0.060     4.000         0
   68.057    14.206     0.060     4.000         0
   67.826    14.198     0.060     4.000         0
   67.593    14.189     0.060     4.000         0
   67.360    14.157     0.060     4.000         0
   67.128    14.148     0.060     4.000         0
   66.889    14.136     0.060     4.000         0
   66.653    14.121     0.060     4.000         0
   66.416    14.105     0.060     4.000         0
   66.176    14.093     0.060     4.000         0
   65.937    14.078     0.060     4.000         0
   65.700    14.054     0.060     4.000         0
   65.464    14.025     0.060     4.000         0
   65.228    13.988     0.060     4.000         0
   64.992    13.950     0.060     4.000         0
   64.752    13.912     0.060     4.000         0
   64.515    13.875     0.060     4.000         0
   64.277    13.829     0.060     4.000         0
   64.040    13.816     0.060     4.000         0
   63.803    13.811     0.060     4.000         0
   63.566    13.798     0.060     4.000         0
   63.331    13.777     0.060     4.000         0
   63.096    13.739     0.060     4.000         0
   62.862    13.726     0.060     4.000         0
   62.627    13.689     0.060     4.000         0
   62.392    13.651     0.060     4.000         0
   62.159    13.638     0.060     4.000         0
   61.926    13.609     0.060     4.000         0
   61.697    13.573     0.060     4.000         0
   61.463    13.561     0.060     4.000         0
   61.232    13.534     0.060     4.000         0
   60.996    13.535     0.060     4.000         0
   60.761    13.504     0.060     4.000         0
   60.526    13.489     0.060     4.000         0
   60.291    13.481     0.060     4.000         0
   60.058    13.434     0.060     4.000         0
   59.826    13.387     0.060     4.000         0
   59.596    13.348     0.060     4.000         0
   59.366    13.301     0.060     4.000         0
   59.136    13.258     0.060     4.000         0
   58.907    13.220     0.060     4.000         0
   58.682    13.178     0.060     4.000         0
   58.451    13.139     0.060     4.000         0
   58.219    13.103     0.060     4.000         0
   57.988    13.075     0.060     4.000         0
   57.756    13.048     0.060     4.000         0
   57.524    13.020     0.060     4.000         0
   57.291    12.992     0.060     4.000         0
   57.060    12.977     0.060     4.000         0
   56.829    12.945     0.060     4.000         0
   56.598    12.928     0.060     4.000         0
   56.366    12.911     0.060     4.000         0
   56.136    12.898     0.060     4.000         0
   55.905    12.885     0.060     4.000         0
   55.676    12.872     0.060     4.000         0
   55.449    12.875     0.060     4.000         0
   55.221    12.862     0.060     4.000         0
   54.994    12.833     0.060     4.000         0
   54.765    12.828     0.060     4.000         0
   54.540    12.821     0.060     4.000         0
   54.313    12.806     0.060     4.000         0
   54.088    12.791     0.060     4.000         0
   53.864    12.776     0.060     4.000         0
   53.639    12.745     0.060     4.000         0
   53.412    12.738     0.060     4.000         0
   53.184    12.731     0.060     4.000         0
   52.957    12.711     0.060     4.000         0
   52.731    12.700     0.060     4.000         0
   52.506    12.677     0.060     4.000         0
   52.276    12.653     0.060     4.000         0
   52.047    12.649     0.060     4.000         0
   51.816    12.621     0.060     4.000         0
   51.585    12.621     0.060     4.000         0
   51.357    12.589     0.060     4.000         0
   51.127    12.572     0.060     4.000         0
   50.898    12.568     0.060     4.000         0
   50.671    12.552     0.060     4.000         0
   50.444    12.536     0.060     4.000         0
   50.217    12.524     0.060     4.000         0
   49.986    12.508     0.060     4.000         0
   49.755    12.484     0.060     4.000         0
   49.528    12.468     0.060     4.000         0
   49.300    12.436     0.060     4.000         0
   49.074    12.404     0.060     4.000         0
   48.846    12.364     0.060     4.000         0
   48.618    12.320     0.060     4.000         0
   48.389    12.268     0.060     4.000         0
   48.162    12.228     0.060     4.000         0
   47.934    12.196     0.060     4.000         0
   47.706    12.148     0.060     4.000         0
   47.478    12.115     0.060     4.000         0
   47.250    12.078     0.060     4.000         0
   47.021    12.052     0.060     4.000         0
   46.792    12.023     0.060     4.000         0
   46.558    11.989     0.060     4.000         0
   46.326    11.955     0.060     4.000         0
   46.096    11.913     0.060     4.000         0
   45.868    11.871     0.060     4.000         0
   45.640    11.838     0.060     4.000         0
   45.409    11.804     0.060     4.000         0
   45.180    11.778     0.060     4.000         0
   44.948    11.749     0.060     4.000         0
   44.720    11.727     0.060     4.000         0
   44.485    11.709     0.060     4.000         0
   44.252    11.683     0.060     4.000         0
   44.019    11.661     0.060     4.000         0
   43.789    11.643     0.060     4.000         0
   43.558    11.633     0.060     4.000         0
   43.325    11.603     0.060     4.000         0
   43.092    11.568     0.060     4.000         0
   42.859    11.556     0.060     4.000         0
   42.627    11.528     0.060     4.000         0
   42.394    11.501     0.060     4.000         0
   42.161    11.457     0.060     4.000         0
   41.926    11.445     0.060     4.000         0
   41.694    11.402     0.060     4.000         0
   41.465    11.386     0.060     4.000         0
   41.236    11.351     0.060     4.000         0
   41.004    11.328     0.060     4.000         0
    0.000    -1.000     0.000         0
   -0.150     4.056     0.060     1.000         0
   -0.369     4.075     0.060     1.000         0
   -0.591     4.090     0.060     1.000         0
   -0.811     4.130     0.060     1.000         0
   -1.030     4.171     0.060     1.000         0
   -1.252     4.207     0.060     1.000         0
   -1.474     4.228     0.060     1.000         0
   -1.692     4.272     0.060     1.000         0
   -1.914     4.353     0.060     1.000         0
   -2.137     4.425     0.060     1.000         0
   -2.361     4.498     0.060     1.000         0
   -2.584     4.563     0.060     1.000         0
   -2.807     4.564     0.060     2.000         0
   -3.031     4.565     0.060     2.000         0
   -3.253     4.581     0.060     2.000         0
   -3.476     4.589     0.060     2.000         0
   -3.700     4.620     0.060     2.000         0
   -3.925     4.635     0.060     2.000         0
   -4.149     4.649     0.060     2.000         0
   -4.369     4.671     0.060     2.000         0
   -4.591     4.702     0.060     2.000         0
   -4.812     4.727     0.060     2.000         0
   -5.034     4.751     0.060     2.000         0
   -5.254     4.796     0.060     2.000         0
   -5.477     4.817     0.060     2.000         0
   -5.700     4.859     0.060     2.000         0
   -5.925     4.905     0.060     2.000         0
   -6.148     4.952     0.060     2.000         0
   -6.372     4.978     0.060     2.000         0
   -6.596     5.028     0.060     2.000         0
   -6.821     5.070     0.060     2.000         0
   -7.043     5.160     0.060     2.000         0
   -7.270     5.239     0.060     2.000         0
   -7.492     5.333     0.060     2.000         0
   -7.715     5.407     0.060     2.000         0
   -7.937     5.492     0.060     2.000         0
   -8.162     5.579     0.060     2.000         0
   -8.387     5.666     0.060     2.000         0
   -8.613     5.761     0.060     2.000         0
   -8.841     5.838     0.060     2.000         0
   -9.067     5.927     0.060     2.000         0
   -9.292     6.008     0.060     2.000         0
   -9.518     6.093     0.060     2.000         0
   -9.744     6.174     0.060     2.000         0
   -9.971     6.240     0.060     2.000         0
  -10.200     6.322     0.060     2.000         0
  -10.429     6.404     0.060     2.000         0
  -10.655     6.485     0.060     2.000         0
  -10.879     6.565     0.060     2.000         0
  -11.108     6.655     0.060     2.000         0
  -11.332     6.735     0.060     2.000         0
  -11.557     6.807     0.060     2.000         0
  -11.781     6.863     0.060     2.000         0
  -12.007     6.951     0.060     2.000         0
  -12.233     7.023     0.060     2.000         0
  -12.460     7.096     0.060     2.000         0
  -12.688     7.169     0.060     2.000         0
  -12.911     7.240     0.060     2.000         0
  -13.138     7.297     0.060     2.000         0
  -13.361     7.376     0.060     2.000         0
  -14.249     7.482     0.060     4.000         0
  -14.473     7.503     0.060     4.000         0
  -14.697     7.517     0.060     4.000         0
  -14.922     7.519     0.060     4.000         0
  -15.148     7.537     0.060     4.000         0
  -15.376     7.568     0.060     4.000         0
  -15.604     7.616     0.060     4.000         0
  -15.829     7.650     0.060     4.000         0
  -16.052     7.669     0.060     4.000         0
  -16.275     7.719     0.060     4.000         0
  -16.499     7.754     0.060     4.000         0
  -16.723     7.781     0.060     4.000         0
  -16.949     7.812     0.060     4.000         0
  -17.172     7.834     0.060     4.000         0
  -17.396     7.857     0.060     4.000         0
  -17.620     7.880     0.060     4.000         0
  -17.844     7.887     0.060     4.000         0
  -18.068     7.914     0.060     4.000         0
  -18.291     7.940     0.060     4.000         0
  -18.515     7.969     0.060     4.000         0
  -18.738     7.989     0.060     4.000         0
  -18.960     8.018     0.060     4.000         0
  -19.183     8.046     0.060     4.000         0
  -19.403     8.074     0.060     4.000         0
  -19.623     8.102     0.060     4.000         0
  -19.843     8.130     0.060     4.000         0
  -20.062     8.166     0.060     4.000         0
  -20.281     8.194     0.060     4.000         0
  -20.499     8.225     0.060     4.000         0
  -20.719     8.255     0.060     4.000         0
  -20.937     8.277     0.060     4.000         0
  -21.154     8.311     0.060     4.000         0
  -21.371     8.349     0.060     4.000         0
  -21.586     8.367     0.060     4.000         0
  -21.802     8.405     0.060     4.000         0
  -22.018     8.462     0.060     4.000         0
  -22.233     8.498     0.060     4.000         0
  -22.447     8.547     0.060     4.000         0
  -22.660     8.607     0.060     4.000         0
  -22.878     8.648     0.060     4.000         0
  -23.099     8.676     0.060     4.000         0
  -23.325     8.697     0.060     4.000         0
  -23.552     8.742     0.060     4.000         0
  -23.781     8.771     0.060     4.000         0
  -24.007     8.800     0.060     4.000         0
  -24.236     8.830     0.060     4.000         0
  -24.467     8.859     0.060     4.000         0
  -24.695     8.880     0.060     4.000         0
  -24.922     8.906     0.060     4.000         0
  -25.148     8.953     0.060     4.000         0
  -25.372     8.978     0.060     4.000         0
  -25.597     9.008     0.060     4.000         0
  -25.822     9.042     0.060     4.000         0
  -26.044     9.092     0.060     4.000         0
  -26.276     9.119     0.060     4.000         0
  -26.501     9.152     0.060     4.000         0
  -26.728     9.179     0.060     4.000         0
  -26.958     9.213     0.060     4.000         0
  -27.193     9.248     0.060     4.000         0
  -27.418     9.282     0.060     4.000         0
  -27.647     9.316     0.060     4.000         0
  -27.875     9.363     0.060     4.000         0
  -28.112     9.390     0.060     4.000         0
  -28.339     9.436     0.060     4.000         0
  -28.569     9.463     0.060     4.000         0
  -28.796     9.498     0.060     4.000         0
  -29.040     9.545     0.060     4.000         0
  -29.277     9.590     0.060     4.000         0
  -29.510     9.651     0.060     4.000         0
  -29.734     9.686     0.060     4.000         0
  -29.971     9.705     0.060     4.000         0
  -30.197     9.746     0.060     4.000         0
  -30.419     9.771     0.060     4.000         0
  -30.644     9.781     0.060     4.000         0
  -30.874     9.823     0.060     4.000         0
  -31.090     9.836     0.060     4.000         0
  -31.313     9.873     0.060     4.000         0
  -31.539     9.891     0.060     4.000         0
  -31.763     9.906     0.060     4.000         0
  -31.979     9.920     0.060     4.000         0
  -32.198     9.955     0.060     4.000         0
  -32.416     9.974     0.060     4.000         0
  -32.637     9.989     0.060     4.000         0
  -32.858    10.004     0.060     4.000         0
  -33.079    10.007     0.060     4.000         0
  -33.302    10.033     0.060     4.000         0
  -33.526    10.044     0.060     4.000         0
  -33.746    10.055     0.060     4.000         0
  -33.971    10.065     0.060     4.000         0
  -34.200    10.068     0.060     4.000         0
  -34.415    10.084     0.060     4.000         0
  -34.629    10.092     0.060     4.000         0
  -34.854    10.085     0.060     4.000         0
  -35.076    10.105     0.060     4.000         0
  -35.299    10.118     0.060     4.000         0
  -35.522    10.110     0.060     4.000         0
  -35.745    10.122     0.060     4.000         0
  -35.969    10.135     0.060     4.000         0
  -36.193    10.165     0.060     4.000         0
  -36.413    10.187     0.060     4.000         0
  -36.642    10.193     0.060     4.000         0
  -36.860    10.215     0.060     4.000         0
  -37.077    10.236     0.060     4.000         0
  -37.295    10.258     0.060     4.000         0
  -37.517    10.280     0.060     4.000         0
  -37.738    10.318     0.060     4.000         0
  -37.961    10.332     0.060     4.000         0
    0.000     0.000     0.000        -1
