    0.000     1.000     0.000         0
    2.295     4.705     0.060     1.000         0
    2.069     4.637     0.060     1.000         0
    1.848     4.595     0.060     1.000         0
    1.626     4.528     0.060     1.000         0
    1.404     4.475     0.060     1.000         0
    1.180     4.433     0.060     1.000         0
    0.957     4.391     0.060     1.000         0
    0.733     4.364     0.060     1.000         0
    0.511     4.337     0.060     1.000         0
    0.296     4.319     0.060     1.000         0
    0.136     4.307     0.060     1.000         0
   40.168    11.222     0.060     2.000         0
   39.941    11.193     0.060     2.000         0
   39.715    11.157     0.060     2.000         0
   39.485    11.119     0.060     2.000         0
   39.256    11.066     0.060     2.000         0
   39.028    11.033     0.060     2.000         0
   38.802    10.992     0.060     2.000         0
   38.569    10.970     0.060     2.000         0
   38.342    10.921     0.060     2.000         0
   38.113    10.880     0.060     2.000         0
   37.884    10.843     0.060     2.000         0
   37.656    10.814     0.060     2.000         0
   37.426    10.777     0.060     2.000         0
   37.196    10.757     0.060     2.000         0
   36.967    10.725     0.060     2.000         0
   36.735    10.692     0.060     2.000         0
   36.506    10.660     0.060     2.000         0
   36.275    10.627     0.060     2.000         0
   36.046    10.587     0.060     2.000         0
   35.817    10.551     0.060     2.000         0
   35.589    10.506     0.060     2.000         0
   35.363    10.462     0.060     2.000         0
   35.139    10.403     0.060     2.000         0
   34.913    10.359     0.060     2.000         0
   34.685    10.323     0.060     2.000         0
   34.461    10.286     0.060     2.000         0
   34.235    10.264     0.060     2.000         0
   34.012    10.232     0.060     2.000         0
   33.787    10.182     0.060     2.000         0
   33.565    10.157     0.060     2.000         0
   33.343    10.127     0.060     2.000         0
   33.119    10.072     0.060     2.000         0
   32.897    10.033     0.060     2.000         0
   32.675    10.010     0.060     2.000         0
   32.453     9.956     0.060     2.000         0
   32.229     9.933     0.060     2.000         0
   32.005     9.886     0.060     2.000         0
   31.778     9.858     0.060     2.000         0
   31.556     9.824     0.060     2.000         0
   31.328     9.789     0.060     2.000         0
   31.102     9.753     0.060     2.000         0
   30.875     9.718     0.060     2.000         0
   30.649     9.683     0.060     2.000         0
   30.425     9.644     0.060     2.000         0
   30.200     9.613     0.060     2.000         0
   29.976     9.575     0.060     2.000         0
   29.752     9.536     0.060     2.000         0
   29.528     9.502     0.060     2.000         0
   29.300     9.460     0.060     2.000         0
   29.073     9.418     0.060     2.000         0
   28.848     9.376     0.060     2.000         0
   28.620     9.333     0.060     2.000         0
   28.391     9.291     0.060     2.000         0
   28.162     9.248     0.060     2.000         0
   27.933     9.198     0.060     2.000         0
   27.701     9.162     0.060     2.000         0
   27.468     9.135     0.060     2.000         0
   27.238     9.108     0.060     2.000         0
   27.004     9.096     0.060     2.000         0
   26.773     9.061     0.060     2.000         0
   26.543     9.013     0.060     2.000         0
   26.313     8.973     0.060     2.000         0
   26.083     8.933     0.060     2.000         0
   25.853     8.881     0.060     2.000         0
   25.624     8.841     0.060     2.000         0
   25.396     8.792     0.060     2.000         0
   25.168     8.767     0.060     2.000         0
   24.939     8.711     0.060     2.000         0
   24.711     8.670     0.060     2.000         0
   24.482     8.645     0.060     2.000         0
   24.255     8.605     0.060     2.000         0
   24.027     8.556     0.060     2.000         0
   23.797     8.535     0.060     2.000         0
   23.570     8.507     0.060     2.000         0
   23.343     8.478     0.060     2.000         0
   23.116     8.450     0.060     2.000         0
   22.891     8.422     0.060     2.000         0
   22.669     8.386     0.060     2.000         0
   22.446     8.359     0.060     2.000         0
   22.224     8.332     0.060     2.000         0
   22.003     8.326     0.060     2.000         0
   21.782     8.303     0.060     2.000         0
   21.561     8.280     0.060     2.000         0
   21.340     8.257     0.060     2.000         0
   21.118     8.226     0.060     2.000         0
   20.899     8.180     0.060     2.000         0
   20.678     8.142     0.060     2.000         0
   20.458     8.119     0.060     2.000         0
   20.233     8.064     0.060     2.000         0
   20.010     8.025     0.060     2.000         0
   19.787     7.986     0.060     2.000         0
   19.564     7.955     0.060     2.000         0
   19.344     7.914     0.060     2.000         0
   19.122     7.880     0.060     2.000         0
   18.902     7.846     0.060     2.000         0
   18.682     7.829     0.060     2.000         0
   18.462     7.795     0.060     2.000         0
   18.241     7.762     0.060     2.000         0
   18.019     7.720     0.060     2.000         0
   17.798     7.684     0.060     2.000         0
   17.575     7.641     0.060     2.000         0
   17.352     7.597     0.060     2.000         0
   17.128     7.553     0.060     2.000         0
   16.906     7.509     0.060     2.000         0
   16.683     7.462     0.060     2.000         0
   16.460     7.414     0.060     2.000         0
   16.237     7.373     0.060     2.000         0
   16.016     7.340     0.060     2.000         0
   15.791     7.307     0.060     2.000         0
   15.567     7.286     0.060     2.000         0
   15.343     7.249     0.060     2.000         0
   15.121     7.226     0.060     2.000         0
   14.899     7.186     0.060     2.000         0
   14.677     7.163     0.060     2.000         0
   14.458     7.132     0.060     2.000         0
   14.238     7.094     0.060     2.000         0
   14.019     7.062     0.060     2.000         0
   13.801     7.014     0.060     2.000         0
   13.582     6.978     0.060     2.000         0
   13.363     6.942     0.060     2.000         0
   13.143     6.910     0.060     2.000         0
   12.923     6.878     0.060     2.000         0
   12.706     6.821     0.060     2.000         0
   12.486     6.776     0.060     2.000         0
   12.267     6.727     0.060     2.000         0
   12.049     6.670     0.060     2.000         0
   11.832     6.614     0.060     2.000         0
   11.617     6.580     0.060     2.000         0
   11.400     6.539     0.060     2.000         0
   11.185     6.497     0.060     2.000         0
   10.969     6.456     0.060     2.000         0
   10.753     6.414     0.060     2.000         0
   10.536     6.372     0.060     2.000         0
   10.315     6.322     0.060     2.000         0
   10.091     6.258     0.060     2.000         0
    9.869     6.174     0.060     2.000         0
    9.641     6.104     0.060     2.000         0
    9.416     6.036     0.060     2.000         0
    9.193     5.960     0.060     2.000         0
    8.970     5.897     0.060     2.000         0
    8.747     5.826     0.060     2.000         0
    8.526     5.756     0.060     2.000         0
    8.307     5.671     0.060     2.000         0
    8.085     5.612     0.060     2.000         0
    7.862     5.538     0.060     2.000         0
    7.644     5.481     0.060     2.000         0
    7.422     5.440     0.060     2.000         0
    7.199     5.382     0.060     2.000         0
    6.976     5.321     0.060     2.000         0
    6.753     5.271     0.060     2.000         0
    6.529     5.215     0.060     2.000         0
    6.305     5.170     0.060     2.000         0
    6.083     5.126     0.060     2.000         0
    5.860     5.082     0.060     2.000         0
    5.636     5.029     0.060     2.000         0
    5.411     4.977     0.060     2.000         0
    5.187     4.933     0.060     2.000         0
    4.967     4.891     0.060     2.000         0
    4.745     4.847     0.060     2.000         0
    4.524     4.816     0.060     2.000         0
    4.302     4.769     0.060     2.000         0
    4.082     4.760     0.060     2.000         0
    3.860     4.743     0.060     2.000         0
    3.637     4.751     0.060     2.000         0
    3.412     4.734     0.060     2.000         0
    3.189     4.737     0.060     2.000         0
    2.966     4.763     0.060     2.000         0
    2.742     4.773     0.060     2.000         0
    2.518     4.776     0.060     2.000         0
   64.102    13.688     0.060     4.000         0
   63.877    13.682     0.060     4.000         0
   63.650    13.668     0.060     4.000         0
   63.425    13.638     0.060     4.000         0
   63.201    13.624     0.060     4.000         0
   62.976    13.610     0.060     4.000         0
   62.749    13.596     0.060     4.000         0
   62.521    13.582     0.060     4.000         0
   62.294    13.584     0.060     4.000         0
   62.067    13.566     0.060     4.000         0
   61.843    13.556     0.060     4.000         0
   61.613    13.533     0.060     4.000         0
   61.383    13.517     0.060     4.000         0
   61.153    13.525     0.060     4.000         0
   60.922    13.501     0.060     4.000         0
   60.694    13.501     0.060     4.000         0
   60.464    13.493     0.060     4.000         0
   60.235    13.493     0.060     4.000         0
   60.008    13.481     0.060     4.000         0
   59.781    13.473     0.060     4.000         0
   59.554    13.461     0.060     4.000         0
   59.323    13.414     0.060     4.000         0
   59.092    13.376     0.060     4.000         0
   58.864    13.354     0.060     4.000         0
   58.637    13.300     0.060     4.000         0
   58.411    13.263     0.060     4.000         0
   58.183    13.233     0.060     4.000         0
   57.954    13.190     0.060     4.000         0
   57.726    13.156     0.060     4.000         0
   57.499    13.126     0.060     4.000         0
   57.271    13.104     0.060     4.000         0
   57.043    13.054     0.060     4.000         0
   56.815    13.020     0.060     4.000         0
   56.586    12.985     0.060     4.000         0
   56.357    12.951     0.060     4.000         0
   56.129    12.921     0.060     4.000         0
   55.895    12.890     0.060     4.000         0
   55.663    12.859     0.060     4.000         0
   55.433    12.812     0.060     4.000         0
   55.205    12.777     0.060     4.000         0
   54.977    12.743     0.060     4.000         0
   54.746    12.708     0.060     4.000         0
   54.517    12.689     0.060     4.000         0
   54.285    12.646     0.060     4.000         0
   54.056    12.606     0.060     4.000         0
   53.821    12.590     0.060     4.000         0
   53.588    12.557     0.060     4.000         0
   53.356    12.525     0.060     4.000         0
   53.126    12.477     0.060     4.000         0
   52.894    12.445     0.060     4.000         0
   52.661    12.413     0.060     4.000         0
   52.428    12.384     0.060     4.000         0
   52.196    12.356     0.060     4.000         0
   51.964    12.331     0.060     4.000         0
   51.731    12.314     0.060     4.000         0
   51.498    12.297     0.060     4.000         0
   51.263    12.279     0.060     4.000         0
   51.031    12.266     0.060     4.000         0
   50.801    12.245     0.060     4.000         0
   50.572    12.228     0.060     4.000         0
   50.341    12.211     0.060     4.000         0
   50.109    12.194     0.060     4.000         0
   49.876    12.193     0.060     4.000         0
   49.644    12.175     0.060     4.000         0
   49.407    12.150     0.060     4.000         0
   49.172    12.143     0.060     4.000         0
   48.940    12.112     0.060     4.000         0
   48.708    12.113     0.060     4.000         0
   48.477    12.082     0.060     4.000         0
   48.244    12.075     0.060     4.000         0
   48.009    12.052     0.060     4.000         0
   47.776    12.045     0.060     4.000         0
   47.543    12.031     0.060     4.000         0
   47.310    12.009     0.060     4.000         0
   47.077    11.980     0.060     4.000         0
   46.842    11.951     0.060     4.000         0
   46.604    11.921     0.060     4.000         0
   46.378    11.893     0.060     4.000         0
   46.145    11.864     0.060     4.000         0
   45.920    11.824     0.060     4.000         0
   45.693    11.791     0.060     4.000         0
   45.463    11.771     0.060     4.000         0
   45.234    11.742     0.060     4.000         0
   45.004    11.702     0.060     4.000         0
   44.774    11.687     0.060     4.000         0
   44.545    11.655     0.060     4.000         0
   44.315    11.624     0.060     4.000         0
   44.084    11.588     0.060     4.000         0
   43.854    11.560     0.060     4.000         0
   43.624    11.513     0.060     4.000         0
   43.396    11.481     0.060     4.000         0
   43.167    11.466     0.060     4.000         0
   42.936    11.426     0.060     4.000         0
   42.704    11.399     0.060     4.000         0
   42.472    11.379     0.060     4.000         0
   42.240    11.360     0.060     4.000         0
   41.999    11.339     0.060     4.000         0
   41.768    11.336     0.060     4.000         0
   41.538    11.309     0.060     4.000         0
   41.308    11.293     0.060     4.000         0
   41.080    11.266     0.060     4.000         0
   40.852    11.251     0.060     4.000         0
    0.000    -1.000     0.000         0
   -0.225     4.310     0.060     1.000         0
   -0.431     4.318     0.060     1.000         0
   -0.651     4.342     0.060     1.000         0
   -0.876     4.375     0.060     1.000         0
   -1.103     4.407     0.060     1.000         0
   -1.327     4.440     0.060     1.000         0
   -1.551     4.480     0.060     1.000         0
   -1.779     4.541     0.060     1.000         0
   -2.003     4.612     0.060     1.000         0
   -2.227     4.683     0.060     1.000         0
   -2.450     4.751     0.060     1.000         0
   -2.676     4.836     0.060     1.000         0
   -2.901     4.914     0.060     1.000         0
   -3.128     5.000     0.060     1.000         0
   -3.355     5.094     0.060     1.000         0
   -3.578     5.193     0.060     1.000         0
   -3.805     5.287     0.060     1.000         0
   -4.028     5.386     0.060     1.000         0
   -4.249     5.493     0.060     1.000         0
   -4.474     5.608     0.060     1.000         0
   -4.693     5.729     0.060     1.000         0
   -4.915     5.846     0.060     1.000         0
   -5.139     5.964     0.060     1.000         0
   -5.363     6.057     0.060     1.000         0
   -5.587     6.175     0.060     1.000         0
   -6.041     6.224     0.060     5.000         0
   -6.269     6.252     0.060     5.000         0
   -6.494     6.287     0.060     5.000         0
   -6.717     6.325     0.060     5.000         0
   -6.940     6.360     0.060     5.000         0
   -7.163     6.399     0.060     5.000         0
   -7.388     6.432     0.060     5.000         0
   -7.613     6.473     0.060     5.000         0
   -7.836     6.490     0.060     5.000         0
   -8.060     6.539     0.060     5.000         0
   -8.285     6.564     0.060     5.000         0
   -8.508     6.583     0.060     5.000         0
   -8.732     6.622     0.060     5.000         0
   -8.955     6.636     0.060     5.000         0
   -9.179     6.663     0.060     5.000         0
   -9.402     6.690     0.060     5.000         0
   -9.624     6.724     0.060     5.000         0
   -9.847     6.750     0.060     5.000         0
  -10.067     6.783     0.060     5.000         0
  -10.287     6.832     0.060     5.000         0
  -10.508     6.858     0.060     5.000         0
  -10.727     6.895     0.060     5.000         0
  -10.945     6.932     0.060     5.000         0
  -11.163     6.965     0.060     5.000         0
  -11.383     6.990     0.060     5.000         0
  -11.602     7.023     0.060     5.000         0
  -11.818     7.069     0.060     5.000         0
  -12.035     7.100     0.060     5.000         0
  -12.250     7.158     0.060     5.000         0
  -12.466     7.184     0.060     5.000         0
  -12.682     7.234     0.060     5.000         0
  -12.897     7.316     0.060     5.000         0
  -13.110     7.397     0.060     5.000         0
  -13.324     7.433     0.060     5.000         0
  -13.541     7.465     0.060     5.000         0
  -13.763     7.503     0.060     5.000         0
  -13.989     7.536     0.060     5.000         0
  -14.215     7.570     0.060     5.000         0
  -14.444     7.596     0.060     5.000         0
  -14.671     7.635     0.060     5.000         0
  -14.900     7.670     0.060     5.000         0
  -15.130     7.701     0.060     5.000         0
  -15.358     7.731     0.060     5.000         0
  -15.585     7.766     0.060     5.000         0
  -15.812     7.796     0.060     5.000         0
  -16.036     7.830     0.060     5.000         0
  -16.260     7.864     0.060     5.000         0
  -16.485     7.906     0.060     5.000         0
  -16.708     7.942     0.060     5.000         0
  -16.939     7.978     0.060     5.000         0
  -17.164     8.006     0.060     5.000         0
  -17.391     8.038     0.060     5.000         0
  -17.621     8.070     0.060     5.000         0
  -17.856     8.104     0.060     5.000         0
  -18.082     8.123     0.060     5.000         0
  -18.310     8.156     0.060     5.000         0
  -18.538     8.196     0.060     5.000         0
  -18.775     8.230     0.060     5.000         0
  -19.002     8.263     0.060     5.000         0
  -19.232     8.304     0.060     5.000         0
  -19.459     8.348     0.060     5.000         0
  -19.703     8.380     0.060     5.000         0
  -19.940     8.422     0.060     5.000         0
  -20.173     8.467     0.060     5.000         0
  -20.397     8.526     0.060     5.000         0
  -20.634     8.558     0.060     5.000         0
  -20.860     8.580     0.060     5.000         0
  -21.083     8.587     0.060     5.000         0
  -21.307     8.613     0.060     5.000         0
  -21.537     8.640     0.060     5.000         0
  -21.753     8.664     0.060     5.000         0
  -21.976     8.689     0.060     5.000         0
  -22.202     8.719     0.060     5.000         0
  -22.426     8.736     0.060     5.000         0
  -22.642     8.757     0.060     5.000         0
  -22.861     8.794     0.060     5.000         0
  -23.079     8.814     0.060     5.000         0
  -23.300     8.835     0.060     5.000         0
  -23.521     8.849     0.060     5.000         0
  -23.742     8.862     0.060     5.000         0
  -23.965     8.875     0.060     5.000         0
  -24.189     8.880     0.060     5.000         0
  -24.410     8.890     0.060     5.000         0
  -24.634     8.892     0.060     5.000         0
  -24.863     8.879     0.060     5.000         0
  -25.078     8.889     0.060     5.000         0
  -25.292     8.891     0.060     5.000         0
  -25.518     8.896     0.060     5.000         0
  -25.740     8.909     0.060     5.000         0
  -25.962     8.923     0.060     5.000         0
  -26.185     8.936     0.060     5.000         0
  -26.409     8.949     0.060     5.000         0
  -26.632     8.971     0.060     5.000         0
  -26.856     8.989     0.060     5.000         0
  -27.076     9.015     0.060     5.000         0
  -27.305     9.042     0.060     5.000         0
  -27.523     9.052     0.060     5.000         0
  -27.740     9.090     0.060     5.000         0
  -27.958     9.100     0.060     5.000         0
  -28.180     9.118     0.060     5.000         0
  -28.401     9.148     0.060     5.000         0
  -28.624     9.169     0.060     5.000         0
  -28.842     9.197     0.060     5.000         0
  -29.058     9.241     0.060     5.000         0
  -29.274     9.265     0.060     5.000         0
  -29.492     9.285     0.060     5.000         0
  -29.709     9.309     0.060     5.000         0
  -29.926     9.349     0.060     5.000         0
  -30.144     9.365     0.060     5.000         0
  -30.366     9.410     0.060     5.000         0
  -30.585     9.438     0.060     5.000         0
  -30.807     9.451     0.060     5.000         0
  -31.028     9.487     0.060     5.000         0
  -31.249     9.514     0.060     5.000         0
  -31.472     9.564     0.060     5.000         0
  -31.696     9.599     0.060     5.000         0
  -31.920     9.630     0.060     5.000         0
  -32.143     9.669     0.060     5.000         0
  -32.365     9.703     0.060     5.000         0
  -32.590     9.738     0.060     5.000         0
  -32.816     9.766     0.060     5.000         0
  -33.040     9.790     0.060     5.000         0
  -33.268     9.828     0.060     5.000         0
  -33.491     9.856     0.060     5.000         0
  -33.714     9.905     0.060     5.000         0
  -33.937     9.933     0.060     5.000         0
  -34.159     9.962     0.060     5.000         0
  -34.382    10.003     0.060     5.000         0
  -34.604    10.019     0.060     5.000         0
  -34.825    10.063     0.060     5.000         0
  -35.047    10.092     0.060     5.000         0
  -35.269    10.114     0.060     5.000         0
  -35.491    10.133     0.060     5.000         0
  -35.714    10.156     0.060     5.000         0
  -35.938    10.159     0.060     5.000         0
  -36.162    10.178     0.060     5.000         0
  -36.384    10.204     0.060     5.000         0
  -36.606    10.223     0.060     5.000         0
  -36.826    10.235     0.060     5.000         0
  -37.046    10.246     0.060     5.000         0
  -37.266    10.249     0.060     5.000         0
  -37.487    10.254     0.060     5.000         0
  -37.710    10.282     0.060     5.000         0
  -37.933    10.279     0.060     5.000         0
  -38.158    10.292     0.060     5.000         0
  -38.383    10.305     0.060     5.000         0
  -38.608    10.326     0.060     5.000         0
  -38.831    10.328     0.060     5.000         0
  -39.055    10.354     0.060     5.000         0
  -39.277    10.348     0.060     5.000         0
  -39.499    10.375     0.060     5.000         0
  -39.722    10.385     0.060     5.000         0
  -39.944    10.395     0.060     5.000         0
  -40.166    10.389     0.060     5.000         0
  -40.388    10.416     0.060     5.000         0
  -40.609    10.410     0.060     5.000         0
  -40.832    10.420     0.060     5.000         0
  -41.053    10.438     0.060     5.000         0
  -41.271    10.464     0.060     5.000         0
  -41.493    10.478     0.060     5.000         0
  -41.717    10.501     0.060     5.000         0
  -41.942    10.519     0.060     5.000         0
  -42.165    10.521     0.060     5.000         0
  -42.388    10.547     0.060     5.000         0
  -42.609    10.562     0.060     5.000         0
  -42.827    10.583     0.060     5.000         0
  -43.048    10.612     0.060     5.000         0
  -43.268    10.636     0.060     5.000         0
  -43.488    10.661     0.060     5.000         0
  -43.706    10.693     0.060     5.000         0
  -43.920    10.716     0.060     5.000         0
  -44.144    10.745     0.060     5.000         0
  -44.366    10.778     0.060     5.000         0
  -44.583    10.818     0.060     5.000         0
  -44.802    10.842     0.060     5.000         0
  -45.019    10.874     0.060     5.000         0
  -45.241    10.887     0.060     5.000         0
  -45.457    10.930     0.060     5.000         0
  -45.674    10.942     0.060     5.000         0
  -45.892    10.970     0.060     5.000         0
  -46.106    11.006     0.060     5.000         0
    0.000     0.000     0.000        -1
