    0.000     1.000     0.000         0
    5.721     6.253     0.060     1.000         0
    5.502     6.139     0.060     1.000         0
    5.284     6.051     0.060     1.000         0
    5.064     5.941     0.060     1.000         0
    4.846     5.824     0.060     1.000         0
    4.629     5.736     0.060     1.000         0
    4.413     5.632     0.060     1.000         0
    4.197     5.520     0.060     1.000         0
    3.981     5.412     0.060     1.000         0
    3.765     5.313     0.060     1.000         0
    3.550     5.217     0.060     1.000         0
    3.336     5.123     0.060     1.000         0
    3.123     5.032     0.060     1.000         0
    2.905     4.940     0.060     1.000         0
    2.684     4.846     0.060     1.000         0
    2.458     4.758     0.060     1.000         0
    2.231     4.688     0.060     1.000         0
    2.003     4.642     0.060     1.000         0
    1.776     4.580     0.060     1.000         0
    1.548     4.501     0.060     1.000         0
    1.318     4.442     0.060     1.000         0
    1.091     4.384     0.060     1.000         0
    0.866     4.358     0.060     1.000         0
    0.642     4.332     0.060     1.000         0
    0.424     4.310     0.060     1.000         0
    0.218     4.298     0.060     1.000         0
   45.970    11.819     0.060     5.000         0
   45.741    11.791     0.060     5.000         0
   45.515    11.740     0.060     5.000         0
   45.289    11.705     0.060     5.000         0
   45.062    11.669     0.060     5.000         0
   44.832    11.633     0.060     5.000         0
   44.603    11.605     0.060     5.000         0
   44.374    11.583     0.060     5.000         0
   44.143    11.552     0.060     5.000         0
   43.910    11.520     0.060     5.000         0
   43.680    11.474     0.060     5.000         0
   43.446    11.446     0.060     5.000         0
   43.215    11.427     0.060     5.000         0
   42.984    11.388     0.060     5.000         0
   42.754    11.357     0.060     5.000         0
   42.524    11.332     0.060     5.000         0
   42.295    11.298     0.060     5.000         0
   42.066    11.265     0.060     5.000         0
   41.838    11.231     0.060     5.000         0
   41.609    11.182     0.060     5.000         0
   41.381    11.164     0.060     5.000         0
   41.153    11.123     0.060     5.000         0
   40.924    11.082     0.060     5.000         0
   40.697    11.034     0.060     5.000         0
   40.469    10.986     0.060     5.000         0
   40.239    10.929     0.060     5.000         0
   40.011    10.889     0.060     5.000         0
   39.785    10.833     0.060     5.000         0
   39.558    10.809     0.060     5.000         0
   39.333    10.773     0.060     5.000         0
   39.110    10.730     0.060     5.000         0
   38.888    10.699     0.060     5.000         0
   38.666    10.676     0.060     5.000         0
   38.444    10.647     0.060     5.000         0
   38.223    10.595     0.060     5.000         0
   38.002    10.567     0.060     5.000         0
   37.781    10.554     0.060     5.000         0
   37.560    10.518     0.060     5.000         0
   37.340    10.497     0.060     5.000         0
   37.119    10.492     0.060     5.000         0
   36.899    10.463     0.060     5.000         0
   36.675    10.443     0.060     5.000         0
   36.452    10.443     0.060     5.000         0
   36.229    10.419     0.060     5.000         0
   36.006    10.422     0.060     5.000         0
   35.786    10.410     0.060     5.000         0
   35.564    10.390     0.060     5.000         0
   35.344    10.360     0.060     5.000         0
   35.124    10.339     0.060     5.000         0
   34.903    10.333     0.060     5.000         0
   34.682    10.307     0.060     5.000         0
   34.461    10.289     0.060     5.000         0
   34.239    10.259     0.060     5.000         0
   34.016    10.228     0.060     5.000         0
   33.793    10.205     0.060     5.000         0
   33.569    10.157     0.060     5.000         0
   33.347    10.142     0.060     5.000         0
   33.125    10.111     0.060     5.000         0
   32.901    10.080     0.060     5.000         0
   32.678    10.037     0.060     5.000         0
   32.458    10.011     0.060     5.000         0
   32.232     9.980     0.060     5.000         0
   32.008     9.959     0.060     5.000         0
   31.785     9.941     0.060     5.000         0
   31.563     9.915     0.060     5.000         0
   31.341     9.909     0.060     5.000         0
   31.119     9.888     0.060     5.000         0
   30.899     9.858     0.060     5.000         0
   30.680     9.819     0.060     5.000         0
   30.461     9.756     0.060     5.000         0
   30.243     9.725     0.060     5.000         0
   30.024     9.677     0.060     5.000         0
   29.804     9.614     0.060     5.000         0
   29.585     9.583     0.060     5.000         0
   29.365     9.519     0.060     5.000         0
   29.147     9.488     0.060     5.000         0
   28.928     9.433     0.060     5.000         0
   28.709     9.380     0.060     5.000         0
   28.491     9.352     0.060     5.000         0
   28.274     9.292     0.060     5.000         0
   28.058     9.264     0.060     5.000         0
   27.842     9.204     0.060     5.000         0
   27.627     9.160     0.060     5.000         0
   27.411     9.116     0.060     5.000         0
   27.194     9.080     0.060     5.000         0
   26.977     9.044     0.060     5.000         0
   26.757     9.000     0.060     5.000         0
   26.533     8.954     0.060     5.000         0
   26.311     8.910     0.060     5.000         0
   26.082     8.864     0.060     5.000         0
   25.858     8.802     0.060     5.000         0
   25.635     8.758     0.060     5.000         0
   25.411     8.728     0.060     5.000         0
   25.188     8.675     0.060     5.000         0
   24.968     8.608     0.060     5.000         0
   24.749     8.550     0.060     5.000         0
   24.527     8.506     0.060     5.000         0
   24.304     8.430     0.060     5.000         0
   24.086     8.388     0.060     5.000         0
   23.864     8.328     0.060     5.000         0
   23.641     8.260     0.060     5.000         0
   23.417     8.229     0.060     5.000         0
   23.194     8.173     0.060     5.000         0
   22.970     8.133     0.060     5.000         0
   22.747     8.102     0.060     5.000         0
   22.525     8.058     0.060     5.000         0
   22.302     8.027     0.060     5.000         0
   22.077     7.991     0.060     5.000         0
   21.852     7.943     0.060     5.000         0
   21.629     7.938     0.060     5.000         0
   21.409     7.908     0.060     5.000         0
   21.187     7.895     0.060     5.000         0
   20.966     7.898     0.060     5.000         0
   20.744     7.885     0.060     5.000         0
   20.524     7.856     0.060     5.000         0
   20.301     7.842     0.060     5.000         0
   20.078     7.845     0.060     5.000         0
   19.853     7.831     0.060     5.000         0
   19.630     7.810     0.060     5.000         0
   19.406     7.827     0.060     5.000         0
   19.182     7.820     0.060     5.000         0
   18.958     7.828     0.060     5.000         0
   18.735     7.853     0.060     5.000         0
   18.509     7.850     0.060     5.000         0
   18.287     7.854     0.060     5.000         0
   18.064     7.867     0.060     5.000         0
   17.842     7.871     0.060     5.000         0
   17.616     7.892     0.060     5.000         0
   17.391     7.897     0.060     5.000         0
   17.165     7.907     0.060     5.000         0
   16.938     7.893     0.060     5.000         0
   16.712     7.911     0.060     5.000         0
   16.487     7.902     0.060     5.000         0
   16.261     7.900     0.060     5.000         0
   16.035     7.918     0.060     5.000         0
   15.808     7.912     0.060     5.000         0
   15.579     7.922     0.060     5.000         0
   15.350     7.933     0.060     5.000         0
   15.125     7.931     0.060     5.000         0
   14.901     7.880     0.060     5.000         0
   14.672     7.820     0.060     5.000         0
   14.448     7.769     0.060     5.000         0
   14.223     7.722     0.060     5.000         0
   13.999     7.671     0.060     5.000         0
   13.773     7.624     0.060     5.000         0
   13.547     7.581     0.060     5.000         0
   13.320     7.522     0.060     5.000         0
   13.093     7.479     0.060     5.000         0
   12.870     7.436     0.060     5.000         0
   12.643     7.385     0.060     5.000         0
   12.420     7.343     0.060     5.000         0
   12.198     7.300     0.060     5.000         0
   11.973     7.280     0.060     5.000         0
   11.754     7.244     0.060     5.000         0
   11.532     7.201     0.060     5.000         0
   11.308     7.166     0.060     5.000         0
   11.083     7.156     0.060     5.000         0
   10.858     7.113     0.060     5.000         0
   10.633     7.086     0.060     5.000         0
   10.404     7.063     0.060     5.000         0
   10.176     7.040     0.060     5.000         0
    9.952     7.003     0.060     5.000         0
    9.728     6.966     0.060     5.000         0
    9.505     6.924     0.060     5.000         0
    9.282     6.883     0.060     5.000         0
    9.057     6.842     0.060     5.000         0
    8.832     6.800     0.060     5.000         0
    8.609     6.759     0.060     5.000         0
    8.385     6.710     0.060     5.000         0
    8.161     6.679     0.060     5.000         0
    7.937     6.624     0.060     5.000         0
    7.713     6.585     0.060     5.000         0
    7.490     6.547     0.060     5.000         0
    7.267     6.524     0.060     5.000         0
    7.043     6.469     0.060     5.000         0
    6.821     6.447     0.060     5.000         0
    6.599     6.409     0.060     5.000         0
    6.379     6.370     0.060     5.000         0
    6.160     6.325     0.060     5.000         0
    0.000    -1.000     0.000         0
   -0.126     4.295     0.060     1.000         0
   -0.290     4.295     0.060     1.000         0
   -0.512     4.309     0.060     1.000         0
   -0.732     4.324     0.060     1.000         0
   -0.957     4.357     0.060     1.000         0
   -1.185     4.400     0.060     1.000         0
   -1.419     4.443     0.060     1.000         0
   -1.644     4.493     0.060     1.000         0
   -1.871     4.567     0.060     1.000         0
   -2.098     4.642     0.060     1.000         0
   -2.335     4.724     0.060     1.000         0
   -2.562     4.815     0.060     1.000         0
   -2.792     4.899     0.060     1.000         0
   -3.019     4.962     0.060     1.000         0
   -3.263     5.054     0.060     1.000         0
   -3.500     5.163     0.060     1.000         0
   -3.732     5.266     0.060     1.000         0
   -3.957     5.369     0.060     1.000         0
   -4.193     5.474     0.060     1.000         0
   -4.420     5.558     0.060     1.000         0
   -4.642     5.665     0.060     1.000         0
   -4.866     5.781     0.060     1.000         0
   -5.096     5.893     0.060     1.000         0
   -5.312     5.998     0.060     1.000         0
   -5.535     6.090     0.060     1.000         0
   -5.761     6.208     0.060     1.000         0
   -5.985     6.317     0.060     1.000         0
   -6.420     6.419     0.060     5.000         0
   -6.638     6.455     0.060     5.000         0
   -6.859     6.482     0.060     5.000         0
   -7.080     6.502     0.060     5.000         0
   -7.300     6.529     0.060     5.000         0
   -7.524     6.534     0.060     5.000         0
   -7.747     6.547     0.060     5.000         0
   -7.968     6.560     0.060     5.000         0
   -8.193     6.577     0.060     5.000         0
   -8.422     6.594     0.060     5.000         0
   -8.637     6.593     0.060     5.000         0
   -8.851     6.600     0.060     5.000         0
   -9.076     6.623     0.060     5.000         0
   -9.298     6.618     0.060     5.000         0
   -9.521     6.629     0.060     5.000         0
   -9.744     6.643     0.060     5.000         0
   -9.967     6.665     0.060     5.000         0
  -10.191     6.695     0.060     5.000         0
  -10.415     6.727     0.060     5.000         0
  -10.634     6.767     0.060     5.000         0
  -10.864     6.808     0.060     5.000         0
  -11.082     6.855     0.060     5.000         0
  -11.298     6.884     0.060     5.000         0
  -11.517     6.934     0.060     5.000         0
  -11.739     6.969     0.060     5.000         0
  -11.960     6.998     0.060     5.000         0
  -12.183     7.012     0.060     5.000         0
  -12.400     7.040     0.060     5.000         0
  -12.617     7.069     0.060     5.000         0
    0.000     0.000     0.000        -1
