    0.000     1.000     0.000         0
    4.668     6.021     0.060     1.000         0
    4.435     5.895     0.060     1.000         0
    4.211     5.778     0.060     1.000         0
    3.974     5.659     0.060     1.000         0
    3.748     5.558     0.060     1.000         0
    3.526     5.452     0.060     1.000         0
    3.301     5.344     0.060     1.000         0
    3.071     5.221     0.060     1.000         0
    2.855     5.122     0.060     1.000         0
    2.632     5.037     0.060     1.000         0
    2.406     4.959     0.060     1.000         0
    2.182     4.882     0.060     1.000         0
    1.966     4.807     0.060     1.000         0
    1.747     4.740     0.060     1.000         0
    1.529     4.687     0.060     1.000         0
    1.308     4.641     0.060     1.000         0
    1.087     4.596     0.060     1.000         0
    0.867     4.550     0.060     1.000         0
    0.643     4.512     0.060     1.000         0
    0.420     4.491     0.060     1.000         0
    0.200     4.478     0.060     1.000         0
   57.284    13.216     0.060     5.000         0
   57.062    13.190     0.060     5.000         0
   56.838    13.172     0.060     5.000         0
   56.614    13.145     0.060     5.000         0
   56.387    13.119     0.060     5.000         0
   56.165    13.077     0.060     5.000         0
   55.937    13.059     0.060     5.000         0
   55.711    13.042     0.060     5.000         0
   55.484    13.002     0.060     5.000         0
   55.258    12.993     0.060     5.000         0
   55.033    12.953     0.060     5.000         0
   54.809    12.928     0.060     5.000         0
   54.585    12.912     0.060     5.000         0
   54.361    12.876     0.060     5.000         0
   54.137    12.864     0.060     5.000         0
   53.909    12.820     0.060     5.000         0
   53.682    12.799     0.060     5.000         0
   53.456    12.752     0.060     5.000         0
   53.229    12.728     0.060     5.000         0
   53.000    12.672     0.060     5.000         0
   52.771    12.640     0.060     5.000         0
   52.541    12.603     0.060     5.000         0
   52.310    12.574     0.060     5.000         0
   52.077    12.549     0.060     5.000         0
   51.847    12.529     0.060     5.000         0
   51.613    12.495     0.060     5.000         0
   51.382    12.458     0.060     5.000         0
   51.152    12.446     0.060     5.000         0
   50.921    12.401     0.060     5.000         0
   50.691    12.388     0.060     5.000         0
   50.462    12.351     0.060     5.000         0
   50.233    12.315     0.060     5.000         0
   50.005    12.294     0.060     5.000         0
   49.777    12.246     0.060     5.000         0
   49.548    12.218     0.060     5.000         0
   49.320    12.183     0.060     5.000         0
   49.091    12.142     0.060     5.000         0
   48.864    12.095     0.060     5.000         0
   48.636    12.058     0.060     5.000         0
   48.406    12.038     0.060     5.000         0
   48.178    12.009     0.060     5.000         0
   47.952    11.973     0.060     5.000         0
   47.725    11.952     0.060     5.000         0
   47.500    11.924     0.060     5.000         0
   47.277    11.920     0.060     5.000         0
   47.055    11.900     0.060     5.000         0
   46.833    11.879     0.060     5.000         0
   46.611    11.859     0.060     5.000         0
   46.390    11.831     0.060     5.000         0
   46.170    11.810     0.060     5.000         0
   45.948    11.764     0.060     5.000         0
   45.727    11.734     0.060     5.000         0
   45.507    11.721     0.060     5.000         0
   45.286    11.692     0.060     5.000         0
   45.066    11.654     0.060     5.000         0
   44.842    11.625     0.060     5.000         0
   44.619    11.587     0.060     5.000         0
   44.396    11.562     0.060     5.000         0
   44.173    11.532     0.060     5.000         0
   43.953    11.515     0.060     5.000         0
   43.731    11.486     0.060     5.000         0
   43.511    11.448     0.060     5.000         0
   43.291    11.423     0.060     5.000         0
   43.070    11.374     0.060     5.000         0
   42.849    11.357     0.060     5.000         0
   42.628    11.323     0.060     5.000         0
   42.406    11.290     0.060     5.000         0
   42.183    11.256     0.060     5.000         0
   41.960    11.223     0.060     5.000         0
   41.736    11.181     0.060     5.000         0
   41.515    11.140     0.060     5.000         0
   41.292    11.115     0.060     5.000         0
   41.069    11.078     0.060     5.000         0
   40.845    11.037     0.060     5.000         0
   40.625    10.997     0.060     5.000         0
   40.399    10.973     0.060     5.000         0
   40.176    10.942     0.060     5.000         0
   39.952    10.934     0.060     5.000         0
   39.730    10.899     0.060     5.000         0
   39.508    10.880     0.060     5.000         0
   39.286    10.844     0.060     5.000         0
   39.066    10.817     0.060     5.000         0
   38.847    10.797     0.060     5.000         0
   38.628    10.764     0.060     5.000         0
   38.410    10.739     0.060     5.000         0
   38.191    10.702     0.060     5.000         0
   37.972    10.657     0.060     5.000         0
   37.752    10.624     0.060     5.000         0
   37.532    10.599     0.060     5.000         0
   37.315    10.568     0.060     5.000         0
   37.095    10.521     0.060     5.000         0
   36.877    10.479     0.060     5.000         0
   36.658    10.436     0.060     5.000         0
   36.441    10.397     0.060     5.000         0
   36.226    10.359     0.060     5.000         0
   36.009    10.321     0.060     5.000         0
   35.794    10.291     0.060     5.000         0
   35.578    10.242     0.060     5.000         0
   35.362    10.218     0.060     5.000         0
   35.145    10.177     0.060     5.000         0
   34.925    10.136     0.060     5.000         0
   34.701    10.086     0.060     5.000         0
   34.478    10.038     0.060     5.000         0
   34.250     9.982     0.060     5.000         0
   34.026     9.910     0.060     5.000         0
   33.803     9.855     0.060     5.000         0
   33.579     9.811     0.060     5.000         0
   33.356     9.747     0.060     5.000         0
   33.136     9.697     0.060     5.000         0
   32.916     9.646     0.060     5.000         0
   32.694     9.586     0.060     5.000         0
   32.472     9.542     0.060     5.000         0
   32.253     9.484     0.060     5.000         0
   32.031     9.432     0.060     5.000         0
   31.808     9.380     0.060     5.000         0
   31.585     9.344     0.060     5.000         0
   31.362     9.292     0.060     5.000         0
   31.138     9.232     0.060     5.000         0
   30.914     9.180     0.060     5.000         0
   30.692     9.144     0.060     5.000         0
   30.469     9.096     0.060     5.000         0
   30.245     9.039     0.060     5.000         0
   30.020     9.011     0.060     5.000         0
   29.796     8.950     0.060     5.000         0
   29.576     8.906     0.060     5.000         0
   29.354     8.862     0.060     5.000         0
   29.133     8.822     0.060     5.000         0
   28.911     8.782     0.060     5.000         0
   28.691     8.776     0.060     5.000         0
   28.468     8.746     0.060     5.000         0
   28.245     8.732     0.060     5.000         0
   28.020     8.721     0.060     5.000         0
   27.797     8.711     0.060     5.000         0
   27.573     8.730     0.060     5.000         0
   27.349     8.725     0.060     5.000         0
   27.125     8.736     0.060     5.000         0
   26.902     8.763     0.060     5.000         0
   26.676     8.774     0.060     5.000         0
   26.454     8.785     0.060     5.000         0
   26.231     8.788     0.060     5.000         0
   26.009     8.818     0.060     5.000         0
   25.783     8.857     0.060     5.000         0
   25.558     8.895     0.060     5.000         0
   25.332     8.949     0.060     5.000         0
   25.105     8.988     0.060     5.000         0
   24.879     9.011     0.060     5.000         0
   24.653     9.057     0.060     5.000         0
   24.428     9.056     0.060     5.000         0
   24.202     9.062     0.060     5.000         0
   23.975     9.061     0.060     5.000         0
   23.746     9.060     0.060     5.000         0
   23.517     9.058     0.060     5.000         0
   23.292     9.041     0.060     5.000         0
   23.068     9.040     0.060     5.000         0
   22.839     9.046     0.060     5.000         0
   22.614     9.007     0.060     5.000         0
   22.390     8.947     0.060     5.000         0
   22.165     8.907     0.060     5.000         0
   21.940     8.847     0.060     5.000         0
   21.714     8.800     0.060     5.000         0
   21.487     8.751     0.060     5.000         0
   21.259     8.703     0.060     5.000         0
   21.036     8.656     0.060     5.000         0
   20.809     8.607     0.060     5.000         0
   20.586     8.560     0.060     5.000         0
   20.364     8.521     0.060     5.000         0
   20.139     8.479     0.060     5.000         0
   19.920     8.446     0.060     5.000         0
   19.698     8.413     0.060     5.000         0
   19.474     8.379     0.060     5.000         0
   19.249     8.361     0.060     5.000         0
   19.024     8.319     0.060     5.000         0
   18.798     8.291     0.060     5.000         0
   18.570     8.254     0.060     5.000         0
   18.342     8.214     0.060     5.000         0
   18.117     8.181     0.060     5.000         0
   17.894     8.137     0.060     5.000         0
   17.671     8.097     0.060     5.000         0
   17.447     8.065     0.060     5.000         0
   17.223     8.040     0.060     5.000         0
   16.997     8.006     0.060     5.000         0
   16.774     7.968     0.060     5.000         0
   16.550     7.947     0.060     5.000         0
   16.326     7.917     0.060     5.000         0
   16.103     7.884     0.060     5.000         0
   15.879     7.858     0.060     5.000         0
   15.655     7.827     0.060     5.000         0
   15.432     7.804     0.060     5.000         0
   15.208     7.781     0.060     5.000         0
   14.986     7.758     0.060     5.000         0
   14.764     7.747     0.060     5.000         0
   14.544     7.728     0.060     5.000         0
   14.324     7.698     0.060     5.000         0
   14.103     7.683     0.060     5.000         0
   13.885     7.656     0.060     5.000         0
   13.666     7.633     0.060     5.000         0
   13.448     7.630     0.060     5.000         0
   13.228     7.608     0.060     5.000         0
   13.009     7.585     0.060     5.000         0
   12.792     7.574     0.060     5.000         0
   12.576     7.547     0.060     5.000         0
   12.360     7.493     0.060     5.000         0
   12.144     7.447     0.060     5.000         0
   11.928     7.401     0.060     5.000         0
   11.713     7.359     0.060     5.000         0
   11.499     7.309     0.060     5.000         0
   11.286     7.280     0.060     5.000         0
   11.068     7.233     0.060     5.000         0
   10.847     7.186     0.060     5.000         0
   10.621     7.122     0.060     5.000         0
   10.394     7.081     0.060     5.000         0
   10.165     7.027     0.060     5.000         0
    9.938     6.981     0.060     5.000         0
    9.709     6.934     0.060     5.000         0
    9.479     6.887     0.060     5.000         0
    9.251     6.845     0.060     5.000         0
    9.024     6.795     0.060     5.000         0
    8.797     6.757     0.060     5.000         0
    8.573     6.730     0.060     5.000         0
    8.348     6.692     0.060     5.000         0
    8.124     6.661     0.060     5.000         0
    7.901     6.623     0.060     5.000         0
    7.670     6.591     0.060     5.000         0
    7.445     6.553     0.060     5.000         0
    7.217     6.514     0.060     5.000         0
    6.988     6.471     0.060     5.000         0
    6.753     6.435     0.060     5.000         0
    6.527     6.413     0.060     5.000         0
    6.298     6.382     0.060     5.000         0
    6.071     6.331     0.060     5.000         0
    5.833     6.295     0.060     5.000         0
    5.606     6.276     0.060     5.000         0
    5.376     6.225     0.060     5.000         0
    5.149     6.198     0.060     5.000         0
    0.000    -1.000     0.000         0
   -0.034     4.481     0.060     1.000         0
   -0.255     4.492     0.060     1.000         0
   -0.470     4.514     0.060     1.000         0
   -0.684     4.536     0.060     1.000         0
   -0.909     4.579     0.060     1.000         0
   -1.131     4.613     0.060     1.000         0
   -1.353     4.659     0.060     1.000         0
   -1.576     4.705     0.060     1.000         0
   -1.800     4.772     0.060     1.000         0
   -2.023     4.838     0.060     1.000         0
   -2.247     4.908     0.060     1.000         0
   -2.467     4.977     0.060     1.000         0
   -2.696     5.057     0.060     1.000         0
   -2.914     5.144     0.060     1.000         0
   -3.130     5.231     0.060     1.000         0
   -3.349     5.314     0.060     1.000         0
   -3.571     5.383     0.060     1.000         0
   -3.792     5.476     0.060     1.000         0
   -4.232     5.584     0.060     5.000         0
   -4.449     5.607     0.060     5.000         0
   -4.665     5.619     0.060     5.000         0
   -4.883     5.639     0.060     5.000         0
   -5.100     5.647     0.060     5.000         0
   -5.317     5.675     0.060     5.000         0
   -5.535     5.712     0.060     5.000         0
   -5.756     5.766     0.060     5.000         0
   -5.976     5.803     0.060     5.000         0
   -6.198     5.824     0.060     5.000         0
   -6.418     5.862     0.060     5.000         0
   -6.640     5.907     0.060     5.000         0
   -6.863     5.953     0.060     5.000         0
   -7.087     6.023     0.060     5.000         0
   -7.311     6.077     0.060     5.000         0
   -7.534     6.131     0.060     5.000         0
   -7.756     6.184     0.060     5.000         0
   -7.981     6.235     0.060     5.000         0
   -8.207     6.285     0.060     5.000         0
   -8.431     6.328     0.060     5.000         0
   -8.658     6.387     0.060     5.000         0
   -8.882     6.438     0.060     5.000         0
   -9.105     6.468     0.060     5.000         0
   -9.327     6.482     0.060     5.000         0
   -9.550     6.512     0.060     5.000         0
   -9.773     6.526     0.060     5.000         0
   -9.995     6.594     0.060     5.000         0
  -10.216     6.654     0.060     5.000         0
  -10.438     6.706     0.060     5.000         0
  -10.660     6.766     0.060     5.000         0
  -10.882     6.830     0.060     5.000         0
  -11.105     6.886     0.060     5.000         0
  -11.329     6.961     0.060     5.000         0
  -11.553     7.036     0.060     5.000         0
  -11.775     7.098     0.060     5.000         0
  -11.997     7.168     0.060     5.000         0
  -12.217     7.183     0.060     5.000         0
  -12.437     7.190     0.060     5.000         0
  -12.657     7.196     0.060     5.000         0
  -12.878     7.203     0.060     5.000         0
  -13.101     7.210     0.060     5.000         0
  -13.324     7.209     0.060     5.000         0
  -13.548     7.226     0.060     5.000         0
  -13.773     7.238     0.060     5.000         0
  -13.999     7.267     0.060     5.000         0
  -14.222     7.284     0.060     5.000         0
  -14.446     7.300     0.060     5.000         0
  -14.668     7.305     0.060     5.000         0
  -14.890     7.325     0.060     5.000         0
  -15.113     7.342     0.060     5.000         0
  -15.335     7.361     0.060     5.000         0
  -15.557     7.385     0.060     5.000         0
  -15.779     7.404     0.060     5.000         0
  -16.000     7.427     0.060     5.000         0
  -16.223     7.451     0.060     5.000         0
  -16.443     7.474     0.060     5.000         0
  -16.662     7.497     0.060     5.000         0
  -16.884     7.529     0.060     5.000         0
  -17.108     7.566     0.060     5.000         0
  -17.333     7.596     0.060     5.000         0
  -17.556     7.634     0.060     5.000         0
  -17.779     7.671     0.060     5.000         0
  -18.000     7.708     0.060     5.000         0
  -18.218     7.745     0.060     5.000         0
  -18.439     7.782     0.060     5.000         0
  -18.659     7.835     0.060     5.000         0
  -18.878     7.864     0.060     5.000         0
  -19.097     7.892     0.060     5.000         0
  -19.311     7.928     0.060     5.000         0
  -19.535     7.974     0.060     5.000         0
  -19.756     8.007     0.060     5.000         0
  -19.974     8.047     0.060     5.000         0
  -20.193     8.087     0.060     5.000         0
  -20.410     8.127     0.060     5.000         0
  -20.632     8.168     0.060     5.000         0
  -20.848     8.207     0.060     5.000         0
  -21.065     8.251     0.060     5.000         0
  -21.283     8.287     0.060     5.000         0
  -21.497     8.339     0.060     5.000         0
  -21.715     8.367     0.060     5.000         0
  -21.930     8.406     0.060     5.000         0
  -22.144     8.446     0.060     5.000         0
  -22.359     8.485     0.060     5.000         0
  -22.573     8.525     0.060     5.000         0
  -22.791     8.565     0.060     5.000         0
  -23.007     8.613     0.060     5.000         0
  -23.221     8.664     0.060     5.000         0
  -23.435     8.708     0.060     5.000         0
  -23.647     8.752     0.060     5.000         0
  -23.858     8.795     0.060     5.000         0
  -24.071     8.839     0.060     5.000         0
  -24.290     8.884     0.060     5.000         0
  -24.510     8.929     0.060     5.000         0
  -24.731     8.974     0.060     5.000         0
  -24.953     9.016     0.060     5.000         0
  -25.177     9.065     0.060     5.000         0
  -25.400     9.111     0.060     5.000         0
  -25.623     9.141     0.060     5.000         0
  -25.848     9.195     0.060     5.000         0
  -26.073     9.233     0.060     5.000         0
  -26.296     9.287     0.060     5.000         0
  -26.520     9.330     0.060     5.000         0
  -26.745     9.364     0.060     5.000         0
  -26.969     9.404     0.060     5.000         0
  -27.194     9.432     0.060     5.000         0
  -27.420     9.452     0.060     5.000         0
  -27.642     9.487     0.060     5.000         0
  -27.862     9.531     0.060     5.000         0
  -28.089     9.555     0.060     5.000         0
  -28.313     9.589     0.060     5.000         0
  -28.536     9.599     0.060     5.000         0
  -28.757     9.625     0.060     5.000         0
  -28.977     9.662     0.060     5.000         0
  -29.200     9.688     0.060     5.000         0
  -29.421     9.710     0.060     5.000         0
  -29.645     9.758     0.060     5.000         0
  -29.874     9.799     0.060     5.000         0
  -30.105     9.841     0.060     5.000         0
  -30.334     9.878     0.060     5.000         0
  -30.564     9.920     0.060     5.000         0
  -30.794     9.949     0.060     5.000         0
  -31.024     9.990     0.060     5.000         0
  -31.256    10.032     0.060     5.000         0
  -31.488    10.082     0.060     5.000         0
  -31.720    10.142     0.060     5.000         0
  -31.953    10.186     0.060     5.000         0
  -32.184    10.232     0.060     5.000         0
  -32.419    10.271     0.060     5.000         0
  -32.651    10.309     0.060     5.000         0
  -32.882    10.331     0.060     5.000         0
  -33.116    10.386     0.060     5.000         0
  -33.351    10.417     0.060     5.000         0
  -33.584    10.470     0.060     5.000         0
  -33.817    10.499     0.060     5.000         0
  -34.050    10.552     0.060     5.000         0
  -34.283    10.589     0.060     5.000         0
  -34.515    10.642     0.060     5.000         0
  -34.748    10.682     0.060     5.000         0
  -34.982    10.697     0.060     5.000         0
  -35.217    10.729     0.060     5.000         0
  -35.455    10.761     0.060     5.000         0
  -35.692    10.801     0.060     5.000         0
  -35.929    10.838     0.060     5.000         0
  -36.166    10.856     0.060     5.000         0
  -36.403    10.890     0.060     5.000         0
  -36.637    10.919     0.060     5.000         0
  -36.869    10.944     0.060     5.000         0
  -37.098    10.992     0.060     5.000         0
  -37.327    11.016     0.060     5.000         0
  -37.557    11.037     0.060     5.000         0
  -37.783    11.060     0.060     5.000         0
  -38.015    11.089     0.060     5.000         0
  -38.245    11.105     0.060     5.000         0
  -38.476    11.137     0.060     5.000         0
    0.000     0.000     0.000        -1
