    0.000     1.000     0.000         0
    2.651     4.680     0.060     1.000         0
    2.427     4.618     0.060     1.000         0
    2.200     4.544     0.060     1.000         0
    1.977     4.474     0.060     1.000         0
    1.754     4.409     0.060     1.000         0
    1.531     4.354     0.060     1.000         0
    1.308     4.306     0.060     1.000         0
    1.086     4.259     0.060     1.000         0
    0.864     4.211     0.060     1.000         0
    0.643     4.172     0.060     1.000         0
    0.421     4.152     0.060     1.000         0
    0.200     4.140     0.060     1.000         0
   57.029    13.328     0.060     5.000         0
   56.808    13.292     0.060     5.000         0
   56.586    13.281     0.060     5.000         0
   56.367    13.253     0.060     5.000         0
   56.146    13.214     0.060     5.000         0
   55.926    13.198     0.060     5.000         0
   55.701    13.158     0.060     5.000         0
   55.478    13.142     0.060     5.000         0
   55.255    13.098     0.060     5.000         0
   55.032    13.078     0.060     5.000         0
   54.812    13.048     0.060     5.000         0
   54.590    13.010     0.060     5.000         0
   54.370    12.967     0.060     5.000         0
   54.150    12.949     0.060     5.000         0
   53.930    12.899     0.060     5.000         0
   53.709    12.880     0.060     5.000         0
   53.487    12.830     0.060     5.000         0
   53.266    12.795     0.060     5.000         0
   53.043    12.777     0.060     5.000         0
   52.820    12.734     0.060     5.000         0
   52.596    12.696     0.060     5.000         0
   52.374    12.666     0.060     5.000         0
   52.151    12.635     0.060     5.000         0
   51.928    12.621     0.060     5.000         0
   51.705    12.591     0.060     5.000         0
   51.484    12.545     0.060     5.000         0
   51.259    12.531     0.060     5.000         0
   51.035    12.492     0.060     5.000         0
   50.812    12.455     0.060     5.000         0
   50.589    12.425     0.060     5.000         0
   50.368    12.411     0.060     5.000         0
   50.146    12.382     0.060     5.000         0
   49.926    12.340     0.060     5.000         0
   49.707    12.323     0.060     5.000         0
   49.488    12.294     0.060     5.000         0
   49.269    12.249     0.060     5.000         0
   49.051    12.236     0.060     5.000         0
   48.831    12.198     0.060     5.000         0
   48.612    12.163     0.060     5.000         0
   48.392    12.111     0.060     5.000         0
   48.174    12.071     0.060     5.000         0
   47.955    12.031     0.060     5.000         0
   47.736    12.000     0.060     5.000         0
   47.518    11.961     0.060     5.000         0
   47.301    11.918     0.060     5.000         0
   47.085    11.876     0.060     5.000         0
   46.869    11.853     0.060     5.000         0
   46.654    11.807     0.060     5.000         0
   46.438    11.760     0.060     5.000         0
   46.221    11.721     0.060     5.000         0
   46.004    11.691     0.060     5.000         0
   45.784    11.647     0.060     5.000         0
   45.560    11.610     0.060     5.000         0
   45.338    11.573     0.060     5.000         0
   45.109    11.536     0.060     5.000         0
   44.885    11.499     0.060     5.000         0
   44.662    11.478     0.060     5.000         0
   44.438    11.433     0.060     5.000         0
   44.215    11.383     0.060     5.000         0
   43.995    11.325     0.060     5.000         0
   43.776    11.275     0.060     5.000         0
   43.554    11.240     0.060     5.000         0
   43.331    11.190     0.060     5.000         0
   43.113    11.132     0.060     5.000         0
   42.891    11.079     0.060     5.000         0
   42.668    11.049     0.060     5.000         0
   42.444    10.995     0.060     5.000         0
   42.221    10.958     0.060     5.000         0
   41.997    10.908     0.060     5.000         0
   41.774    10.862     0.060     5.000         0
   41.552    10.821     0.060     5.000         0
   41.329    10.767     0.060     5.000         0
   41.104    10.729     0.060     5.000         0
   40.879    10.700     0.060     5.000         0
   40.656    10.686     0.060     5.000         0
   40.435    10.649     0.060     5.000         0
   40.214    10.614     0.060     5.000         0
   39.992    10.590     0.060     5.000         0
   39.771    10.574     0.060     5.000         0
   39.550    10.531     0.060     5.000         0
   39.328    10.503     0.060     5.000         0
   39.105    10.475     0.060     5.000         0
   38.880    10.447     0.060     5.000         0
   38.657    10.427     0.060     5.000         0
   38.433    10.439     0.060     5.000         0
   38.209    10.431     0.060     5.000         0
   37.984    10.431     0.060     5.000         0
   37.762    10.439     0.060     5.000         0
   37.536    10.447     0.060     5.000         0
   37.313    10.460     0.060     5.000         0
   37.090    10.465     0.060     5.000         0
   36.868    10.470     0.060     5.000         0
   36.643    10.459     0.060     5.000         0
   36.418    10.480     0.060     5.000         0
   36.192    10.477     0.060     5.000         0
   35.964    10.481     0.060     5.000         0
   35.738    10.477     0.060     5.000         0
   35.513    10.474     0.060     5.000         0
   35.288    10.454     0.060     5.000         0
   35.061    10.450     0.060     5.000         0
   34.834    10.463     0.060     5.000         0
   34.605    10.451     0.060     5.000         0
   34.377    10.458     0.060     5.000         0
   34.151    10.450     0.060     5.000         0
   33.927    10.411     0.060     5.000         0
   33.698    10.364     0.060     5.000         0
   33.474    10.310     0.060     5.000         0
   33.249    10.258     0.060     5.000         0
   33.025    10.215     0.060     5.000         0
   32.799    10.187     0.060     5.000         0
   32.573    10.127     0.060     5.000         0
   32.346    10.095     0.060     5.000         0
   32.118    10.043     0.060     5.000         0
   31.895     9.996     0.060     5.000         0
   31.669     9.961     0.060     5.000         0
   31.446     9.938     0.060     5.000         0
   31.223     9.904     0.060     5.000         0
   30.999     9.861     0.060     5.000         0
   30.779     9.831     0.060     5.000         0
   30.557     9.809     0.060     5.000         0
   30.333     9.782     0.060     5.000         0
   30.108     9.748     0.060     5.000         0
   29.884     9.725     0.060     5.000         0
   29.658     9.694     0.060     5.000         0
   29.430     9.675     0.060     5.000         0
   29.202     9.644     0.060     5.000         0
   28.977     9.607     0.060     5.000         0
   28.754     9.585     0.060     5.000         0
   28.530     9.556     0.060     5.000         0
   28.307     9.514     0.060     5.000         0
   28.082     9.492     0.060     5.000         0
   27.857     9.461     0.060     5.000         0
   27.634     9.411     0.060     5.000         0
   27.410     9.385     0.060     5.000         0
   27.185     9.358     0.060     5.000         0
   26.962     9.332     0.060     5.000         0
   26.738     9.310     0.060     5.000         0
   26.515     9.287     0.060     5.000         0
   26.291     9.265     0.060     5.000         0
   26.068     9.243     0.060     5.000         0
   25.845     9.220     0.060     5.000         0
   25.623     9.198     0.060     5.000         0
   25.403     9.176     0.060     5.000         0
   25.183     9.162     0.060     5.000         0
   24.962     9.139     0.060     5.000         0
   24.744     9.136     0.060     5.000         0
   24.525     9.117     0.060     5.000         0
   24.307     9.106     0.060     5.000         0
   24.087     9.087     0.060     5.000         0
   23.868     9.068     0.060     5.000         0
   23.651     9.073     0.060     5.000         0
   23.435     9.062     0.060     5.000         0
   23.219     9.035     0.060     5.000         0
   23.004     9.032     0.060     5.000         0
   22.787     9.008     0.060     5.000         0
   22.572     8.960     0.060     5.000         0
   22.358     8.941     0.060     5.000         0
   22.145     8.906     0.060     5.000         0
   21.927     8.872     0.060     5.000         0
   21.706     8.837     0.060     5.000         0
   21.480     8.805     0.060     5.000         0
   21.253     8.758     0.060     5.000         0
   21.024     8.734     0.060     5.000         0
   20.798     8.694     0.060     5.000         0
   20.568     8.667     0.060     5.000         0
   20.338     8.632     0.060     5.000         0
   20.110     8.582     0.060     5.000         0
   19.883     8.547     0.060     5.000         0
   19.657     8.513     0.060     5.000         0
   19.432     8.486     0.060     5.000         0
   19.208     8.449     0.060     5.000         0
   18.983     8.420     0.060     5.000         0
   18.760     8.395     0.060     5.000         0
   18.529     8.373     0.060     5.000         0
   18.304     8.344     0.060     5.000         0
   18.077     8.311     0.060     5.000         0
   17.847     8.263     0.060     5.000         0
   17.612     8.223     0.060     5.000         0
   17.386     8.180     0.060     5.000         0
   17.158     8.145     0.060     5.000         0
   16.930     8.094     0.060     5.000         0
   16.693     8.047     0.060     5.000         0
   16.466     7.983     0.060     5.000         0
   16.236     7.926     0.060     5.000         0
   16.008     7.877     0.060     5.000         0
   15.765     7.833     0.060     5.000         0
   15.527     7.770     0.060     5.000         0
   15.295     7.738     0.060     5.000         0
   15.071     7.699     0.060     5.000         0
   14.834     7.658     0.060     5.000         0
   14.607     7.602     0.060     5.000         0
   14.385     7.572     0.060     5.000         0
   14.161     7.528     0.060     5.000         0
   13.931     7.492     0.060     5.000         0
   13.715     7.470     0.060     5.000         0
   13.492     7.427     0.060     5.000         0
   13.265     7.395     0.060     5.000         0
   13.041     7.352     0.060     5.000         0
   12.826     7.304     0.060     5.000         0
   12.607     7.255     0.060     5.000         0
   12.388     7.189     0.060     5.000         0
   12.168     7.140     0.060     5.000         0
   11.947     7.106     0.060     5.000         0
   11.726     7.048     0.060     5.000         0
   11.503     6.994     0.060     5.000         0
   11.279     6.939     0.060     5.000         0
   11.058     6.889     0.060     5.000         0
   10.833     6.838     0.060     5.000         0
   10.605     6.786     0.060     5.000         0
   10.389     6.745     0.060     5.000         0
   10.176     6.681     0.060     5.000         0
    9.950     6.638     0.060     5.000         0
    9.728     6.580     0.060     5.000         0
    9.506     6.514     0.060     5.000         0
    9.283     6.459     0.060     5.000         0
    9.059     6.404     0.060     5.000         0
    8.836     6.358     0.060     5.000         0
    8.612     6.299     0.060     5.000         0
    8.392     6.234     0.060     5.000         0
    8.163     6.158     0.060     5.000         0
    7.944     6.087     0.060     5.000         0
    7.728     6.025     0.060     5.000         0
    7.509     5.963     0.060     5.000         0
    7.287     5.907     0.060     5.000         0
    7.067     5.849     0.060     5.000         0
    6.844     5.798     0.060     5.000         0
    6.626     5.756     0.060     5.000         0
    6.409     5.689     0.060     5.000         0
    6.193     5.631     0.060     5.000         0
    5.975     5.580     0.060     5.000         0
    5.759     5.524     0.060     5.000         0
    5.542     5.459     0.060     5.000         0
    5.323     5.378     0.060     5.000         0
    5.102     5.328     0.060     5.000         0
    4.883     5.255     0.060     5.000         0
    4.661     5.193     0.060     5.000         0
    4.440     5.108     0.060     5.000         0
    4.219     5.038     0.060     5.000         0
    3.996     4.968     0.060     5.000         0
    3.772     4.906     0.060     5.000         0
    3.547     4.865     0.060     5.000         0
    3.325     4.821     0.060     5.000         0
    3.102     4.776     0.060     5.000         0
    2.878     4.751     0.060     5.000         0
    0.000    -1.000     0.000         0
   -0.027     4.142     0.060     1.000         0
   -0.246     4.155     0.060     1.000         0
   -0.470     4.176     0.060     1.000         0
   -0.694     4.213     0.060     1.000         0
   -0.915     4.218     0.060     1.000         0
   -1.137     4.246     0.060     1.000         0
   -1.358     4.301     0.060     1.000         0
   -1.578     4.339     0.060     1.000         0
   -1.798     4.398     0.060     1.000         0
   -2.018     4.467     0.060     1.000         0
   -2.241     4.545     0.060     1.000         0
   -2.465     4.624     0.060     1.000         0
   -2.689     4.711     0.060     1.000         0
   -2.914     4.799     0.060     1.000         0
   -3.139     4.891     0.060     1.000         0
   -3.363     4.975     0.060     1.000         0
   -3.586     5.029     0.060     5.000         0
   -3.808     5.061     0.060     5.000         0
   -4.031     5.090     0.060     5.000         0
   -4.254     5.110     0.060     5.000         0
   -4.475     5.139     0.060     5.000         0
   -4.697     5.176     0.060     5.000         0
   -4.919     5.209     0.060     5.000         0
   -5.141     5.243     0.060     5.000         0
   -5.363     5.280     0.060     5.000         0
   -5.584     5.318     0.060     5.000         0
   -5.803     5.359     0.060     5.000         0
   -6.025     5.392     0.060     5.000         0
   -6.248     5.442     0.060     5.000         0
   -6.473     5.480     0.060     5.000         0
   -6.696     5.518     0.060     5.000         0
   -6.920     5.559     0.060     5.000         0
   -7.141     5.589     0.060     5.000         0
   -7.358     5.640     0.060     5.000         0
   -7.580     5.683     0.060     5.000         0
   -7.800     5.727     0.060     5.000         0
   -8.019     5.770     0.060     5.000         0
   -8.238     5.813     0.060     5.000         0
   -8.451     5.855     0.060     5.000         0
   -8.676     5.900     0.060     5.000         0
   -8.897     5.943     0.060     5.000         0
   -9.115     5.986     0.060     5.000         0
   -9.334     6.021     0.060     5.000         0
   -9.551     6.077     0.060     5.000         0
   -9.772     6.125     0.060     5.000         0
   -9.988     6.172     0.060     5.000         0
  -10.205     6.219     0.060     5.000         0
  -10.423     6.266     0.060     5.000         0
  -10.638     6.313     0.060     5.000         0
  -10.855     6.360     0.060     5.000         0
  -11.071     6.403     0.060     5.000         0
  -11.284     6.445     0.060     5.000         0
  -11.499     6.489     0.060     5.000         0
  -11.713     6.532     0.060     5.000         0
  -11.931     6.580     0.060     5.000         0
  -12.147     6.644     0.060     5.000         0
  -12.362     6.676     0.060     5.000         0
  -12.576     6.723     0.060     5.000         0
  -12.787     6.778     0.060     5.000         0
  -12.999     6.832     0.060     5.000         0
  -13.212     6.880     0.060     5.000         0
  -13.430     6.928     0.060     5.000         0
  -13.651     6.977     0.060     5.000         0
  -13.872     7.017     0.060     5.000         0
  -14.094     7.067     0.060     5.000         0
  -14.317     7.108     0.060     5.000         0
  -14.540     7.173     0.060     5.000         0
  -14.763     7.206     0.060     5.000         0
  -14.988     7.256     0.060     5.000         0
  -15.214     7.306     0.060     5.000         0
  -15.437     7.367     0.060     5.000         0
  -15.660     7.420     0.060     5.000         0
  -15.886     7.462     0.060     5.000         0
  -16.110     7.495     0.060     5.000         0
  -16.335     7.544     0.060     5.000         0
  -16.560     7.577     0.060     5.000         0
  -16.782     7.618     0.060     5.000         0
  -17.002     7.674     0.060     5.000         0
  -17.230     7.715     0.060     5.000         0
  -17.454     7.748     0.060     5.000         0
  -17.676     7.794     0.060     5.000         0
  -17.898     7.831     0.060     5.000         0
  -18.118     7.864     0.060     5.000         0
  -18.340     7.894     0.060     5.000         0
  -18.562     7.939     0.060     5.000         0
  -18.785     7.981     0.060     5.000         0
  -19.015     8.012     0.060     5.000         0
  -19.246     8.068     0.060     5.000         0
  -19.475     8.115     0.060     5.000         0
  -19.705     8.163     0.060     5.000         0
  -19.934     8.211     0.060     5.000         0
  -20.165     8.246     0.060     5.000         0
  -20.396     8.294     0.060     5.000         0
  -20.628     8.347     0.060     5.000         0
  -20.861     8.395     0.060     5.000         0
  -21.094     8.443     0.060     5.000         0
  -21.325     8.487     0.060     5.000         0
  -21.559     8.515     0.060     5.000         0
  -21.792     8.575     0.060     5.000         0
  -22.023     8.611     0.060     5.000         0
  -22.257     8.676     0.060     5.000         0
  -22.492     8.733     0.060     5.000         0
  -22.725     8.773     0.060     5.000         0
  -22.958     8.830     0.060     5.000         0
  -23.191     8.894     0.060     5.000         0
  -23.423     8.957     0.060     5.000         0
  -23.656     9.012     0.060     5.000         0
  -23.889     9.059     0.060     5.000         0
  -24.122     9.091     0.060     5.000         0
  -24.358     9.117     0.060     5.000         0
  -24.596     9.142     0.060     5.000         0
  -24.833     9.151     0.060     5.000         0
  -25.070     9.185     0.060     5.000         0
  -25.307     9.231     0.060     5.000         0
  -25.544     9.253     0.060     5.000         0
  -25.778     9.295     0.060     5.000         0
  -26.010     9.345     0.060     5.000         0
  -26.239     9.374     0.060     5.000         0
  -26.468     9.413     0.060     5.000         0
  -26.697     9.440     0.060     5.000         0
  -26.924     9.471     0.060     5.000         0
  -27.155     9.499     0.060     5.000         0
  -27.385     9.530     0.060     5.000         0
  -27.617     9.556     0.060     5.000         0
  -27.849     9.583     0.060     5.000         0
  -28.076     9.605     0.060     5.000         0
  -28.307     9.627     0.060     5.000         0
  -28.537     9.650     0.060     5.000         0
  -28.770     9.664     0.060     5.000         0
  -29.001     9.670     0.060     5.000         0
  -29.238     9.684     0.060     5.000         0
  -29.469     9.701     0.060     5.000         0
  -29.702     9.711     0.060     5.000         0
  -29.933     9.733     0.060     5.000         0
  -30.158     9.742     0.060     5.000         0
  -30.388     9.760     0.060     5.000         0
  -30.612     9.793     0.060     5.000         0
  -30.839     9.803     0.060     5.000         0
  -31.066     9.819     0.060     5.000         0
  -31.294     9.847     0.060     5.000         0
  -31.522     9.868     0.060     5.000         0
  -31.751     9.892     0.060     5.000         0
  -31.983     9.925     0.060     5.000         0
  -32.209     9.945     0.060     5.000         0
  -32.438     9.950     0.060     5.000         0
  -32.668     9.982     0.060     5.000         0
  -32.899     9.987     0.060     5.000         0
  -33.133    10.008     0.060     5.000         0
  -33.365    10.011     0.060     5.000         0
  -33.598    10.039     0.060     5.000         0
  -33.833    10.050     0.060     5.000         0
  -34.068    10.045     0.060     5.000         0
  -34.306    10.065     0.060     5.000         0
  -34.537    10.094     0.060     5.000         0
  -34.771    10.140     0.060     5.000         0
  -35.003    10.173     0.060     5.000         0
  -35.235    10.202     0.060     5.000         0
  -35.468    10.224     0.060     5.000         0
  -35.702    10.265     0.060     5.000         0
  -35.936    10.334     0.060     5.000         0
  -36.170    10.352     0.060     5.000         0
  -36.404    10.395     0.060     5.000         0
  -36.637    10.422     0.060     5.000         0
  -36.867    10.436     0.060     5.000         0
  -37.099    10.467     0.060     5.000         0
  -37.333    10.496     0.060     5.000         0
  -37.565    10.524     0.060     5.000         0
  -37.795    10.561     0.060     5.000         0
  -38.031    10.606     0.060     5.000         0
  -38.266    10.631     0.060     5.000         0
  -38.502    10.662     0.060     5.000         0
  -38.739    10.686     0.060     5.000         0
  -38.975    10.709     0.060     5.000         0
  -39.209    10.716     0.060     5.000         0
  -39.446    10.756     0.060     5.000         0
  -39.684    10.767     0.060     5.000         0
  -39.920    10.791     0.060     5.000         0
  -40.160    10.818     0.060     5.000         0
  -40.396    10.851     0.060     5.000         0
  -40.629    10.876     0.060     5.000         0
  -40.863    10.884     0.060     5.000         0
  -41.097    10.909     0.060     5.000         0
  -41.330    10.933     0.060     5.000         0
  -41.564    10.958     0.060     5.000         0
  -41.797    10.983     0.060     5.000         0
  -42.030    11.015     0.060     5.000         0
  -42.263    11.050     0.060     5.000         0
  -42.497    11.096     0.060     5.000         0
  -42.730    11.151     0.060     5.000         0
  -42.964    11.177     0.060     5.000         0
  -43.201    11.220     0.060     5.000         0
  -43.436    11.271     0.060     5.000         0
  -43.672    11.300     0.060     5.000         0
  -43.905    11.336     0.060     5.000         0
  -44.135    11.372     0.060     5.000         0
  -44.369    11.409     0.060     5.000         0
  -44.600    11.445     0.060     5.000         0
  -44.829    11.488     0.060     5.000         0
  -45.062    11.522     0.060     5.000         0
  -45.295    11.532     0.060     5.000         0
  -45.527    11.573     0.060     5.000         0
  -45.760    11.583     0.060     5.000         0
  -45.994    11.608     0.060     5.000         0
  -46.224    11.634     0.060     5.000         0
  -46.456    11.667     0.060     5.000         0
    0.000     0.000     0.000        -1
