    0.000     1.000     0.000         0
    3.370     4.955     0.060     1.000         0
    3.147     4.869     0.060     1.000         0
    2.926     4.804     0.060     1.000         0
    2.708     4.716     0.060     1.000         0
    2.487     4.655     0.060     1.000         0
    2.267     4.570     0.060     1.000         0
    2.048     4.494     0.060     1.000         0
    1.829     4.418     0.060     1.000         0
    1.615     4.343     0.060     1.000         0
    1.391     4.292     0.060     1.000         0
    1.170     4.249     0.060     1.000         0
    0.952     4.211     0.060     1.000         0
    0.733     4.173     0.060     1.000         0
    0.516     4.142     0.060     1.000         0
    0.295     4.118     0.060     1.000         0
    0.080     4.103     0.060     1.000         0
   42.640    11.201     0.060     5.000         0
   42.413    11.165     0.060     5.000         0
   42.186    11.117     0.060     5.000         0
   41.963    11.062     0.060     5.000         0
   41.736    11.026     0.060     5.000         0
   41.513    10.983     0.060     5.000         0
   41.291    10.946     0.060     5.000         0
   41.066    10.932     0.060     5.000         0
   40.847    10.903     0.060     5.000         0
   40.624    10.866     0.060     5.000         0
   40.400    10.841     0.060     5.000         0
   40.176    10.817     0.060     5.000         0
   39.951    10.796     0.060     5.000         0
   39.725    10.783     0.060     5.000         0
   39.497    10.748     0.060     5.000         0
   39.269    10.737     0.060     5.000         0
   39.044    10.710     0.060     5.000         0
   38.821    10.683     0.060     5.000         0
   38.597    10.648     0.060     5.000         0
   38.374    10.606     0.060     5.000         0
   38.150    10.573     0.060     5.000         0
   37.924    10.554     0.060     5.000         0
   37.701    10.513     0.060     5.000         0
   37.477    10.494     0.060     5.000         0
   37.253    10.467     0.060     5.000         0
   37.029    10.436     0.060     5.000         0
   36.805    10.397     0.060     5.000         0
   36.582    10.379     0.060     5.000         0
   36.358    10.349     0.060     5.000         0
   36.135    10.327     0.060     5.000         0
   35.913    10.305     0.060     5.000         0
   35.690    10.283     0.060     5.000         0
   35.470    10.269     0.060     5.000         0
   35.250    10.258     0.060     5.000         0
   35.030    10.239     0.060     5.000         0
   34.811    10.220     0.060     5.000         0
   34.592    10.185     0.060     5.000         0
   34.374    10.174     0.060     5.000         0
   34.154    10.157     0.060     5.000         0
   33.936    10.165     0.060     5.000         0
   33.719    10.141     0.060     5.000         0
   33.502    10.148     0.060     5.000         0
   33.287    10.132     0.060     5.000         0
   33.071    10.111     0.060     5.000         0
   32.854    10.065     0.060     5.000         0
   32.639    10.036     0.060     5.000         0
   32.426    10.023     0.060     5.000         0
   32.212     9.986     0.060     5.000         0
   31.995     9.951     0.060     5.000         0
   31.773     9.939     0.060     5.000         0
   31.547     9.911     0.060     5.000         0
   31.320     9.867     0.060     5.000         0
   31.092     9.838     0.060     5.000         0
   30.865     9.818     0.060     5.000         0
   30.636     9.777     0.060     5.000         0
   30.406     9.736     0.060     5.000         0
   30.177     9.700     0.060     5.000         0
   29.950     9.664     0.060     5.000         0
   29.724     9.627     0.060     5.000         0
   29.500     9.600     0.060     5.000         0
   29.275     9.588     0.060     5.000         0
   29.050     9.553     0.060     5.000         0
   28.828     9.534     0.060     5.000         0
   28.597     9.522     0.060     5.000         0
   28.371     9.496     0.060     5.000         0
   28.144     9.470     0.060     5.000         0
   27.915     9.440     0.060     5.000         0
   27.679     9.409     0.060     5.000         0
   27.454     9.375     0.060     5.000         0
   27.225     9.341     0.060     5.000         0
   26.997     9.311     0.060     5.000         0
   26.760     9.253     0.060     5.000         0
   26.533     9.189     0.060     5.000         0
   26.303     9.117     0.060     5.000         0
   26.076     9.070     0.060     5.000         0
   25.832     9.039     0.060     5.000         0
   25.595     8.985     0.060     5.000         0
   25.362     8.948     0.060     5.000         0
   25.138     8.909     0.060     5.000         0
   24.901     8.871     0.060     5.000         0
   24.675     8.843     0.060     5.000         0
   24.453     8.823     0.060     5.000         0
   24.228     8.779     0.060     5.000         0
   23.998     8.758     0.060     5.000         0
   23.782     8.724     0.060     5.000         0
   23.559     8.680     0.060     5.000         0
   23.333     8.636     0.060     5.000         0
   23.109     8.592     0.060     5.000         0
   22.893     8.542     0.060     5.000         0
   22.674     8.506     0.060     5.000         0
   22.456     8.461     0.060     5.000         0
   22.235     8.417     0.060     5.000         0
   22.014     8.356     0.060     5.000         0
   21.794     8.312     0.060     5.000         0
   21.570     8.282     0.060     5.000         0
   21.346     8.229     0.060     5.000         0
   21.126     8.185     0.060     5.000         0
   20.901     8.147     0.060     5.000         0
   20.672     8.110     0.060     5.000         0
   20.457     8.082     0.060     5.000         0
   20.243     8.039     0.060     5.000         0
   20.018     8.006     0.060     5.000         0
   19.796     7.981     0.060     5.000         0
   19.574     7.936     0.060     5.000         0
   19.350     7.925     0.060     5.000         0
   19.127     7.907     0.060     5.000         0
   18.903     7.888     0.060     5.000         0
   18.679     7.869     0.060     5.000         0
   18.459     7.842     0.060     5.000         0
   18.230     7.786     0.060     5.000         0
   18.012     7.740     0.060     5.000         0
   17.796     7.687     0.060     5.000         0
   17.577     7.617     0.060     5.000         0
   17.355     7.563     0.060     5.000         0
   17.134     7.508     0.060     5.000         0
   16.911     7.462     0.060     5.000         0
   16.694     7.431     0.060     5.000         0
   16.477     7.391     0.060     5.000         0
   16.261     7.337     0.060     5.000         0
   16.043     7.297     0.060     5.000         0
   15.826     7.266     0.060     5.000         0
   15.609     7.209     0.060     5.000         0
   15.391     7.159     0.060     5.000         0
   15.170     7.117     0.060     5.000         0
   14.950     7.071     0.060     5.000         0
   14.728     7.017     0.060     5.000         0
   14.508     6.970     0.060     5.000         0
   14.286     6.899     0.060     5.000         0
   14.063     6.852     0.060     5.000         0
   13.839     6.809     0.060     5.000         0
   13.615     6.790     0.060     5.000         0
   13.392     6.755     0.060     5.000         0
   13.170     6.713     0.060     5.000         0
   12.945     6.686     0.060     5.000         0
   12.719     6.643     0.060     5.000         0
   12.495     6.616     0.060     5.000         0
   12.268     6.580     0.060     5.000         0
   12.044     6.553     0.060     5.000         0
   11.821     6.527     0.060     5.000         0
   11.599     6.500     0.060     5.000         0
   11.376     6.489     0.060     5.000         0
   11.153     6.454     0.060     5.000         0
   10.931     6.418     0.060     5.000         0
   10.710     6.375     0.060     5.000         0
   10.488     6.323     0.060     5.000         0
   10.266     6.273     0.060     5.000         0
   10.044     6.216     0.060     5.000         0
    9.821     6.158     0.060     5.000         0
    9.597     6.092     0.060     5.000         0
    9.373     6.026     0.060     5.000         0
    9.151     5.976     0.060     5.000         0
    8.929     5.915     0.060     5.000         0
    8.709     5.862     0.060     5.000         0
    8.489     5.809     0.060     5.000         0
    8.269     5.756     0.060     5.000         0
    8.048     5.711     0.060     5.000         0
    7.825     5.665     0.060     5.000         0
    7.602     5.626     0.060     5.000         0
    7.378     5.588     0.060     5.000         0
    7.153     5.549     0.060     5.000         0
    6.928     5.514     0.060     5.000         0
    6.704     5.480     0.060     5.000         0
    6.481     5.449     0.060     5.000         0
    6.258     5.410     0.060     5.000         0
    6.036     5.371     0.060     5.000         0
    5.813     5.327     0.060     5.000         0
    5.591     5.293     0.060     5.000         0
    5.370     5.250     0.060     5.000         0
    5.147     5.207     0.060     5.000         0
    4.926     5.177     0.060     5.000         0
    4.703     5.147     0.060     5.000         0
    4.483     5.125     0.060     5.000         0
    4.264     5.100     0.060     5.000         0
    4.042     5.086     0.060     5.000         0
    0.000    -1.000     0.000         0
   -0.139     4.101     0.060     1.000         0
   -0.356     4.119     0.060     1.000         0
   -0.570     4.140     0.060     1.000         0
   -0.788     4.162     0.060     1.000         0
   -1.003     4.192     0.060     1.000         0
   -1.217     4.240     0.060     1.000         0
   -1.432     4.288     0.060     1.000         0
   -1.646     4.336     0.060     1.000         0
   -1.864     4.407     0.060     1.000         0
   -2.080     4.486     0.060     1.000         0
   -2.294     4.564     0.060     1.000         0
   -2.508     4.642     0.060     1.000         0
   -2.720     4.728     0.060     1.000         0
   -2.931     4.816     0.060     1.000         0
   -3.144     4.906     0.060     1.000         0
   -3.363     4.993     0.060     1.000         0
   -3.583     5.066     0.060     1.000         0
   -3.804     5.162     0.060     1.000         0
   -4.026     5.283     0.060     1.000         0
   -4.250     5.382     0.060     1.000         0
   -4.473     5.503     0.060     1.000         0
   -5.146     5.686     0.060     5.000         0
   -5.369     5.748     0.060     5.000         0
   -5.593     5.795     0.060     5.000         0
   -5.818     5.865     0.060     5.000         0
   -6.042     5.924     0.060     5.000         0
   -6.267     5.975     0.060     5.000         0
   -6.493     6.027     0.060     5.000         0
   -6.715     6.070     0.060     5.000         0
   -6.935     6.113     0.060     5.000         0
   -7.162     6.158     0.060     5.000         0
   -7.386     6.201     0.060     5.000         0
   -7.609     6.237     0.060     5.000         0
   -7.830     6.283     0.060     5.000         0
   -8.050     6.309     0.060     5.000         0
   -8.273     6.352     0.060     5.000         0
   -8.494     6.390     0.060     5.000         0
   -8.718     6.429     0.060     5.000         0
   -8.947     6.478     0.060     5.000         0
   -9.178     6.520     0.060     5.000         0
   -9.407     6.561     0.060     5.000         0
   -9.637     6.586     0.060     5.000         0
   -9.867     6.628     0.060     5.000         0
  -10.097     6.673     0.060     5.000         0
  -10.329     6.719     0.060     5.000         0
  -10.561     6.777     0.060     5.000         0
  -10.793     6.835     0.060     5.000         0
  -11.026     6.877     0.060     5.000         0
  -11.257     6.935     0.060     5.000         0
  -11.492     6.967     0.060     5.000         0
  -11.724     7.006     0.060     5.000         0
  -11.955     7.045     0.060     5.000         0
  -12.189     7.093     0.060     5.000         0
  -12.424     7.151     0.060     5.000         0
  -12.657     7.221     0.060     5.000         0
  -12.890     7.283     0.060     5.000         0
  -13.123     7.348     0.060     5.000         0
  -13.356     7.422     0.060     5.000         0
  -13.588     7.481     0.060     5.000         0
  -13.821     7.556     0.060     5.000         0
  -14.055     7.620     0.060     5.000         0
  -14.290     7.684     0.060     5.000         0
  -14.528     7.740     0.060     5.000         0
  -14.765     7.775     0.060     5.000         0
  -15.002     7.806     0.060     5.000         0
  -15.239     7.833     0.060     5.000         0
  -15.476     7.864     0.060     5.000         0
  -15.710     7.904     0.060     5.000         0
  -15.942     7.948     0.060     5.000         0
  -16.171     7.990     0.060     5.000         0
  -16.400     8.021     0.060     5.000         0
  -16.630     8.052     0.060     5.000         0
  -16.856     8.075     0.060     5.000         0
  -17.088     8.098     0.060     5.000         0
  -17.318     8.112     0.060     5.000         0
  -17.549     8.149     0.060     5.000         0
  -17.782     8.178     0.060     5.000         0
  -18.009     8.207     0.060     5.000         0
  -18.239     8.228     0.060     5.000         0
  -18.470     8.254     0.060     5.000         0
  -18.702     8.272     0.060     5.000         0
  -18.933     8.275     0.060     5.000         0
  -19.170     8.309     0.060     5.000         0
  -19.402     8.320     0.060     5.000         0
  -19.635     8.336     0.060     5.000         0
  -19.865     8.351     0.060     5.000         0
  -20.091     8.379     0.060     5.000         0
  -20.320     8.390     0.060     5.000         0
  -20.545     8.409     0.060     5.000         0
  -20.772     8.445     0.060     5.000         0
  -20.998     8.456     0.060     5.000         0
  -21.227     8.472     0.060     5.000         0
  -21.454     8.481     0.060     5.000         0
  -21.684     8.513     0.060     5.000         0
  -21.915     8.521     0.060     5.000         0
  -22.141     8.533     0.060     5.000         0
  -22.370     8.561     0.060     5.000         0
  -22.601     8.572     0.060     5.000         0
  -22.832     8.596     0.060     5.000         0
  -23.066     8.620     0.060     5.000         0
  -23.298     8.639     0.060     5.000         0
  -23.531     8.653     0.060     5.000         0
  -23.765     8.663     0.060     5.000         0
  -24.000     8.669     0.060     5.000         0
  -24.238     8.692     0.060     5.000         0
  -24.470     8.706     0.060     5.000         0
  -24.703     8.738     0.060     5.000         0
  -24.935     8.786     0.060     5.000         0
  -25.168     8.818     0.060     5.000         0
  -25.401     8.874     0.060     5.000         0
  -25.634     8.914     0.060     5.000         0
  -25.868     8.954     0.060     5.000         0
  -26.102     8.986     0.060     5.000         0
  -26.337     9.017     0.060     5.000         0
  -26.569     9.039     0.060     5.000         0
  -26.800     9.070     0.060     5.000         0
  -27.032     9.100     0.060     5.000         0
  -27.265     9.130     0.060     5.000         0
  -27.498     9.177     0.060     5.000         0
  -27.728     9.199     0.060     5.000         0
  -27.964     9.240     0.060     5.000         0
  -28.198     9.257     0.060     5.000         0
  -28.435     9.291     0.060     5.000         0
  -28.672     9.324     0.060     5.000         0
  -28.907     9.361     0.060     5.000         0
  -29.142     9.394     0.060     5.000         0
  -29.379     9.432     0.060     5.000         0
  -29.616     9.459     0.060     5.000         0
  -29.852     9.470     0.060     5.000         0
  -30.092     9.509     0.060     5.000         0
  -30.328     9.524     0.060     5.000         0
  -30.561     9.529     0.060     5.000         0
  -30.795     9.543     0.060     5.000         0
  -31.029     9.560     0.060     5.000         0
  -31.262     9.578     0.060     5.000         0
  -31.496     9.583     0.060     5.000         0
  -31.729     9.605     0.060     5.000         0
  -31.962     9.640     0.060     5.000         0
  -32.196     9.687     0.060     5.000         0
  -32.429     9.730     0.060     5.000         0
  -32.663     9.762     0.060     5.000         0
  -32.897     9.810     0.060     5.000         0
  -33.133     9.850     0.060     5.000         0
  -33.368     9.891     0.060     5.000         0
  -33.604     9.931     0.060     5.000         0
  -33.838     9.971     0.060     5.000         0
  -34.067    10.011     0.060     5.000         0
  -34.301    10.043     0.060     5.000         0
  -34.533    10.082     0.060     5.000         0
  -34.762    10.108     0.060     5.000         0
  -34.995    10.127     0.060     5.000         0
  -35.228    10.158     0.060     5.000         0
  -35.460    10.197     0.060     5.000         0
  -35.692    10.220     0.060     5.000         0
  -35.926    10.251     0.060     5.000         0
  -36.157    10.281     0.060     5.000         0
  -36.389    10.312     0.060     5.000         0
  -36.624    10.352     0.060     5.000         0
  -36.854    10.374     0.060     5.000         0
  -37.081    10.413     0.060     5.000         0
  -37.304    10.427     0.060     5.000         0
  -37.527    10.450     0.060     5.000         0
  -37.748    10.473     0.060     5.000         0
  -37.967    10.495     0.060     5.000         0
  -38.190    10.534     0.060     5.000         0
  -38.412    10.540     0.060     5.000         0
  -38.637    10.571     0.060     5.000         0
  -38.861    10.607     0.060     5.000         0
  -39.081    10.658     0.060     5.000         0
  -39.303    10.681     0.060     5.000         0
  -39.525    10.721     0.060     5.000         0
  -39.749    10.769     0.060     5.000         0
  -39.973    10.808     0.060     5.000         0
  -40.193    10.823     0.060     5.000         0
  -40.416    10.871     0.060     5.000         0
  -40.640    10.886     0.060     5.000         0
  -40.863    10.926     0.060     5.000         0
  -41.084    10.963     0.060     5.000         0
  -41.307    10.980     0.060     5.000         0
  -41.529    11.006     0.060     5.000         0
  -41.751    11.035     0.060     5.000         0
  -41.973    11.064     0.060     5.000         0
  -42.194    11.101     0.060     5.000         0
  -42.415    11.136     0.060     5.000         0
  -42.637    11.147     0.060     5.000         0
  -42.858    11.189     0.060     5.000         0
  -43.076    11.216     0.060     5.000         0
  -43.295    11.234     0.060     5.000         0
  -43.513    11.249     0.060     5.000         0
  -43.732    11.288     0.060     5.000         0
  -43.951    11.303     0.060     5.000         0
    0.000     0.000     0.000        -1
