    0.000     1.000     0.000         0
    4.556     5.716     0.060     1.000         0
    4.330     5.616     0.060     1.000         0
    4.107     5.541     0.060     1.000         0
    3.881     5.449     0.060     1.000         0
    3.656     5.353     0.060     1.000         0
    3.434     5.251     0.060     1.000         0
    3.214     5.161     0.060     1.000         0
    2.987     5.069     0.060     1.000         0
    2.762     4.977     0.060     1.000         0
    2.540     4.887     0.060     1.000         0
    2.318     4.804     0.060     1.000         0
    2.098     4.727     0.060     1.000         0
    1.876     4.657     0.060     1.000         0
    1.655     4.603     0.060     1.000         0
    1.431     4.517     0.060     1.000         0
    1.201     4.452     0.060     1.000         0
    0.971     4.417     0.060     1.000         0
    0.741     4.391     0.060     1.000         0
    0.512     4.364     0.060     1.000         0
    0.282     4.337     0.060     1.000         0
    0.052     4.318     0.060     1.000         0
   50.100    12.306     0.060     5.000         0
   49.874    12.269     0.060     5.000         0
   49.646    12.247     0.060     5.000         0
   49.418    12.198     0.060     5.000         0
   49.193    12.165     0.060     5.000         0
   48.970    12.132     0.060     5.000         0
   48.747    12.108     0.060     5.000         0
   48.523    12.089     0.060     5.000         0
   48.299    12.046     0.060     5.000         0
   48.073    12.020     0.060     5.000         0
   47.850    11.997     0.060     5.000         0
   47.626    11.978     0.060     5.000         0
   47.402    11.940     0.060     5.000         0
   47.178    11.921     0.060     5.000         0
   46.954    11.905     0.060     5.000         0
   46.731    11.882     0.060     5.000         0
   46.508    11.842     0.060     5.000         0
   46.284    11.818     0.060     5.000         0
   46.062    11.794     0.060     5.000         0
   45.839    11.771     0.060     5.000         0
   45.619    11.755     0.060     5.000         0
   45.400    11.734     0.060     5.000         0
   45.179    11.721     0.060     5.000         0
   44.960    11.724     0.060     5.000         0
   44.742    11.711     0.060     5.000         0
   44.523    11.691     0.060     5.000         0
   44.303    11.684     0.060     5.000         0
   44.085    11.669     0.060     5.000         0
   43.868    11.654     0.060     5.000         0
   43.652    11.632     0.060     5.000         0
   43.436    11.617     0.060     5.000         0
   43.220    11.600     0.060     5.000         0
   43.004    11.575     0.060     5.000         0
   42.789    11.550     0.060     5.000         0
   42.575    11.509     0.060     5.000         0
   42.361    11.493     0.060     5.000         0
   42.144    11.476     0.060     5.000         0
   41.922    11.451     0.060     5.000         0
   41.697    11.422     0.060     5.000         0
   41.470    11.401     0.060     5.000         0
   41.241    11.367     0.060     5.000         0
   41.014    11.331     0.060     5.000         0
   40.785    11.302     0.060     5.000         0
   40.555    11.273     0.060     5.000         0
   40.327    11.245     0.060     5.000         0
   40.100    11.232     0.060     5.000         0
   39.873    11.204     0.060     5.000         0
   39.649    11.168     0.060     5.000         0
   39.425    11.152     0.060     5.000         0
   39.200    11.127     0.060     5.000         0
   38.977    11.087     0.060     5.000         0
   38.746    11.070     0.060     5.000         0
   38.521    11.050     0.060     5.000         0
   38.293    11.005     0.060     5.000         0
   38.064    10.988     0.060     5.000         0
   37.829    10.955     0.060     5.000         0
   37.603    10.909     0.060     5.000         0
   37.375    10.871     0.060     5.000         0
   37.147    10.837     0.060     5.000         0
   36.910    10.802     0.060     5.000         0
   36.683    10.759     0.060     5.000         0
   36.453    10.728     0.060     5.000         0
   36.225    10.689     0.060     5.000         0
   35.982    10.636     0.060     5.000         0
   35.744    10.596     0.060     5.000         0
   35.512    10.564     0.060     5.000         0
   35.287    10.523     0.060     5.000         0
   35.051    10.497     0.060     5.000         0
   34.824    10.460     0.060     5.000         0
   34.602    10.420     0.060     5.000         0
   34.378    10.379     0.060     5.000         0
   34.148    10.329     0.060     5.000         0
   33.932    10.294     0.060     5.000         0
   33.709    10.250     0.060     5.000         0
   33.482    10.209     0.060     5.000         0
   33.258    10.169     0.060     5.000         0
   33.043    10.130     0.060     5.000         0
   32.824    10.090     0.060     5.000         0
   32.605    10.055     0.060     5.000         0
   32.385    10.019     0.060     5.000         0
   32.164     9.989     0.060     5.000         0
   31.943     9.943     0.060     5.000         0
   31.719     9.897     0.060     5.000         0
   31.496     9.859     0.060     5.000         0
   31.275     9.821     0.060     5.000         0
   31.050     9.782     0.060     5.000         0
   30.822     9.751     0.060     5.000         0
   30.606     9.710     0.060     5.000         0
   30.393     9.684     0.060     5.000         0
   30.167     9.629     0.060     5.000         0
   29.945     9.598     0.060     5.000         0
   29.723     9.566     0.060     5.000         0
   29.499     9.543     0.060     5.000         0
   29.276     9.519     0.060     5.000         0
   29.053     9.495     0.060     5.000         0
   28.829     9.471     0.060     5.000         0
   28.609     9.455     0.060     5.000         0
   28.379     9.420     0.060     5.000         0
   28.161     9.370     0.060     5.000         0
   27.945     9.325     0.060     5.000         0
   27.726     9.287     0.060     5.000         0
   27.504     9.249     0.060     5.000         0
   27.284     9.227     0.060     5.000         0
   27.061     9.189     0.060     5.000         0
   26.843     9.143     0.060     5.000         0
   26.626     9.115     0.060     5.000         0
   26.410     9.083     0.060     5.000         0
   26.192     9.051     0.060     5.000         0
   25.976     9.023     0.060     5.000         0
   25.759     9.003     0.060     5.000         0
   25.540     8.961     0.060     5.000         0
   25.319     8.928     0.060     5.000         0
   25.100     8.906     0.060     5.000         0
   24.878     8.868     0.060     5.000         0
   24.657     8.831     0.060     5.000         0
   24.436     8.778     0.060     5.000         0
   24.213     8.753     0.060     5.000         0
   23.989     8.711     0.060     5.000         0
   23.764     8.662     0.060     5.000         0
   23.542     8.644     0.060     5.000         0
   23.319     8.614     0.060     5.000         0
   23.095     8.587     0.060     5.000         0
   22.868     8.565     0.060     5.000         0
   22.644     8.551     0.060     5.000         0
   22.417     8.527     0.060     5.000         0
   22.194     8.495     0.060     5.000         0
   21.971     8.464     0.060     5.000         0
   21.748     8.424     0.060     5.000         0
   21.525     8.376     0.060     5.000         0
   21.303     8.332     0.060     5.000         0
   21.081     8.291     0.060     5.000         0
   20.860     8.252     0.060     5.000         0
   20.638     8.203     0.060     5.000         0
   20.416     8.151     0.060     5.000         0
   20.193     8.106     0.060     5.000         0
   19.971     8.077     0.060     5.000         0
   19.746     8.032     0.060     5.000         0
   19.522     7.979     0.060     5.000         0
   19.301     7.935     0.060     5.000         0
   19.079     7.874     0.060     5.000         0
   18.858     7.813     0.060     5.000         0
   18.638     7.741     0.060     5.000         0
   18.418     7.698     0.060     5.000         0
   18.198     7.638     0.060     5.000         0
   17.975     7.590     0.060     5.000         0
   17.751     7.542     0.060     5.000         0
   17.527     7.494     0.060     5.000         0
   17.302     7.454     0.060     5.000         0
   17.077     7.416     0.060     5.000         0
   16.854     7.382     0.060     5.000         0
   16.630     7.356     0.060     5.000         0
   16.408     7.323     0.060     5.000         0
   16.185     7.285     0.060     5.000         0
   15.962     7.255     0.060     5.000         0
   15.741     7.221     0.060     5.000         0
   15.519     7.203     0.060     5.000         0
   15.297     7.164     0.060     5.000         0
   15.076     7.142     0.060     5.000         0
   14.853     7.096     0.060     5.000         0
   14.632     7.066     0.060     5.000         0
   14.413     7.044     0.060     5.000         0
   14.191     7.026     0.060     5.000         0
   13.968     7.016     0.060     5.000         0
   13.743     7.005     0.060     5.000         0
   13.520     6.995     0.060     5.000         0
   13.296     6.972     0.060     5.000         0
   13.075     6.950     0.060     5.000         0
   12.858     6.904     0.060     5.000         0
   12.636     6.873     0.060     5.000         0
   12.417     6.843     0.060     5.000         0
   12.197     6.820     0.060     5.000         0
   11.979     6.797     0.060     5.000         0
   11.765     6.781     0.060     5.000         0
   11.540     6.765     0.060     5.000         0
   11.319     6.765     0.060     5.000         0
   11.101     6.741     0.060     5.000         0
   10.882     6.720     0.060     5.000         0
   10.665     6.687     0.060     5.000         0
   10.444     6.662     0.060     5.000         0
   10.228     6.622     0.060     5.000         0
   10.011     6.597     0.060     5.000         0
    9.793     6.568     0.060     5.000         0
    9.578     6.554     0.060     5.000         0
    9.361     6.548     0.060     5.000         0
    9.145     6.550     0.060     5.000         0
    8.932     6.531     0.060     5.000         0
    8.717     6.504     0.060     5.000         0
    8.503     6.477     0.060     5.000         0
    8.285     6.442     0.060     5.000         0
    8.069     6.412     0.060     5.000         0
    7.854     6.375     0.060     5.000         0
    7.640     6.345     0.060     5.000         0
    7.429     6.316     0.060     5.000         0
    7.217     6.294     0.060     5.000         0
    7.004     6.235     0.060     5.000         0
    6.786     6.198     0.060     5.000         0
    6.565     6.145     0.060     5.000         0
    6.344     6.084     0.060     5.000         0
    6.122     6.039     0.060     5.000         0
    5.899     5.986     0.060     5.000         0
    5.676     5.953     0.060     5.000         0
    5.453     5.896     0.060     5.000         0
    5.228     5.850     0.060     5.000         0
    5.003     5.805     0.060     5.000         0
    4.779     5.768     0.060     5.000         0
    0.000    -1.000     0.000         0
   -0.179     4.326     0.060     1.000         0
   -0.411     4.347     0.060     1.000         0
   -0.644     4.388     0.060     1.000         0
   -0.877     4.413     0.060     1.000         0
   -1.108     4.422     0.060     1.000         0
   -1.342     4.455     0.060     1.000         0
   -1.575     4.516     0.060     1.000         0
   -1.806     4.585     0.060     1.000         0
   -2.040     4.654     0.060     1.000         0
   -2.275     4.731     0.060     1.000         0
   -2.508     4.818     0.060     1.000         0
   -2.740     4.913     0.060     1.000         0
   -2.974     4.984     0.060     1.000         0
   -3.206     5.071     0.060     1.000         0
   -3.439     5.166     0.060     1.000         0
   -3.672     5.276     0.060     1.000         0
   -3.905     5.386     0.060     1.000         0
   -4.141     5.502     0.060     1.000         0
   -4.379     5.619     0.060     1.000         0
   -4.616     5.739     0.060     1.000         0
   -4.853     5.859     0.060     1.000         0
   -5.090     5.978     0.060     1.000         0
   -5.327     6.072     0.060     1.000         0
   -5.561     6.198     0.060     1.000         0
   -5.793     6.290     0.060     1.000         0
   -6.022     6.405     0.060     1.000         0
   -6.938     6.636     0.060     5.000         0
   -7.168     6.690     0.060     5.000         0
   -7.400     6.737     0.060     5.000         0
   -7.632     6.772     0.060     5.000         0
   -7.859     6.813     0.060     5.000         0
   -8.090     6.872     0.060     5.000         0
   -8.320     6.914     0.060     5.000         0
   -8.553     6.971     0.060     5.000         0
   -8.784     7.019     0.060     5.000         0
   -9.021     7.060     0.060     5.000         0
   -9.252     7.108     0.060     5.000         0
   -9.485     7.140     0.060     5.000         0
   -9.716     7.172     0.060     5.000         0
   -9.941     7.183     0.060     5.000         0
  -10.171     7.215     0.060     5.000         0
  -10.395     7.246     0.060     5.000         0
  -10.622     7.267     0.060     5.000         0
  -10.849     7.280     0.060     5.000         0
  -11.077     7.292     0.060     5.000         0
  -11.305     7.297     0.060     5.000         0
  -11.534     7.324     0.060     5.000         0
  -11.766     7.327     0.060     5.000         0
  -11.992     7.358     0.060     5.000         0
  -12.221     7.377     0.060     5.000         0
  -12.451     7.392     0.060     5.000         0
  -12.682     7.421     0.060     5.000         0
  -12.916     7.446     0.060     5.000         0
  -13.148     7.479     0.060     5.000         0
  -13.381     7.481     0.060     5.000         0
  -13.616     7.499     0.060     5.000         0
  -13.851     7.502     0.060     5.000         0
  -14.089     7.520     0.060     5.000         0
  -14.320     7.543     0.060     5.000         0
  -14.554     7.574     0.060     5.000         0
  -14.786     7.621     0.060     5.000         0
  -15.018     7.636     0.060     5.000         0
  -15.251     7.675     0.060     5.000         0
  -15.485     7.710     0.060     5.000         0
  -15.719     7.758     0.060     5.000         0
  -15.953     7.814     0.060     5.000         0
  -16.187     7.850     0.060     5.000         0
  -16.420     7.859     0.060     5.000         0
  -16.650     7.893     0.060     5.000         0
  -16.882     7.895     0.060     5.000         0
  -17.116     7.929     0.060     5.000         0
  -17.348     7.930     0.060     5.000         0
  -17.578     7.956     0.060     5.000         0
  -17.814     7.994     0.060     5.000         0
  -18.049     8.020     0.060     5.000         0
  -18.285     8.043     0.060     5.000         0
  -18.522     8.069     0.060     5.000         0
  -18.758     8.103     0.060     5.000         0
  -18.992     8.137     0.060     5.000         0
  -19.229     8.158     0.060     5.000         0
  -19.467     8.195     0.060     5.000         0
  -19.703     8.219     0.060     5.000         0
  -19.943     8.252     0.060     5.000         0
  -20.179     8.281     0.060     5.000         0
  -20.412     8.291     0.060     5.000         0
  -20.646     8.308     0.060     5.000         0
  -20.879     8.326     0.060     5.000         0
  -21.113     8.351     0.060     5.000         0
  -21.347     8.369     0.060     5.000         0
  -21.580     8.398     0.060     5.000         0
  -21.813     8.435     0.060     5.000         0
  -22.047     8.472     0.060     5.000         0
  -22.280     8.509     0.060     5.000         0
  -22.514     8.554     0.060     5.000         0
  -22.747     8.588     0.060     5.000         0
  -22.984     8.640     0.060     5.000         0
  -23.219     8.679     0.060     5.000         0
  -23.455     8.718     0.060     5.000         0
  -23.688     8.753     0.060     5.000         0
  -23.918     8.791     0.060     5.000         0
  -24.152     8.830     0.060     5.000         0
  -24.383     8.864     0.060     5.000         0
  -24.612     8.898     0.060     5.000         0
  -24.845     8.909     0.060     5.000         0
  -25.078     8.935     0.060     5.000         0
  -25.310     8.961     0.060     5.000         0
  -25.543     8.988     0.060     5.000         0
  -25.777     9.026     0.060     5.000         0
  -26.007     9.048     0.060     5.000         0
  -26.239     9.083     0.060     5.000         0
  -26.474     9.111     0.060     5.000         0
  -26.705     9.138     0.060     5.000         0
  -26.931     9.164     0.060     5.000         0
  -27.154     9.190     0.060     5.000         0
  -27.378     9.209     0.060     5.000         0
  -27.598     9.238     0.060     5.000         0
  -27.818     9.260     0.060     5.000         0
  -28.040     9.298     0.060     5.000         0
  -28.263     9.320     0.060     5.000         0
  -28.488     9.370     0.060     5.000         0
  -28.712     9.396     0.060     5.000         0
  -28.932     9.444     0.060     5.000         0
  -29.153     9.481     0.060     5.000         0
  -29.376     9.533     0.060     5.000         0
  -29.600     9.574     0.060     5.000         0
  -29.823     9.610     0.060     5.000         0
  -30.044     9.669     0.060     5.000         0
  -30.267     9.705     0.060     5.000         0
  -30.491     9.757     0.060     5.000         0
  -30.713     9.784     0.060     5.000         0
  -30.935     9.827     0.060     5.000         0
  -31.157     9.887     0.060     5.000         0
  -31.380     9.922     0.060     5.000         0
  -31.602     9.959     0.060     5.000         0
  -31.824     9.977     0.060     5.000         0
  -32.044    10.017     0.060     5.000         0
  -32.266    10.039     0.060     5.000         0
  -32.488    10.076     0.060     5.000         0
  -32.708    10.105     0.060     5.000         0
  -32.927    10.125     0.060     5.000         0
  -33.146    10.143     0.060     5.000         0
  -33.364    10.169     0.060     5.000         0
  -33.582    10.198     0.060     5.000         0
  -33.801    10.220     0.060     5.000         0
  -34.020    10.242     0.060     5.000         0
  -34.240    10.256     0.060     5.000         0
  -34.459    10.266     0.060     5.000         0
  -34.679    10.293     0.060     5.000         0
  -34.897    10.304     0.060     5.000         0
  -35.115    10.338     0.060     5.000         0
  -35.333    10.349     0.060     5.000         0
  -35.553    10.390     0.060     5.000         0
  -35.771    10.423     0.060     5.000         0
  -35.988    10.456     0.060     5.000         0
  -36.206    10.485     0.060     5.000         0
  -36.422    10.521     0.060     5.000         0
  -36.642    10.546     0.060     5.000         0
  -36.860    10.591     0.060     5.000         0
  -37.076    10.620     0.060     5.000         0
  -37.294    10.656     0.060     5.000         0
  -37.513    10.684     0.060     5.000         0
  -37.743    10.710     0.060     5.000         0
  -37.979    10.745     0.060     5.000         0
  -38.210    10.766     0.060     5.000         0
  -38.440    10.778     0.060     5.000         0
  -38.668    10.813     0.060     5.000         0
  -38.897    10.832     0.060     5.000         0
  -39.131    10.835     0.060     5.000         0
  -39.366    10.855     0.060     5.000         0
  -39.600    10.882     0.060     5.000         0
  -39.835    10.899     0.060     5.000         0
  -40.068    10.924     0.060     5.000         0
  -40.302    10.965     0.060     5.000         0
  -40.535    10.974     0.060     5.000         0
  -40.769    11.006     0.060     5.000         0
  -41.003    11.023     0.060     5.000         0
  -41.237    11.056     0.060     5.000         0
  -41.471    11.077     0.060     5.000         0
  -41.702    11.098     0.060     5.000         0
  -41.938    11.123     0.060     5.000         0
  -42.171    11.155     0.060     5.000         0
  -42.405    11.172     0.060     5.000         0
  -42.638    11.197     0.060     5.000         0
  -42.871    11.238     0.060     5.000         0
  -43.104    11.251     0.060     5.000         0
  -43.336    11.280     0.060     5.000         0
  -43.569    11.305     0.060     5.000         0
  -43.801    11.338     0.060     5.000         0
  -44.032    11.354     0.060     5.000         0
  -44.261    11.392     0.060     5.000         0
  -44.489    11.421     0.060     5.000         0
  -44.718    11.434     0.060     5.000         0
  -44.948    11.472     0.060     5.000         0
  -45.179    11.493     0.060     5.000         0
  -45.408    11.538     0.060     5.000         0
  -45.639    11.560     0.060     5.000         0
  -45.870    11.586     0.060     5.000         0
  -46.101    11.624     0.060     5.000         0
  -46.332    11.655     0.060     5.000         0
  -46.564    11.689     0.060     5.000         0
  -46.795    11.723     0.060     5.000         0
  -47.025    11.773     0.060     5.000         0
  -47.255    11.808     0.060     5.000         0
  -47.483    11.833     0.060     5.000         0
  -47.712    11.867     0.060     5.000         0
  -47.941    11.896     0.060     5.000         0
  -48.171    11.948     0.060     5.000         0
  -48.401    11.984     0.060     5.000         0
  -48.629    12.004     0.060     5.000         0
  -48.859    12.057     0.060     5.000         0
  -49.091    12.094     0.060     5.000         0
  -49.323    12.130     0.060     5.000         0
  -49.555    12.163     0.060     5.000         0
  -49.793    12.197     0.060     5.000         0
  -50.029    12.234     0.060     5.000         0
  -50.265    12.261     0.060     5.000         0
  -50.498    12.295     0.060     5.000         0
  -50.727    12.329     0.060     5.000         0
  -50.957    12.363     0.060     5.000         0
  -51.189    12.397     0.060     5.000         0
  -51.421    12.431     0.060     5.000         0
  -51.652    12.481     0.060     5.000         0
  -51.883    12.499     0.060     5.000         0
  -52.113    12.533     0.060     5.000         0
  -52.344    12.567     0.060     5.000         0
  -52.577    12.605     0.060     5.000         0
  -52.805    12.651     0.060     5.000         0
  -53.037    12.685     0.060     5.000         0
  -53.271    12.719     0.060     5.000         0
  -53.502    12.749     0.060     5.000         0
  -53.733    12.779     0.060     5.000         0
  -53.966    12.825     0.060     5.000         0
  -54.198    12.847     0.060     5.000         0
  -54.431    12.885     0.060     5.000         0
  -54.664    12.927     0.060     5.000         0
  -54.896    12.976     0.060     5.000         0
  -55.127    13.014     0.060     5.000         0
  -55.357    13.051     0.060     5.000         0
  -55.586    13.073     0.060     5.000         0
  -55.813    13.110     0.060     5.000         0
  -56.040    13.147     0.060     5.000         0
  -56.268    13.200     0.060     5.000         0
  -56.497    13.225     0.060     5.000         0
  -56.725    13.258     0.060     5.000         0
  -56.950    13.295     0.060     5.000         0
  -57.182    13.340     0.060     5.000         0
  -57.410    13.351     0.060     5.000         0
  -57.639    13.386     0.060     5.000         0
  -57.868    13.389     0.060     5.000         0
  -58.094    13.424     0.060     5.000         0
  -58.326    13.431     0.060     5.000         0
  -58.554    13.454     0.060     5.000         0
  -58.780    13.468     0.060     5.000         0
  -59.006    13.489     0.060     5.000         0
  -59.232    13.523     0.060     5.000         0
  -59.457    13.532     0.060     5.000         0
  -59.681    13.557     0.060     5.000         0
  -59.905    13.583     0.060     5.000         0
  -60.129    13.608     0.060     5.000         0
  -60.355    13.625     0.060     5.000         0
  -60.582    13.639     0.060     5.000         0
  -60.812    13.669     0.060     5.000         0
  -61.044    13.689     0.060     5.000         0
  -61.274    13.725     0.060     5.000         0
  -61.507    13.745     0.060     5.000         0
  -61.741    13.774     0.060     5.000         0
  -61.974    13.782     0.060     5.000         0
  -62.206    13.814     0.060     5.000         0
  -62.440    13.839     0.060     5.000         0
  -62.669    13.886     0.060     5.000         0
  -62.905    13.903     0.060     5.000         0
  -63.139    13.936     0.060     5.000         0
  -63.374    13.984     0.060     5.000         0
  -63.610    14.013     0.060     5.000         0
  -63.840    14.033     0.060     5.000         0
  -64.073    14.081     0.060     5.000         0
  -64.306    14.106     0.060     5.000         0
  -64.537    14.133     0.060     5.000         0
  -64.765    14.172     0.060     5.000         0
  -64.995    14.207     0.060     5.000         0
  -65.230    14.243     0.060     5.000         0
  -65.461    14.290     0.060     5.000         0
  -65.693    14.325     0.060     5.000         0
  -65.928    14.361     0.060     5.000         0
  -66.163    14.397     0.060     5.000         0
  -66.395    14.425     0.060     5.000         0
  -66.629    14.450     0.060     5.000         0
  -66.856    14.498     0.060     5.000         0
  -67.094    14.524     0.060     5.000         0
  -67.331    14.566     0.060     5.000         0
  -67.565    14.599     0.060     5.000         0
  -67.805    14.622     0.060     5.000         0
  -68.038    14.659     0.060     5.000         0
  -68.275    14.684     0.060     5.000         0
  -68.511    14.710     0.060     5.000         0
  -68.749    14.740     0.060     5.000         0
  -68.986    14.777     0.060     5.000         0
  -69.221    14.815     0.060     5.000         0
  -69.451    14.835     0.060     5.000         0
    0.000     0.000     0.000        -1
