    0.000     1.000     0.000         0
    6.015     6.624     0.060     1.000         0
    5.777     6.491     0.060     1.000         0
    5.540     6.334     0.060     1.000         0
    5.303     6.201     0.060     1.000         0
    5.066     6.077     0.060     1.000         0
    4.829     5.957     0.060     1.000         0
    4.595     5.838     0.060     1.000         0
    4.363     5.720     0.060     1.000         0
    4.134     5.608     0.060     1.000         0
    3.905     5.506     0.060     1.000         0
    3.675     5.428     0.060     1.000         0
    3.449     5.335     0.060     1.000         0
    3.217     5.236     0.060     1.000         0
    2.987     5.137     0.060     1.000         0
    2.756     5.041     0.060     1.000         0
    2.524     4.952     0.060     1.000         0
    2.296     4.880     0.060     1.000         0
    2.066     4.776     0.060     1.000         0
    1.835     4.695     0.060     1.000         0
    1.603     4.637     0.060     1.000         0
    1.372     4.587     0.060     1.000         0
    1.135     4.535     0.060     1.000         0
    0.903     4.485     0.060     1.000         0
    0.671     4.443     0.060     1.000         0
    0.440     4.423     0.060     1.000         0
    0.215     4.405     0.060     1.000         0
   39.433    10.922     0.060     5.000         0
   39.209    10.888     0.060     5.000         0
   38.985    10.877     0.060     5.000         0
   38.765    10.839     0.060     5.000         0
   38.536    10.823     0.060     5.000         0
   38.318    10.785     0.060     5.000         0
   38.102    10.763     0.060     5.000         0
   37.883    10.715     0.060     5.000         0
   37.661    10.674     0.060     5.000         0
   37.440    10.633     0.060     5.000         0
   37.217    10.592     0.060     5.000         0
   37.000    10.568     0.060     5.000         0
   36.783    10.520     0.060     5.000         0
   36.567    10.499     0.060     5.000         0
   36.349    10.470     0.060     5.000         0
   36.132    10.442     0.060     5.000         0
   35.915    10.413     0.060     5.000         0
   35.697    10.384     0.060     5.000         0
   35.476    10.350     0.060     5.000         0
   35.256    10.325     0.060     5.000         0
   35.035    10.287     0.060     5.000         0
   34.814    10.249     0.060     5.000         0
   34.592    10.219     0.060     5.000         0
   34.369    10.188     0.060     5.000         0
   34.145    10.162     0.060     5.000         0
   33.921    10.127     0.060     5.000         0
   33.698    10.096     0.060     5.000         0
   33.476    10.066     0.060     5.000         0
   33.251    10.043     0.060     5.000         0
   33.025    10.025     0.060     5.000         0
   32.801     9.991     0.060     5.000         0
   32.574     9.976     0.060     5.000         0
   32.350     9.954     0.060     5.000         0
   32.128     9.940     0.060     5.000         0
   31.905     9.910     0.060     5.000         0
   31.682     9.885     0.060     5.000         0
   31.459     9.836     0.060     5.000         0
   31.238     9.819     0.060     5.000         0
   31.016     9.778     0.060     5.000         0
   30.794     9.736     0.060     5.000         0
   30.572     9.682     0.060     5.000         0
   30.350     9.635     0.060     5.000         0
   30.127     9.581     0.060     5.000         0
   29.903     9.526     0.060     5.000         0
   29.679     9.476     0.060     5.000         0
   29.457     9.423     0.060     5.000         0
   29.235     9.382     0.060     5.000         0
   29.015     9.350     0.060     5.000         0
   28.795     9.301     0.060     5.000         0
   28.575     9.253     0.060     5.000         0
   28.354     9.204     0.060     5.000         0
   28.131     9.163     0.060     5.000         0
   27.908     9.122     0.060     5.000         0
   27.684     9.081     0.060     5.000         0
   27.459     9.040     0.060     5.000         0
   27.234     9.007     0.060     5.000         0
   27.010     8.986     0.060     5.000         0
   26.787     8.949     0.060     5.000         0
   26.564     8.915     0.060     5.000         0
   26.342     8.891     0.060     5.000         0
   26.119     8.853     0.060     5.000         0
   25.897     8.833     0.060     5.000         0
   25.676     8.800     0.060     5.000         0
   25.454     8.766     0.060     5.000         0
   25.232     8.737     0.060     5.000         0
   25.009     8.708     0.060     5.000         0
   24.789     8.687     0.060     5.000         0
   24.570     8.671     0.060     5.000         0
   24.348     8.663     0.060     5.000         0
   24.124     8.654     0.060     5.000         0
   23.900     8.654     0.060     5.000         0
   23.676     8.628     0.060     5.000         0
   23.453     8.602     0.060     5.000         0
   23.232     8.581     0.060     5.000         0
   23.014     8.568     0.060     5.000         0
   22.793     8.546     0.060     5.000         0
   22.573     8.517     0.060     5.000         0
   22.354     8.503     0.060     5.000         0
   22.135     8.475     0.060     5.000         0
   21.922     8.455     0.060     5.000         0
   21.697     8.435     0.060     5.000         0
   21.476     8.414     0.060     5.000         0
   21.258     8.398     0.060     5.000         0
   21.039     8.390     0.060     5.000         0
   20.822     8.362     0.060     5.000         0
   20.600     8.330     0.060     5.000         0
   20.384     8.315     0.060     5.000         0
   20.167     8.272     0.060     5.000         0
   19.949     8.244     0.060     5.000         0
   19.735     8.226     0.060     5.000         0
   19.517     8.220     0.060     5.000         0
   19.302     8.202     0.060     5.000         0
   19.088     8.200     0.060     5.000         0
   18.873     8.194     0.060     5.000         0
   18.659     8.177     0.060     5.000         0
   18.441     8.171     0.060     5.000         0
   18.225     8.149     0.060     5.000         0
   18.011     8.131     0.060     5.000         0
   17.797     8.130     0.060     5.000         0
   17.585     8.100     0.060     5.000         0
   17.374     8.099     0.060     5.000         0
   17.161     8.082     0.060     5.000         0
   16.943     8.042     0.060     5.000         0
   16.722     8.026     0.060     5.000         0
   16.501     7.978     0.060     5.000         0
   16.279     7.946     0.060     5.000         0
   16.056     7.922     0.060     5.000         0
   15.833     7.895     0.060     5.000         0
   15.609     7.883     0.060     5.000         0
   15.384     7.872     0.060     5.000         0
   15.159     7.836     0.060     5.000         0
   14.936     7.825     0.060     5.000         0
   14.713     7.796     0.060     5.000         0
   14.487     7.775     0.060     5.000         0
   14.263     7.742     0.060     5.000         0
   14.038     7.705     0.060     5.000         0
   13.813     7.671     0.060     5.000         0
   13.590     7.642     0.060     5.000         0
   13.370     7.622     0.060     5.000         0
   13.143     7.594     0.060     5.000         0
   12.919     7.574     0.060     5.000         0
   12.696     7.562     0.060     5.000         0
   12.475     7.535     0.060     5.000         0
   12.255     7.515     0.060     5.000         0
   12.032     7.496     0.060     5.000         0
   11.811     7.484     0.060     5.000         0
   11.588     7.449     0.060     5.000         0
   11.358     7.422     0.060     5.000         0
   11.127     7.410     0.060     5.000         0
   10.898     7.367     0.060     5.000         0
   10.668     7.351     0.060     5.000         0
   10.439     7.320     0.060     5.000         0
   10.208     7.305     0.060     5.000         0
    9.976     7.283     0.060     5.000         0
    9.744     7.261     0.060     5.000         0
    9.512     7.254     0.060     5.000         0
    9.279     7.228     0.060     5.000         0
    9.048     7.210     0.060     5.000         0
    8.814     7.169     0.060     5.000         0
    8.581     7.116     0.060     5.000         0
    8.350     7.064     0.060     5.000         0
    8.116     7.015     0.060     5.000         0
    7.881     6.981     0.060     5.000         0
    7.648     6.940     0.060     5.000         0
    7.415     6.887     0.060     5.000         0
    7.182     6.857     0.060     5.000         0
    6.950     6.816     0.060     5.000         0
    6.717     6.759     0.060     5.000         0
    6.484     6.726     0.060     5.000         0
    0.000    -1.000     0.000         0
   -0.026     4.387     0.060     1.000         0
   -0.239     4.410     0.060     1.000         0
   -0.466     4.428     0.060     1.000         0
   -0.693     4.454     0.060     1.000         0
   -0.921     4.488     0.060     1.000         0
   -1.149     4.526     0.060     1.000         0
   -1.378     4.567     0.060     1.000         0
   -1.610     4.617     0.060     1.000         0
   -1.835     4.662     0.060     1.000         0
   -2.064     4.695     0.060     1.000         0
   -2.295     4.778     0.060     1.000         0
   -2.526     4.864     0.060     1.000         0
   -2.759     4.952     0.060     1.000         0
   -2.992     5.019     0.060     1.000         0
   -3.225     5.110     0.060     1.000         0
   -3.459     5.214     0.060     1.000         0
   -3.694     5.322     0.060     1.000         0
   -3.932     5.427     0.060     1.000         0
   -4.164     5.533     0.060     1.000         0
   -4.397     5.640     0.060     1.000         0
   -4.629     5.755     0.060     1.000         0
   -4.861     5.863     0.060     1.000         0
   -5.094     5.951     0.060     1.000         0
   -5.328     6.047     0.060     1.000         0
   -5.562     6.156     0.060     1.000         0
   -5.796     6.256     0.060     5.000         0
   -6.031     6.303     0.060     5.000         0
   -6.263     6.342     0.060     5.000         0
   -6.494     6.381     0.060     5.000         0
   -6.726     6.404     0.060     5.000         0
   -6.959     6.443     0.060     5.000         0
   -7.192     6.498     0.060     5.000         0
   -7.422     6.537     0.060     5.000         0
   -7.658     6.576     0.060     5.000         0
   -7.892     6.615     0.060     5.000         0
   -8.129     6.647     0.060     5.000         0
   -8.366     6.709     0.060     5.000         0
   -8.601     6.771     0.060     5.000         0
   -8.836     6.829     0.060     5.000         0
   -9.072     6.879     0.060     5.000         0
   -9.310     6.912     0.060     5.000         0
   -9.546     6.936     0.060     5.000         0
   -9.786     6.962     0.060     5.000         0
  -10.022     6.986     0.060     5.000         0
  -10.255     7.011     0.060     5.000         0
  -10.489     7.027     0.060     5.000         0
  -10.723     7.068     0.060     5.000         0
  -10.956     7.100     0.060     5.000         0
  -11.190     7.124     0.060     5.000         0
  -11.423     7.152     0.060     5.000         0
  -11.656     7.188     0.060     5.000         0
  -11.890     7.229     0.060     5.000         0
  -12.123     7.253     0.060     5.000         0
  -12.357     7.306     0.060     5.000         0
  -12.591     7.352     0.060     5.000         0
  -12.827     7.398     0.060     5.000         0
  -13.063     7.444     0.060     5.000         0
  -13.299     7.489     0.060     5.000         0
  -13.532     7.535     0.060     5.000         0
  -13.761     7.579     0.060     5.000         0
  -13.996     7.625     0.060     5.000         0
  -14.227     7.670     0.060     5.000         0
  -14.456     7.714     0.060     5.000         0
  -14.689     7.751     0.060     5.000         0
  -14.922     7.783     0.060     5.000         0
  -15.154     7.807     0.060     5.000         0
  -15.386     7.855     0.060     5.000         0
  -15.620     7.883     0.060     5.000         0
  -15.851     7.911     0.060     5.000         0
  -16.083     7.945     0.060     5.000         0
  -16.318     7.972     0.060     5.000         0
  -16.549     7.999     0.060     5.000         0
  -16.775     8.025     0.060     5.000         0
  -16.998     8.050     0.060     5.000         0
  -17.221     8.068     0.060     5.000         0
  -17.442     8.094     0.060     5.000         0
  -17.661     8.132     0.060     5.000         0
  -17.884     8.167     0.060     5.000         0
  -18.106     8.181     0.060     5.000         0
  -18.331     8.220     0.060     5.000         0
  -18.555     8.243     0.060     5.000         0
  -18.775     8.289     0.060     5.000         0
  -18.997     8.311     0.060     5.000         0
  -19.219     8.337     0.060     5.000         0
  -19.443     8.372     0.060     5.000         0
  -19.667     8.414     0.060     5.000         0
  -19.887     8.440     0.060     5.000         0
  -20.110     8.474     0.060     5.000         0
  -20.334     8.525     0.060     5.000         0
  -20.557     8.543     0.060     5.000         0
  -20.778     8.585     0.060     5.000         0
  -21.001     8.611     0.060     5.000         0
  -21.223     8.653     0.060     5.000         0
  -21.445     8.677     0.060     5.000         0
  -21.667     8.709     0.060     5.000         0
  -21.888     8.741     0.060     5.000         0
  -22.109     8.788     0.060     5.000         0
  -22.331     8.820     0.060     5.000         0
  -22.552     8.852     0.060     5.000         0
  -22.770     8.875     0.060     5.000         0
  -22.989     8.900     0.060     5.000         0
  -23.207     8.917     0.060     5.000         0
  -23.426     8.919     0.060     5.000         0
  -23.645     8.952     0.060     5.000         0
  -23.863     8.953     0.060     5.000         0
  -24.083     8.970     0.060     5.000         0
  -24.302     8.996     0.060     5.000         0
  -24.522     9.017     0.060     5.000         0
  -24.740     9.063     0.060     5.000         0
  -24.958     9.077     0.060     5.000         0
  -25.177     9.122     0.060     5.000         0
  -25.396     9.136     0.060     5.000         0
  -25.614     9.166     0.060     5.000         0
  -25.831     9.195     0.060     5.000         0
  -26.050     9.225     0.060     5.000         0
  -26.265     9.262     0.060     5.000         0
  -26.486     9.287     0.060     5.000         0
  -26.703     9.311     0.060     5.000         0
  -26.920     9.327     0.060     5.000         0
  -27.137     9.343     0.060     5.000         0
  -27.356     9.367     0.060     5.000         0
  -27.587     9.409     0.060     5.000         0
  -27.822     9.424     0.060     5.000         0
  -41.264    11.130     0.060     5.000         0
  -41.495    11.164     0.060     5.000         0
  -41.726    11.202     0.060     5.000         0
  -41.956    11.240     0.060     5.000         0
  -42.188    11.259     0.060     5.000         0
  -42.421    11.293     0.060     5.000         0
  -42.649    11.327     0.060     5.000         0
  -42.881    11.377     0.060     5.000         0
  -43.114    11.396     0.060     5.000         0
  -43.345    11.446     0.060     5.000         0
  -43.576    11.464     0.060     5.000         0
  -43.809    11.499     0.060     5.000         0
  -44.042    11.541     0.060     5.000         0
  -44.274    11.584     0.060     5.000         0
  -44.507    11.618     0.060     5.000         0
  -44.739    11.653     0.060     5.000         0
  -44.970    11.671     0.060     5.000         0
  -45.200    11.705     0.060     5.000         0
  -45.429    11.751     0.060     5.000         0
  -45.657    11.773     0.060     5.000         0
  -45.883    11.814     0.060     5.000         0
  -46.112    11.849     0.060     5.000         0
  -46.340    11.899     0.060     5.000         0
  -46.569    11.938     0.060     5.000         0
  -46.793    11.972     0.060     5.000         0
  -47.025    11.999     0.060     5.000         0
  -47.253    12.054     0.060     5.000         0
  -47.483    12.085     0.060     5.000         0
  -47.712    12.114     0.060     5.000         0
  -47.938    12.136     0.060     5.000         0
  -48.170    12.157     0.060     5.000         0
  -48.397    12.163     0.060     5.000         0
  -48.623    12.184     0.060     5.000         0
  -48.849    12.205     0.060     5.000         0
  -49.075    12.226     0.060     5.000         0
  -49.300    12.263     0.060     5.000         0
  -49.525    12.268     0.060     5.000         0
  -49.748    12.297     0.060     5.000         0
  -49.973    12.334     0.060     5.000         0
  -50.198    12.348     0.060     5.000         0
  -50.426    12.377     0.060     5.000         0
  -50.655    12.407     0.060     5.000         0
  -50.887    12.453     0.060     5.000         0
  -51.118    12.475     0.060     5.000         0
  -51.350    12.485     0.060     5.000         0
  -51.584    12.519     0.060     5.000         0
  -51.818    12.521     0.060     5.000         0
  -52.050    12.551     0.060     5.000         0
  -52.283    12.565     0.060     5.000         0
  -52.512    12.575     0.060     5.000         0
  -52.749    12.601     0.060     5.000         0
  -52.983    12.639     0.060     5.000         0
  -53.217    12.677     0.060     5.000         0
  -53.453    12.711     0.060     5.000         0
  -53.683    12.744     0.060     5.000         0
  -53.917    12.761     0.060     5.000         0
  -54.149    12.795     0.060     5.000         0
  -54.380    12.828     0.060     5.000         0
  -54.609    12.869     0.060     5.000         0
  -54.839    12.905     0.060     5.000         0
  -55.073    12.916     0.060     5.000         0
  -55.304    12.960     0.060     5.000         0
  -55.536    12.972     0.060     5.000         0
    0.000     0.000     0.000        -1
