    0.000     1.000     0.000         0
    4.363     5.637     0.060     1.000         0
    4.129     5.563     0.060     1.000         0
    3.897     5.466     0.060     1.000         0
    3.666     5.393     0.060     1.000         0
    3.434     5.289     0.060     1.000         0
    3.200     5.193     0.060     1.000         0
    2.968     5.098     0.060     1.000         0
    2.738     5.003     0.060     1.000         0
    2.502     4.906     0.060     1.000         0
    2.267     4.817     0.060     1.000         0
    2.031     4.751     0.060     1.000         0
    1.794     4.709     0.060     1.000         0
    1.558     4.651     0.060     1.000         0
    1.324     4.578     0.060     1.000         0
    1.087     4.520     0.060     1.000         0
    0.849     4.469     0.060     1.000         0
    0.613     4.447     0.060     1.000         0
    0.373     4.416     0.060     1.000         0
    0.137     4.369     0.060     1.000         0
   47.160    11.617     0.060     5.000         0
   46.943    11.581     0.060     5.000         0
   46.727    11.569     0.060     5.000         0
   46.509    11.525     0.060     5.000         0
   46.293    11.513     0.060     5.000         0
   46.076    11.485     0.060     5.000         0
   45.857    11.457     0.060     5.000         0
   45.636    11.420     0.060     5.000         0
   45.417    11.385     0.060     5.000         0
   45.195    11.334     0.060     5.000         0
   44.974    11.300     0.060     5.000         0
   44.753    11.257     0.060     5.000         0
   44.530    11.205     0.060     5.000         0
   44.306    11.154     0.060     5.000         0
   44.081    11.110     0.060     5.000         0
   43.859    11.083     0.060     5.000         0
   43.636    11.032     0.060     5.000         0
   43.412    11.022     0.060     5.000         0
   43.185    10.987     0.060     5.000         0
   42.961    10.968     0.060     5.000         0
   42.734    10.966     0.060     5.000         0
   42.511    10.931     0.060     5.000         0
   42.288    10.929     0.060     5.000         0
   42.065    10.894     0.060     5.000         0
   41.842    10.876     0.060     5.000         0
   41.620    10.865     0.060     5.000         0
   41.398    10.830     0.060     5.000         0
   41.177    10.818     0.060     5.000         0
   40.955    10.774     0.060     5.000         0
   40.733    10.747     0.060     5.000         0
   40.510    10.727     0.060     5.000         0
   40.288    10.679     0.060     5.000         0
   40.063    10.608     0.060     5.000         0
   39.839    10.568     0.060     5.000         0
   39.618    10.513     0.060     5.000         0
   39.396    10.450     0.060     5.000         0
   39.175    10.410     0.060     5.000         0
   38.955    10.370     0.060     5.000         0
   38.735    10.322     0.060     5.000         0
   38.515    10.282     0.060     5.000         0
   38.292    10.242     0.060     5.000         0
   38.068    10.202     0.060     5.000         0
   37.844    10.161     0.060     5.000         0
   37.619    10.128     0.060     5.000         0
   37.394    10.088     0.060     5.000         0
   37.171    10.066     0.060     5.000         0
   36.947    10.035     0.060     5.000         0
   36.725    10.006     0.060     5.000         0
   36.502     9.975     0.060     5.000         0
   36.280     9.946     0.060     5.000         0
   36.058     9.916     0.060     5.000         0
   35.836     9.886     0.060     5.000         0
   35.614     9.856     0.060     5.000         0
   35.393     9.818     0.060     5.000         0
   35.170     9.792     0.060     5.000         0
   34.949     9.775     0.060     5.000         0
   34.730     9.762     0.060     5.000         0
   34.508     9.740     0.060     5.000         0
   34.285     9.731     0.060     5.000         0
   34.060     9.721     0.060     5.000         0
   33.837     9.696     0.060     5.000         0
   33.613     9.683     0.060     5.000         0
   33.392     9.663     0.060     5.000         0
   33.175     9.639     0.060     5.000         0
   32.953     9.623     0.060     5.000         0
   32.734     9.603     0.060     5.000         0
   32.514     9.571     0.060     5.000         0
   32.296     9.556     0.060     5.000         0
   32.082     9.544     0.060     5.000         0
   31.857     9.508     0.060     5.000         0
   31.636     9.505     0.060     5.000         0
   31.418     9.477     0.060     5.000         0
   31.199     9.466     0.060     5.000         0
   30.982     9.447     0.060     5.000         0
   30.761     9.427     0.060     5.000         0
   30.545     9.408     0.060     5.000         0
   30.328     9.388     0.060     5.000         0
   30.110     9.361     0.060     5.000         0
   29.895     9.343     0.060     5.000         0
   29.678     9.341     0.060     5.000         0
   29.462     9.328     0.060     5.000         0
   29.249     9.298     0.060     5.000         0
   29.034     9.284     0.060     5.000         0
   28.820     9.270     0.060     5.000         0
   28.602     9.264     0.060     5.000         0
   28.386     9.256     0.060     5.000         0
   28.171     9.264     0.060     5.000         0
   27.957     9.247     0.060     5.000         0
   27.746     9.255     0.060     5.000         0
   27.534     9.243     0.060     5.000         0
   27.321     9.203     0.060     5.000         0
   27.103     9.187     0.060     5.000         0
   26.882     9.154     0.060     5.000         0
   26.661     9.122     0.060     5.000         0
   26.439     9.089     0.060     5.000         0
   26.216     9.056     0.060     5.000         0
   25.993     9.015     0.060     5.000         0
   25.770     8.983     0.060     5.000         0
   25.545     8.968     0.060     5.000         0
   25.320     8.946     0.060     5.000         0
   25.096     8.923     0.060     5.000         0
   24.873     8.897     0.060     5.000         0
   24.647     8.878     0.060     5.000         0
   24.424     8.844     0.060     5.000         0
   24.198     8.826     0.060     5.000         0
   23.973     8.795     0.060     5.000         0
   23.751     8.777     0.060     5.000         0
   23.531     8.758     0.060     5.000         0
   23.304     8.728     0.060     5.000         0
   23.079     8.713     0.060     5.000         0
   22.857     8.691     0.060     5.000         0
   22.635     8.667     0.060     5.000         0
   22.415     8.651     0.060     5.000         0
   22.193     8.611     0.060     5.000         0
   21.971     8.591     0.060     5.000         0
   21.748     8.567     0.060     5.000         0
   21.518     8.542     0.060     5.000         0
   21.287     8.521     0.060     5.000         0
   21.058     8.492     0.060     5.000         0
   20.828     8.471     0.060     5.000         0
   20.599     8.450     0.060     5.000         0
   20.368     8.429     0.060     5.000         0
   20.137     8.408     0.060     5.000         0
   19.905     8.395     0.060     5.000         0
   19.672     8.366     0.060     5.000         0
   19.439     8.361     0.060     5.000         0
   19.208     8.332     0.060     5.000         0
   18.974     8.310     0.060     5.000         0
   18.741     8.272     0.060     5.000         0
   18.511     8.226     0.060     5.000         0
   18.276     8.188     0.060     5.000         0
   18.041     8.149     0.060     5.000         0
   17.808     8.119     0.060     5.000         0
   17.576     8.099     0.060     5.000         0
   17.343     8.071     0.060     5.000         0
   17.110     8.043     0.060     5.000         0
   16.877     8.016     0.060     5.000         0
   16.644     7.980     0.060     5.000         0
   16.411     7.951     0.060     5.000         0
   16.175     7.898     0.060     5.000         0
   15.938     7.869     0.060     5.000         0
   15.701     7.840     0.060     5.000         0
   15.463     7.803     0.060     5.000         0
   15.226     7.757     0.060     5.000         0
   14.990     7.720     0.060     5.000         0
   14.756     7.695     0.060     5.000         0
   14.523     7.661     0.060     5.000         0
   14.295     7.612     0.060     5.000         0
   14.066     7.583     0.060     5.000         0
   13.836     7.546     0.060     5.000         0
   13.609     7.522     0.060     5.000         0
   13.378     7.476     0.060     5.000         0
   13.148     7.434     0.060     5.000         0
   12.916     7.403     0.060     5.000         0
   12.684     7.361     0.060     5.000         0
   12.457     7.320     0.060     5.000         0
   12.226     7.278     0.060     5.000         0
   11.996     7.228     0.060     5.000         0
   11.764     7.191     0.060     5.000         0
   11.532     7.147     0.060     5.000         0
   11.295     7.101     0.060     5.000         0
   11.064     7.041     0.060     5.000         0
   10.831     7.004     0.060     5.000         0
   10.600     6.956     0.060     5.000         0
   10.375     6.917     0.060     5.000         0
   10.145     6.853     0.060     5.000         0
    9.921     6.806     0.060     5.000         0
    9.694     6.763     0.060     5.000         0
    9.467     6.728     0.060     5.000         0
    9.239     6.681     0.060     5.000         0
    9.011     6.625     0.060     5.000         0
    8.782     6.586     0.060     5.000         0
    8.550     6.530     0.060     5.000         0
    8.324     6.475     0.060     5.000         0
    8.095     6.428     0.060     5.000         0
    7.865     6.385     0.060     5.000         0
    7.634     6.345     0.060     5.000         0
    7.400     6.293     0.060     5.000         0
    7.168     6.264     0.060     5.000         0
    6.935     6.227     0.060     5.000         0
    6.700     6.190     0.060     5.000         0
    6.465     6.153     0.060     5.000         0
    6.227     6.116     0.060     5.000         0
    5.996     6.071     0.060     5.000         0
    5.762     6.029     0.060     5.000         0
    5.530     5.967     0.060     5.000         0
    5.298     5.929     0.060     5.000         0
    5.065     5.875     0.060     5.000         0
    4.831     5.820     0.060     5.000         0
    0.000    -1.000     0.000         0
   -0.095     4.363     0.060     1.000         0
   -0.329     4.407     0.060     1.000         0
   -0.562     4.427     0.060     1.000         0
   -0.796     4.464     0.060     1.000         0
   -1.030     4.505     0.060     1.000         0
   -1.263     4.546     0.060     1.000         0
   -1.496     4.583     0.060     1.000         0
   -1.730     4.612     0.060     1.000         0
   -1.963     4.680     0.060     1.000         0
   -2.197     4.756     0.060     1.000         0
   -2.431     4.840     0.060     1.000         0
   -2.667     4.925     0.060     1.000         0
   -2.903     4.986     0.060     1.000         0
   -3.139     5.071     0.060     1.000         0
   -3.372     5.145     0.060     1.000         0
   -3.601     5.229     0.060     1.000         0
   -3.835     5.308     0.060     1.000         0
   -4.066     5.393     0.060     1.000         0
   -4.295     5.485     0.060     1.000         0
   -4.528     5.559     0.060     1.000         0
   -4.761     5.648     0.060     5.000         0
   -4.994     5.689     0.060     5.000         0
   -5.226     5.739     0.060     5.000         0
   -5.460     5.805     0.060     5.000         0
   -5.691     5.838     0.060     5.000         0
   -5.923     5.888     0.060     5.000         0
   -6.157     5.942     0.060     5.000         0
   -6.388     5.999     0.060     5.000         0
   -6.615     6.043     0.060     5.000         0
   -6.838     6.088     0.060     5.000         0
   -7.061     6.117     0.060     5.000         0
   -7.282     6.154     0.060     5.000         0
   -7.501     6.190     0.060     5.000         0
   -7.723     6.231     0.060     5.000         0
   -7.946     6.268     0.060     5.000         0
   -8.171     6.305     0.060     5.000         0
   -8.395     6.338     0.060     5.000         0
   -8.615     6.401     0.060     5.000         0
   -8.836     6.451     0.060     5.000         0
   -9.059     6.502     0.060     5.000         0
   -9.283     6.562     0.060     5.000         0
   -9.507     6.613     0.060     5.000         0
   -9.727     6.676     0.060     5.000         0
   -9.950     6.723     0.060     5.000         0
  -10.174     6.762     0.060     5.000         0
  -10.396     6.824     0.060     5.000         0
  -10.618     6.870     0.060     5.000         0
  -10.840     6.913     0.060     5.000         0
  -11.063     6.947     0.060     5.000         0
  -11.285     7.001     0.060     5.000         0
  -11.507     7.038     0.060     5.000         0
  -11.727     7.078     0.060     5.000         0
  -11.949     7.119     0.060     5.000         0
  -12.171     7.155     0.060     5.000         0
  -12.391     7.192     0.060     5.000         0
  -12.610     7.228     0.060     5.000         0
  -12.829     7.264     0.060     5.000         0
  -13.047     7.300     0.060     5.000         0
  -13.265     7.328     0.060     5.000         0
  -13.484     7.356     0.060     5.000         0
  -13.703     7.373     0.060     5.000         0
  -13.923     7.398     0.060     5.000         0
  -14.142     7.419     0.060     5.000         0
  -14.362     7.432     0.060     5.000         0
  -14.580     7.458     0.060     5.000         0
  -14.798     7.492     0.060     5.000         0
  -15.016     7.541     0.060     5.000         0
  -15.236     7.567     0.060     5.000         0
  -15.454     7.612     0.060     5.000         0
  -15.671     7.649     0.060     5.000         0
  -15.889     7.685     0.060     5.000         0
  -16.105     7.722     0.060     5.000         0
  -16.325     7.758     0.060     5.000         0
  -16.543     7.795     0.060     5.000         0
  -16.759     7.823     0.060     5.000         0
  -16.977     7.855     0.060     5.000         0
  -17.196     7.876     0.060     5.000         0
  -17.426     7.905     0.060     5.000         0
  -17.662     7.932     0.060     5.000         0
  -17.893     7.969     0.060     5.000         0
  -18.123     7.991     0.060     5.000         0
  -18.351     8.036     0.060     5.000         0
  -18.580     8.058     0.060     5.000         0
  -18.814     8.069     0.060     5.000         0
  -19.049     8.064     0.060     5.000         0
  -19.283     8.087     0.060     5.000         0
  -19.518     8.094     0.060     5.000         0
  -19.751     8.092     0.060     5.000         0
  -19.985     8.105     0.060     5.000         0
  -20.218     8.142     0.060     5.000         0
  -20.452     8.163     0.060     5.000         0
  -20.686     8.180     0.060     5.000         0
  -20.919     8.188     0.060     5.000         0
  -21.154     8.209     0.060     5.000         0
  -21.385     8.238     0.060     5.000         0
  -21.621     8.251     0.060     5.000         0
  -21.854     8.252     0.060     5.000         0
  -22.087     8.253     0.060     5.000         0
  -22.321     8.275     0.060     5.000         0
  -22.554     8.288     0.060     5.000         0
  -22.787     8.301     0.060     5.000         0
  -23.019     8.315     0.060     5.000         0
  -23.252     8.320     0.060     5.000         0
  -23.484     8.340     0.060     5.000         0
  -23.715     8.364     0.060     5.000         0
  -23.944     8.384     0.060     5.000         0
  -24.172     8.411     0.060     5.000         0
  -24.401     8.439     0.060     5.000         0
  -24.631     8.455     0.060     5.000         0
  -24.862     8.495     0.060     5.000         0
  -25.091     8.511     0.060     5.000         0
  -25.322     8.529     0.060     5.000         0
  -25.553     8.539     0.060     5.000         0
  -25.784     8.574     0.060     5.000         0
  -26.015     8.592     0.060     5.000         0
  -26.247     8.603     0.060     5.000         0
  -26.478     8.653     0.060     5.000         0
  -26.708     8.696     0.060     5.000         0
  -26.938     8.739     0.060     5.000         0
  -27.166     8.765     0.060     5.000         0
  -27.395     8.824     0.060     5.000         0
  -27.624     8.850     0.060     5.000         0
  -27.854     8.909     0.060     5.000         0
  -28.084     8.944     0.060     5.000         0
  -28.312     9.006     0.060     5.000         0
  -28.542     9.061     0.060     5.000         0
  -28.774     9.116     0.060     5.000         0
  -29.006     9.171     0.060     5.000         0
  -29.238     9.218     0.060     5.000         0
  -29.476     9.283     0.060     5.000         0
  -29.712     9.323     0.060     5.000         0
  -29.948     9.395     0.060     5.000         0
  -30.181     9.442     0.060     5.000         0
  -30.410     9.468     0.060     5.000         0
  -30.640     9.518     0.060     5.000         0
  -30.872     9.549     0.060     5.000         0
  -31.104     9.583     0.060     5.000         0
  -31.335     9.622     0.060     5.000         0
  -31.566     9.648     0.060     5.000         0
  -31.796     9.679     0.060     5.000         0
  -32.027     9.721     0.060     5.000         0
  -32.260     9.748     0.060     5.000         0
  -32.488     9.794     0.060     5.000         0
  -32.720     9.813     0.060     5.000         0
  -32.954     9.864     0.060     5.000         0
  -33.185     9.899     0.060     5.000         0
  -33.416     9.925     0.060     5.000         0
  -33.649     9.958     0.060     5.000         0
  -33.881    10.000     0.060     5.000         0
  -34.114    10.029     0.060     5.000         0
  -34.347    10.074     0.060     5.000         0
  -34.579    10.111     0.060     5.000         0
  -34.810    10.156     0.060     5.000         0
  -35.040    10.189     0.060     5.000         0
  -35.269    10.221     0.060     5.000         0
  -35.496    10.257     0.060     5.000         0
  -35.723    10.296     0.060     5.000         0
  -35.951    10.334     0.060     5.000         0
  -36.180    10.372     0.060     5.000         0
  -36.408    10.419     0.060     5.000         0
  -36.633    10.457     0.060     5.000         0
  -36.865    10.496     0.060     5.000         0
  -37.093    10.530     0.060     5.000         0
  -37.322    10.564     0.060     5.000         0
  -37.551    10.577     0.060     5.000         0
  -37.778    10.589     0.060     5.000         0
  -38.009    10.605     0.060     5.000         0
  -38.237    10.621     0.060     5.000         0
  -38.463    10.637     0.060     5.000         0
  -38.689    10.653     0.060     5.000         0
  -38.915    10.669     0.060     5.000         0
  -39.140    10.693     0.060     5.000         0
  -39.364    10.728     0.060     5.000         0
  -39.588    10.762     0.060     5.000         0
  -39.812    10.793     0.060     5.000         0
  -40.038    10.811     0.060     5.000         0
  -40.265    10.846     0.060     5.000         0
  -40.495    10.869     0.060     5.000         0
  -40.727    10.901     0.060     5.000         0
  -40.957    10.940     0.060     5.000         0
  -41.190    10.959     0.060     5.000         0
  -41.424    10.993     0.060     5.000         0
  -41.657    11.012     0.060     5.000         0
  -41.889    11.022     0.060     5.000         0
  -42.123    11.045     0.060     5.000         0
  -42.352    11.067     0.060     5.000         0
  -42.588    11.094     0.060     5.000         0
  -42.822    11.121     0.060     5.000         0
  -43.057    11.148     0.060     5.000         0
  -43.293    11.166     0.060     5.000         0
  -43.523    11.204     0.060     5.000         0
  -43.756    11.226     0.060     5.000         0
  -43.989    11.260     0.060     5.000         0
  -44.220    11.294     0.060     5.000         0
  -44.448    11.327     0.060     5.000         0
  -44.678    11.361     0.060     5.000         0
  -44.913    11.399     0.060     5.000         0
  -45.144    11.437     0.060     5.000         0
  -45.376    11.478     0.060     5.000         0
  -45.611    11.520     0.060     5.000         0
  -45.846    11.542     0.060     5.000         0
  -46.078    11.595     0.060     5.000         0
  -46.312    11.620     0.060     5.000         0
  -46.539    11.653     0.060     5.000         0
  -46.777    11.695     0.060     5.000         0
  -47.014    11.737     0.060     5.000         0
  -47.248    11.748     0.060     5.000         0
  -47.488    11.776     0.060     5.000         0
  -47.721    11.791     0.060     5.000         0
  -47.958    11.790     0.060     5.000         0
  -48.194    11.822     0.060     5.000         0
  -48.432    11.833     0.060     5.000         0
  -48.669    11.845     0.060     5.000         0
  -48.904    11.889     0.060     5.000         0
  -49.134    11.909     0.060     5.000         0
  -49.361    11.944     0.060     5.000         0
  -49.588    11.978     0.060     5.000         0
  -49.813    12.013     0.060     5.000         0
  -50.041    12.048     0.060     5.000         0
  -50.264    12.082     0.060     5.000         0
  -50.490    12.133     0.060     5.000         0
  -50.714    12.160     0.060     5.000         0
  -50.938    12.179     0.060     5.000         0
  -51.162    12.223     0.060     5.000         0
  -51.388    12.250     0.060     5.000         0
  -51.614    12.278     0.060     5.000         0
  -51.840    12.306     0.060     5.000         0
  -52.065    12.333     0.060     5.000         0
  -52.290    12.361     0.060     5.000         0
  -52.516    12.373     0.060     5.000         0
  -52.743    12.400     0.060     5.000         0
  -52.969    12.428     0.060     5.000         0
  -53.194    12.472     0.060     5.000         0
  -53.421    12.492     0.060     5.000         0
  -53.646    12.516     0.060     5.000         0
  -53.870    12.533     0.060     5.000         0
  -54.092    12.549     0.060     5.000         0
  -54.320    12.566     0.060     5.000         0
  -54.545    12.583     0.060     5.000         0
  -54.771    12.592     0.060     5.000         0
  -54.998    12.616     0.060     5.000         0
  -55.224    12.633     0.060     5.000         0
  -55.449    12.650     0.060     5.000         0
  -55.674    12.658     0.060     5.000         0
  -55.901    12.683     0.060     5.000         0
  -56.129    12.692     0.060     5.000         0
  -56.357    12.715     0.060     5.000         0
  -56.583    12.761     0.060     5.000         0
  -56.811    12.791     0.060     5.000         0
  -57.040    12.822     0.060     5.000         0
  -57.270    12.853     0.060     5.000         0
  -57.500    12.880     0.060     5.000         0
  -57.731    12.915     0.060     5.000         0
  -57.960    12.945     0.060     5.000         0
  -58.191    12.972     0.060     5.000         0
  -58.421    12.991     0.060     5.000         0
  -58.652    13.038     0.060     5.000         0
  -58.885    13.053     0.060     5.000         0
  -59.114    13.092     0.060     5.000         0
  -59.344    13.116     0.060     5.000         0
  -59.575    13.149     0.060     5.000         0
  -59.803    13.182     0.060     5.000         0
  -60.040    13.232     0.060     5.000         0
  -60.274    13.265     0.060     5.000         0
  -60.509    13.282     0.060     5.000         0
  -60.746    13.332     0.060     5.000         0
  -60.979    13.358     0.060     5.000         0
  -61.215    13.388     0.060     5.000         0
  -61.450    13.442     0.060     5.000         0
  -61.682    13.468     0.060     5.000         0
  -61.909    13.505     0.060     5.000         0
  -62.140    13.539     0.060     5.000         0
  -62.367    13.584     0.060     5.000         0
  -62.594    13.610     0.060     5.000         0
  -62.822    13.644     0.060     5.000         0
  -63.051    13.679     0.060     5.000         0
  -63.280    13.713     0.060     5.000         0
  -63.511    13.764     0.060     5.000         0
  -63.741    13.791     0.060     5.000         0
  -63.969    13.826     0.060     5.000         0
  -64.201    13.861     0.060     5.000         0
  -64.429    13.895     0.060     5.000         0
  -64.657    13.929     0.060     5.000         0
  -64.886    13.964     0.060     5.000         0
  -65.115    14.001     0.060     5.000         0
  -65.346    14.026     0.060     5.000         0
  -65.580    14.043     0.060     5.000         0
  -65.812    14.080     0.060     5.000         0
  -66.045    14.105     0.060     5.000         0
  -66.279    14.130     0.060     5.000         0
  -66.510    14.159     0.060     5.000         0
  -66.741    14.200     0.060     5.000         0
  -66.970    14.229     0.060     5.000         0
  -67.199    14.245     0.060     5.000         0
  -67.429    14.282     0.060     5.000         0
  -67.661    14.300     0.060     5.000         0
  -67.894    14.330     0.060     5.000         0
  -68.127    14.352     0.060     5.000         0
  -68.359    14.386     0.060     5.000         0
  -68.592    14.421     0.060     5.000         0
  -68.825    14.431     0.060     5.000         0
  -69.057    14.457     0.060     5.000         0
  -69.289    14.483     0.060     5.000         0
  -69.521    14.517     0.060     5.000         0
  -69.753    14.567     0.060     5.000         0
  -69.985    14.609     0.060     5.000         0
  -70.219    14.644     0.060     5.000         0
  -70.451    14.694     0.060     5.000         0
  -70.682    14.720     0.060     5.000         0
  -70.915    14.778     0.060     5.000         0
  -71.147    14.804     0.060     5.000         0
  -71.381    14.854     0.060     5.000         0
  -71.617    14.889     0.060     5.000         0
  -71.855    14.940     0.060     5.000         0
  -72.094    14.980     0.060     5.000         0
  -72.330    15.012     0.060     5.000         0
  -72.567    15.028     0.060     5.000         0
  -72.803    15.059     0.060     5.000         0
  -73.038    15.107     0.060     5.000         0
  -73.276    15.131     0.060     5.000         0
  -73.515    15.142     0.060     5.000         0
  -73.756    15.177     0.060     5.000         0
  -73.989    15.195     0.060     5.000         0
  -74.215    15.213     0.060     5.000         0
  -74.439    15.214     0.060     5.000         0
  -74.662    15.248     0.060     5.000         0
  -74.886    15.249     0.060     5.000         0
  -75.113    15.275     0.060     5.000         0
  -75.340    15.297     0.060     5.000         0
  -75.565    15.326     0.060     5.000         0
  -75.786    15.343     0.060     5.000         0
  -76.006    15.367     0.060     5.000         0
  -76.233    15.409     0.060     5.000         0
  -76.459    15.434     0.060     5.000         0
  -76.685    15.443     0.060     5.000         0
  -76.913    15.469     0.060     5.000         0
  -77.141    15.502     0.060     5.000         0
  -77.369    15.517     0.060     5.000         0
  -77.597    15.540     0.060     5.000         0
  -77.825    15.563     0.060     5.000         0
  -78.053    15.601     0.060     5.000         0
  -78.280    15.608     0.060     5.000         0
  -78.506    15.647     0.060     5.000         0
  -78.733    15.653     0.060     5.000         0
  -78.962    15.684     0.060     5.000         0
  -79.190    15.710     0.060     5.000         0
  -79.416    15.727     0.060     5.000         0
  -79.641    15.745     0.060     5.000         0
  -79.865    15.762     0.060     5.000         0
  -80.088    15.771     0.060     5.000         0
  -80.312    15.797     0.060     5.000         0
  -80.535    15.806     0.060     5.000         0
  -80.756    15.823     0.060     5.000         0
  -80.978    15.845     0.060     5.000         0
  -81.200    15.876     0.060     5.000         0
  -81.420    15.906     0.060     5.000         0
  -81.639    15.952     0.060     5.000         0
  -81.859    15.974     0.060     5.000         0
  -82.082    16.018     0.060     5.000         0
  -82.305    16.039     0.060     5.000         0
  -82.527    16.075     0.060     5.000         0
  -82.745    16.127     0.060     5.000         0
  -82.963    16.146     0.060     5.000         0
  -83.184    16.186     0.060     5.000         0
  -83.404    16.226     0.060     5.000         0
  -83.622    16.235     0.060     5.000         0
  -83.846    16.252     0.060     5.000         0
  -84.067    16.284     0.060     5.000         0
  -84.288    16.301     0.060     5.000         0
  -84.512    16.318     0.060     5.000         0
  -84.736    16.327     0.060     5.000         0
  -84.959    16.362     0.060     5.000         0
  -85.178    16.383     0.060     5.000         0
  -85.397    16.397     0.060     5.000         0
  -85.617    16.423     0.060     5.000         0
  -85.837    16.465     0.060     5.000         0
  -86.058    16.476     0.060     5.000         0
  -86.279    16.502     0.060     5.000         0
  -86.498    16.544     0.060     5.000         0
  -86.720    16.562     0.060     5.000         0
  -86.942    16.603     0.060     5.000         0
  -87.160    16.636     0.060     5.000         0
  -87.377    16.656     0.060     5.000         0
  -87.596    16.701     0.060     5.000         0
  -87.815    16.734     0.060     5.000         0
  -88.033    16.750     0.060     5.000         0
  -88.250    16.799     0.060     5.000         0
  -88.470    16.816     0.060     5.000         0
  -88.692    16.849     0.060     5.000         0
  -88.911    16.898     0.060     5.000         0
  -89.129    16.922     0.060     5.000         0
  -89.351    16.959     0.060     5.000         0
  -89.574    16.985     0.060     5.000         0
  -89.796    17.014     0.060     5.000         0
  -90.017    17.031     0.060     5.000         0
    0.000     0.000     0.000        -1
