    0.000     1.000     0.000         0
    4.558     5.739     0.060     1.000         0
    4.326     5.626     0.060     1.000         0
    4.092     5.516     0.060     1.000         0
    3.861     5.431     0.060     1.000         0
    3.635     5.332     0.060     1.000         0
    3.412     5.235     0.060     1.000         0
    3.188     5.129     0.060     1.000         0
    2.968     5.033     0.060     1.000         0
    2.748     4.955     0.060     1.000         0
    2.526     4.884     0.060     1.000         0
    2.303     4.812     0.060     1.000         0
    2.078     4.740     0.060     1.000         0
    1.855     4.669     0.060     1.000         0
    1.634     4.598     0.060     1.000         0
    1.413     4.535     0.060     1.000         0
    1.191     4.483     0.060     1.000         0
    0.967     4.442     0.060     1.000         0
    0.744     4.402     0.060     1.000         0
    0.524     4.384     0.060     1.000         0
    0.303     4.370     0.060     1.000         0
    0.090     4.357     0.060     1.000         0
   50.982    12.307     0.060     5.000         0
   50.760    12.275     0.060     5.000         0
   50.537    12.228     0.060     5.000         0
   50.313    12.180     0.060     5.000         0
   50.089    12.140     0.060     5.000         0
   49.868    12.117     0.060     5.000         0
   49.645    12.069     0.060     5.000         0
   49.425    12.016     0.060     5.000         0
   49.205    11.943     0.060     5.000         0
   48.985    11.894     0.060     5.000         0
   48.764    11.825     0.060     5.000         0
   48.541    11.782     0.060     5.000         0
   48.318    11.738     0.060     5.000         0
   48.094    11.715     0.060     5.000         0
   47.869    11.675     0.060     5.000         0
   47.644    11.627     0.060     5.000         0
   47.420    11.602     0.060     5.000         0
   47.197    11.565     0.060     5.000         0
   46.974    11.520     0.060     5.000         0
   46.752    11.503     0.060     5.000         0
   46.529    11.453     0.060     5.000         0
   46.307    11.428     0.060     5.000         0
   46.086    11.407     0.060     5.000         0
   45.864    11.370     0.060     5.000         0
   45.642    11.357     0.060     5.000         0
   45.419    11.336     0.060     5.000         0
   45.199    11.296     0.060     5.000         0
   44.980    11.287     0.060     5.000         0
   44.758    11.254     0.060     5.000         0
   44.534    11.256     0.060     5.000         0
   44.310    11.234     0.060     5.000         0
   44.086    11.227     0.060     5.000         0
   43.863    11.221     0.060     5.000         0
   43.642    11.223     0.060     5.000         0
   43.425    11.206     0.060     5.000         0
   43.203    11.177     0.060     5.000         0
   42.983    11.155     0.060     5.000         0
   42.764    11.130     0.060     5.000         0
   42.545    11.105     0.060     5.000         0
   42.332    11.072     0.060     5.000         0
   42.107    11.028     0.060     5.000         0
   41.886    10.993     0.060     5.000         0
   41.668    10.967     0.060     5.000         0
   41.449    10.940     0.060     5.000         0
   41.232    10.889     0.060     5.000         0
   41.010    10.862     0.060     5.000         0
   40.794    10.840     0.060     5.000         0
   40.577    10.826     0.060     5.000         0
   40.359    10.827     0.060     5.000         0
   40.145    10.813     0.060     5.000         0
   39.928    10.791     0.060     5.000         0
   39.712    10.780     0.060     5.000         0
   39.498    10.793     0.060     5.000         0
   39.284    10.782     0.060     5.000         0
   39.069    10.779     0.060     5.000         0
   38.852    10.760     0.060     5.000         0
   38.636    10.750     0.060     5.000         0
   38.421    10.755     0.060     5.000         0
   38.207    10.744     0.060     5.000         0
   37.995    10.717     0.060     5.000         0
   37.784    10.715     0.060     5.000         0
   37.571    10.694     0.060     5.000         0
   37.353    10.697     0.060     5.000         0
   37.132    10.672     0.060     5.000         0
   36.911    10.663     0.060     5.000         0
   36.689    10.643     0.060     5.000         0
   36.466    10.616     0.060     5.000         0
   36.243    10.588     0.060     5.000         0
   36.019    10.556     0.060     5.000         0
   35.794    10.524     0.060     5.000         0
   35.569    10.495     0.060     5.000         0
   35.346    10.476     0.060     5.000         0
   35.123    10.448     0.060     5.000         0
   34.897    10.415     0.060     5.000         0
   34.673    10.383     0.060     5.000         0
   34.448    10.351     0.060     5.000         0
   34.223    10.326     0.060     5.000         0
   34.001    10.317     0.060     5.000         0
   33.780    10.285     0.060     5.000         0
   33.553    10.261     0.060     5.000         0
   33.329    10.253     0.060     5.000         0
   33.106    10.233     0.060     5.000         0
   32.885    10.198     0.060     5.000         0
   32.665    10.194     0.060     5.000         0
   32.442    10.175     0.060     5.000         0
   32.221    10.147     0.060     5.000         0
   31.998    10.138     0.060     5.000         0
   31.768    10.120     0.060     5.000         0
   31.537    10.094     0.060     5.000         0
   31.308    10.076     0.060     5.000         0
   31.078    10.058     0.060     5.000         0
   30.849    10.040     0.060     5.000         0
   30.618    10.029     0.060     5.000         0
   30.386    10.011     0.060     5.000         0
   30.154     9.977     0.060     5.000         0
   29.922     9.958     0.060     5.000         0
   29.689     9.940     0.060     5.000         0
   29.458     9.930     0.060     5.000         0
   29.224     9.894     0.060     5.000         0
   28.991     9.858     0.060     5.000         0
   28.760     9.839     0.060     5.000         0
   28.526     9.811     0.060     5.000         0
   28.291     9.771     0.060     5.000         0
   28.058     9.736     0.060     5.000         0
   27.825     9.692     0.060     5.000         0
   27.592     9.657     0.060     5.000         0
   27.360     9.621     0.060     5.000         0
   27.127     9.594     0.060     5.000         0
   26.894     9.564     0.060     5.000         0
   26.660     9.514     0.060     5.000         0
   26.425     9.479     0.060     5.000         0
   26.187     9.436     0.060     5.000         0
   25.950     9.402     0.060     5.000         0
   25.713     9.364     0.060     5.000         0
   25.476     9.335     0.060     5.000         0
   25.239     9.297     0.060     5.000         0
   25.005     9.276     0.060     5.000         0
   24.773     9.235     0.060     5.000         0
   24.544     9.200     0.060     5.000         0
   24.315     9.157     0.060     5.000         0
   24.086     9.122     0.060     5.000         0
   23.859     9.088     0.060     5.000         0
   23.627     9.052     0.060     5.000         0
   23.398     9.017     0.060     5.000         0
   23.166     8.982     0.060     5.000         0
   22.934     8.946     0.060     5.000         0
   22.707     8.920     0.060     5.000         0
   22.476     8.874     0.060     5.000         0
   22.246     8.836     0.060     5.000         0
   22.013     8.802     0.060     5.000         0
   21.782     8.776     0.060     5.000         0
   21.545     8.725     0.060     5.000         0
   21.313     8.695     0.060     5.000         0
   21.080     8.652     0.060     5.000         0
   20.850     8.629     0.060     5.000         0
   20.624     8.601     0.060     5.000         0
   20.395     8.562     0.060     5.000         0
   20.171     8.535     0.060     5.000         0
   19.944     8.516     0.060     5.000         0
   19.717     8.488     0.060     5.000         0
   19.488     8.465     0.060     5.000         0
   19.261     8.433     0.060     5.000         0
   19.032     8.401     0.060     5.000         0
   18.800     8.361     0.060     5.000         0
   18.574     8.331     0.060     5.000         0
   18.345     8.292     0.060     5.000         0
   18.115     8.245     0.060     5.000         0
   17.883     8.209     0.060     5.000         0
   17.650     8.166     0.060     5.000         0
   17.418     8.156     0.060     5.000         0
   17.184     8.137     0.060     5.000         0
   16.950     8.118     0.060     5.000         0
   16.715     8.096     0.060     5.000         0
   16.477     8.081     0.060     5.000         0
   16.246     8.054     0.060     5.000         0
   16.012     8.014     0.060     5.000         0
   15.780     7.958     0.060     5.000         0
   15.548     7.919     0.060     5.000         0
   15.315     7.872     0.060     5.000         0
   15.081     7.824     0.060     5.000         0
   14.847     7.777     0.060     5.000         0
   14.613     7.729     0.060     5.000         0
   14.379     7.674     0.060     5.000         0
   14.146     7.632     0.060     5.000         0
   13.916     7.583     0.060     5.000         0
   13.683     7.534     0.060     5.000         0
   13.450     7.484     0.060     5.000         0
   13.217     7.426     0.060     5.000         0
   12.987     7.378     0.060     5.000         0
   12.751     7.320     0.060     5.000         0
   12.517     7.271     0.060     5.000         0
   12.281     7.221     0.060     5.000         0
   12.044     7.187     0.060     5.000         0
   11.808     7.134     0.060     5.000         0
   11.574     7.080     0.060     5.000         0
   11.337     7.033     0.060     5.000         0
   11.099     6.974     0.060     5.000         0
   10.863     6.923     0.060     5.000         0
   10.623     6.859     0.060     5.000         0
   10.387     6.835     0.060     5.000         0
   10.154     6.803     0.060     5.000         0
    9.920     6.772     0.060     5.000         0
    9.686     6.740     0.060     5.000         0
    9.453     6.700     0.060     5.000         0
    9.219     6.680     0.060     5.000         0
    8.986     6.637     0.060     5.000         0
    8.753     6.609     0.060     5.000         0
    8.519     6.590     0.060     5.000         0
    8.286     6.539     0.060     5.000         0
    8.052     6.488     0.060     5.000         0
    7.819     6.422     0.060     5.000         0
    7.582     6.370     0.060     5.000         0
    7.347     6.313     0.060     5.000         0
    7.111     6.267     0.060     5.000         0
    6.878     6.229     0.060     5.000         0
    6.648     6.164     0.060     5.000         0
    6.414     6.131     0.060     5.000         0
    6.183     6.074     0.060     5.000         0
    5.954     6.026     0.060     5.000         0
    5.721     5.985     0.060     5.000         0
    5.488     5.961     0.060     5.000         0
    5.255     5.912     0.060     5.000         0
    5.023     5.871     0.060     5.000         0
    0.000    -1.000     0.000         0
   -0.154     4.368     0.060     1.000         0
   -0.371     4.381     0.060     1.000         0
   -0.592     4.403     0.060     1.000         0
   -0.814     4.421     0.060     1.000         0
   -1.035     4.467     0.060     1.000         0
   -1.257     4.506     0.060     1.000         0
   -1.478     4.548     0.060     1.000         0
   -1.699     4.608     0.060     1.000         0
   -1.921     4.668     0.060     1.000         0
   -2.141     4.736     0.060     1.000         0
   -2.360     4.803     0.060     1.000         0
   -2.579     4.899     0.060     1.000         0
   -2.797     4.987     0.060     1.000         0
   -3.016     5.079     0.060     1.000         0
   -3.235     5.171     0.060     1.000         0
   -3.453     5.270     0.060     1.000         0
   -3.673     5.363     0.060     1.000         0
   -3.892     5.439     0.060     1.000         0
   -4.112     5.539     0.060     1.000         0
   -4.330     5.647     0.060     1.000         0
   -4.548     5.756     0.060     1.000         0
   -4.767     5.844     0.060     1.000         0
   -4.986     5.957     0.060     1.000         0
   -5.204     6.024     0.060     1.000         0
   -5.421     6.068     0.060     5.000         0
   -5.639     6.108     0.060     5.000         0
   -5.855     6.156     0.060     5.000         0
   -6.076     6.209     0.060     5.000         0
   -6.293     6.252     0.060     5.000         0
   -6.509     6.296     0.060     5.000         0
   -6.727     6.340     0.060     5.000         0
   -6.946     6.380     0.060     5.000         0
   -7.177     6.423     0.060     5.000         0
   -7.412     6.471     0.060     5.000         0
   -7.643     6.515     0.060     5.000         0
   -7.873     6.542     0.060     5.000         0
   -8.102     6.582     0.060     5.000         0
   -8.331     6.630     0.060     5.000         0
   -8.565     6.678     0.060     5.000         0
   -8.799     6.719     0.060     5.000         0
   -9.033     6.759     0.060     5.000         0
   -9.268     6.792     0.060     5.000         0
   -9.501     6.793     0.060     5.000         0
   -9.735     6.787     0.060     5.000         0
   -9.968     6.803     0.060     5.000         0
  -10.202     6.827     0.060     5.000         0
  -10.436     6.867     0.060     5.000         0
  -10.670     6.887     0.060     5.000         0
  -10.904     6.907     0.060     5.000         0
  -11.136     6.946     0.060     5.000         0
  -11.371     6.970     0.060     5.000         0
  -11.604     7.001     0.060     5.000         0
  -11.838     7.014     0.060     5.000         0
  -12.071     7.003     0.060     5.000         0
  -12.304     7.025     0.060     5.000         0
  -12.537     7.022     0.060     5.000         0
  -12.769     7.035     0.060     5.000         0
  -13.002     7.037     0.060     5.000         0
  -13.234     7.055     0.060     5.000         0
  -13.465     7.069     0.060     5.000         0
  -13.694     7.070     0.060     5.000         0
  -13.923     7.112     0.060     5.000         0
  -14.152     7.142     0.060     5.000         0
  -14.382     7.172     0.060     5.000         0
  -14.612     7.202     0.060     5.000         0
  -14.842     7.239     0.060     5.000         0
  -15.072     7.274     0.060     5.000         0
  -15.304     7.300     0.060     5.000         0
  -15.534     7.326     0.060     5.000         0
  -15.766     7.337     0.060     5.000         0
  -15.998     7.371     0.060     5.000         0
  -16.228     7.400     0.060     5.000         0
  -16.458     7.436     0.060     5.000         0
  -16.688     7.472     0.060     5.000         0
  -16.917     7.509     0.060     5.000         0
  -17.145     7.553     0.060     5.000         0
  -17.374     7.609     0.060     5.000         0
  -17.605     7.666     0.060     5.000         0
  -17.834     7.702     0.060     5.000         0
  -18.063     7.770     0.060     5.000         0
  -18.293     7.815     0.060     5.000         0
  -18.524     7.868     0.060     5.000         0
  -18.756     7.921     0.060     5.000         0
  -18.988     7.978     0.060     5.000         0
  -19.227     8.037     0.060     5.000         0
  -19.463     8.091     0.060     5.000         0
  -19.699     8.145     0.060     5.000         0
  -19.932     8.199     0.060     5.000         0
  -20.160     8.243     0.060     5.000         0
  -20.390     8.285     0.060     5.000         0
  -20.623     8.319     0.060     5.000         0
  -20.854     8.348     0.060     5.000         0
  -21.085     8.386     0.060     5.000         0
  -21.316     8.420     0.060     5.000         0
  -21.546     8.441     0.060     5.000         0
  -21.777     8.483     0.060     5.000         0
  -22.011     8.513     0.060     5.000         0
  -22.239     8.558     0.060     5.000         0
  -22.471     8.596     0.060     5.000         0
  -22.704     8.634     0.060     5.000         0
  -22.935     8.671     0.060     5.000         0
  -23.166     8.709     0.060     5.000         0
  -23.399     8.731     0.060     5.000         0
  -23.631     8.768     0.060     5.000         0
  -23.864     8.806     0.060     5.000         0
  -24.097     8.856     0.060     5.000         0
  -24.329     8.890     0.060     5.000         0
  -24.560     8.927     0.060     5.000         0
  -24.790     8.967     0.060     5.000         0
  -25.020     8.999     0.060     5.000         0
  -25.247     9.038     0.060     5.000         0
  -25.473     9.081     0.060     5.000         0
  -25.702     9.133     0.060     5.000         0
  -25.930     9.164     0.060     5.000         0
  -26.159     9.199     0.060     5.000         0
  -26.383     9.238     0.060     5.000         0
  -26.615     9.278     0.060     5.000         0
  -26.843     9.322     0.060     5.000         0
  -27.073     9.352     0.060     5.000         0
  -27.302     9.374     0.060     5.000         0
  -27.528     9.384     0.060     5.000         0
  -27.760     9.406     0.060     5.000         0
  -27.987     9.432     0.060     5.000         0
  -28.213     9.446     0.060     5.000         0
  -28.439     9.480     0.060     5.000         0
  -28.665     9.498     0.060     5.000         0
  -28.890     9.519     0.060     5.000         0
  -29.115     9.548     0.060     5.000         0
  -29.338     9.593     0.060     5.000         0
  -29.563     9.611     0.060     5.000         0
  -29.788     9.636     0.060     5.000         0
  -30.016     9.673     0.060     5.000         0
  -30.245     9.697     0.060     5.000         0
  -30.477     9.729     0.060     5.000         0
  -30.708     9.761     0.060     5.000         0
  -30.940     9.802     0.060     5.000         0
  -31.174     9.835     0.060     5.000         0
  -31.408     9.860     0.060     5.000         0
  -31.640     9.884     0.060     5.000         0
  -31.873     9.909     0.060     5.000         0
  -32.102     9.934     0.060     5.000         0
  -32.339     9.951     0.060     5.000         0
  -32.573     9.968     0.060     5.000         0
  -32.807    10.010     0.060     5.000         0
  -33.043    10.019     0.060     5.000         0
  -33.273    10.044     0.060     5.000         0
  -33.507    10.078     0.060     5.000         0
  -33.739    10.110     0.060     5.000         0
  -33.970    10.149     0.060     5.000         0
  -34.199    10.196     0.060     5.000         0
  -34.429    10.231     0.060     5.000         0
  -34.663    10.278     0.060     5.000         0
  -34.894    10.324     0.060     5.000         0
  -35.126    10.375     0.060     5.000         0
  -35.362    10.418     0.060     5.000         0
  -35.597    10.461     0.060     5.000         0
  -35.828    10.496     0.060     5.000         0
  -36.063    10.534     0.060     5.000         0
  -36.289    10.564     0.060     5.000         0
  -36.527    10.595     0.060     5.000         0
  -36.765    10.622     0.060     5.000         0
  -36.999    10.649     0.060     5.000         0
  -37.238    10.671     0.060     5.000         0
  -37.472    10.681     0.060     5.000         0
  -37.708    10.696     0.060     5.000         0
  -37.944    10.722     0.060     5.000         0
  -38.183    10.755     0.060     5.000         0
  -38.420    10.779     0.060     5.000         0
  -38.655    10.791     0.060     5.000         0
  -38.884    10.819     0.060     5.000         0
  -39.112    10.842     0.060     5.000         0
  -39.339    10.867     0.060     5.000         0
  -39.563    10.915     0.060     5.000         0
  -39.791    10.932     0.060     5.000         0
  -40.015    10.968     0.060     5.000         0
  -40.240    10.997     0.060     5.000         0
  -40.464    11.037     0.060     5.000         0
  -40.688    11.074     0.060     5.000         0
  -40.913    11.102     0.060     5.000         0
  -41.138    11.123     0.060     5.000         0
  -41.364    11.144     0.060     5.000         0
  -41.590    11.173     0.060     5.000         0
  -41.815    11.218     0.060     5.000         0
  -42.041    11.247     0.060     5.000         0
  -42.266    11.275     0.060     5.000         0
  -42.493    11.300     0.060     5.000         0
  -42.719    11.325     0.060     5.000         0
  -42.945    11.371     0.060     5.000         0
  -43.171    11.409     0.060     5.000         0
  -43.396    11.431     0.060     5.000         0
  -43.620    11.476     0.060     5.000         0
  -43.842    11.497     0.060     5.000         0
  -44.070    11.511     0.060     5.000         0
  -44.296    11.512     0.060     5.000         0
  -44.522    11.537     0.060     5.000         0
  -44.748    11.551     0.060     5.000         0
  -44.974    11.556     0.060     5.000         0
  -45.199    11.562     0.060     5.000         0
  -45.424    11.569     0.060     5.000         0
  -45.651    11.579     0.060     5.000         0
  -45.879    11.606     0.060     5.000         0
  -46.108    11.608     0.060     5.000         0
  -46.333    11.647     0.060     5.000         0
  -46.561    11.674     0.060     5.000         0
  -46.790    11.710     0.060     5.000         0
  -47.020    11.741     0.060     5.000         0
  -47.251    11.773     0.060     5.000         0
  -47.481    11.805     0.060     5.000         0
  -47.710    11.820     0.060     5.000         0
  -47.942    11.852     0.060     5.000         0
  -48.171    11.892     0.060     5.000         0
  -48.403    11.921     0.060     5.000         0
  -48.635    11.959     0.060     5.000         0
  -48.865    11.989     0.060     5.000         0
  -49.095    12.018     0.060     5.000         0
  -49.325    12.032     0.060     5.000         0
  -49.553    12.077     0.060     5.000         0
  -49.791    12.104     0.060     5.000         0
  -50.025    12.130     0.060     5.000         0
  -50.259    12.157     0.060     5.000         0
  -50.497    12.194     0.060     5.000         0
  -50.729    12.229     0.060     5.000         0
  -50.966    12.265     0.060     5.000         0
  -51.200    12.309     0.060     5.000         0
  -51.432    12.340     0.060     5.000         0
  -51.659    12.379     0.060     5.000         0
  -51.891    12.419     0.060     5.000         0
  -52.117    12.435     0.060     5.000         0
  -52.345    12.483     0.060     5.000         0
  -52.572    12.515     0.060     5.000         0
  -52.801    12.548     0.060     5.000         0
  -53.031    12.580     0.060     5.000         0
  -53.261    12.605     0.060     5.000         0
  -53.491    12.646     0.060     5.000         0
  -53.719    12.664     0.060     5.000         0
  -53.951    12.698     0.060     5.000         0
  -54.179    12.731     0.060     5.000         0
  -54.407    12.781     0.060     5.000         0
  -54.636    12.814     0.060     5.000         0
  -54.865    12.848     0.060     5.000         0
  -55.097    12.878     0.060     5.000         0
  -55.330    12.908     0.060     5.000         0
  -55.562    12.935     0.060     5.000         0
  -55.795    12.962     0.060     5.000         0
  -56.029    13.005     0.060     5.000         0
  -56.261    13.024     0.060     5.000         0
  -56.491    13.054     0.060     5.000         0
  -56.720    13.093     0.060     5.000         0
  -56.949    13.123     0.060     5.000         0
  -57.179    13.138     0.060     5.000         0
  -57.412    13.178     0.060     5.000         0
  -57.644    13.186     0.060     5.000         0
  -57.877    13.209     0.060     5.000         0
  -58.109    13.249     0.060     5.000         0
  -58.343    13.257     0.060     5.000         0
  -58.576    13.288     0.060     5.000         0
  -58.807    13.312     0.060     5.000         0
  -59.039    13.343     0.060     5.000         0
  -59.271    13.375     0.060     5.000         0
  -59.503    13.423     0.060     5.000         0
  -59.736    13.439     0.060     5.000         0
  -59.969    13.471     0.060     5.000         0
  -60.201    13.510     0.060     5.000         0
  -60.433    13.578     0.060     5.000         0
  -60.665    13.629     0.060     5.000         0
  -60.897    13.692     0.060     5.000         0
  -61.131    13.748     0.060     5.000         0
  -61.367    13.780     0.060     5.000         0
  -61.605    13.805     0.060     5.000         0
  -61.844    13.837     0.060     5.000         0
  -62.081    13.885     0.060     5.000         0
  -62.318    13.909     0.060     5.000         0
  -62.554    13.931     0.060     5.000         0
  -62.789    13.960     0.060     5.000         0
  -63.026    14.006     0.060     5.000         0
  -63.266    14.020     0.060     5.000         0
  -63.506    14.050     0.060     5.000         0
  -63.739    14.079     0.060     5.000         0
  -63.965    14.115     0.060     5.000         0
  -64.189    14.124     0.060     5.000         0
  -64.413    14.157     0.060     5.000         0
  -64.636    14.174     0.060     5.000         0
  -64.864    14.191     0.060     5.000         0
  -65.091    14.208     0.060     5.000         0
  -65.315    14.225     0.060     5.000         0
  -65.536    14.225     0.060     5.000         0
  -65.757    14.250     0.060     5.000         0
  -65.984    14.273     0.060     5.000         0
  -66.210    14.303     0.060     5.000         0
  -66.436    14.326     0.060     5.000         0
  -66.664    14.349     0.060     5.000         0
  -66.892    14.356     0.060     5.000         0
  -67.119    14.379     0.060     5.000         0
  -67.347    14.402     0.060     5.000         0
  -67.576    14.425     0.060     5.000         0
  -67.804    14.452     0.060     5.000         0
  -68.030    14.479     0.060     5.000         0
  -68.257    14.494     0.060     5.000         0
  -68.484    14.517     0.060     5.000         0
  -68.712    14.540     0.060     5.000         0
  -68.940    14.571     0.060     5.000         0
  -69.167    14.601     0.060     5.000         0
  -69.391    14.616     0.060     5.000         0
  -69.615    14.634     0.060     5.000         0
  -69.838    14.652     0.060     5.000         0
  -70.062    14.675     0.060     5.000         0
  -70.285    14.697     0.060     5.000         0
  -70.507    14.719     0.060     5.000         0
  -70.729    14.741     0.060     5.000         0
  -70.951    14.771     0.060     5.000         0
  -71.170    14.792     0.060     5.000         0
  -71.389    14.822     0.060     5.000         0
  -71.609    14.867     0.060     5.000         0
  -71.833    14.881     0.060     5.000         0
  -72.055    14.923     0.060     5.000         0
  -72.278    14.956     0.060     5.000         0
  -72.495    14.970     0.060     5.000         0
  -72.714    14.999     0.060     5.000         0
  -72.934    15.044     0.060     5.000         0
  -73.155    15.066     0.060     5.000         0
  -73.372    15.082     0.060     5.000         0
  -73.596    15.107     0.060     5.000         0
  -73.817    15.147     0.060     5.000         0
  -74.038    15.155     0.060     5.000         0
  -74.262    15.180     0.060     5.000         0
  -74.486    15.221     0.060     5.000         0
  -74.709    15.242     0.060     5.000         0
  -74.928    15.254     0.060     5.000         0
  -75.147    15.278     0.060     5.000         0
  -75.367    15.310     0.060     5.000         0
  -75.588    15.333     0.060     5.000         0
  -75.808    15.375     0.060     5.000         0
  -76.029    15.410     0.060     5.000         0
  -76.248    15.424     0.060     5.000         0
  -76.471    15.459     0.060     5.000         0
  -76.692    15.485     0.060     5.000         0
  -76.911    15.516     0.060     5.000         0
  -77.128    15.562     0.060     5.000         0
  -77.346    15.592     0.060     5.000         0
  -77.565    15.606     0.060     5.000         0
  -77.783    15.644     0.060     5.000         0
  -78.001    15.683     0.060     5.000         0
  -78.221    15.713     0.060     5.000         0
  -78.442    15.740     0.060     5.000         0
  -78.662    15.759     0.060     5.000         0
  -78.880    15.797     0.060     5.000         0
  -79.101    15.836     0.060     5.000         0
  -79.325    15.855     0.060     5.000         0
  -79.547    15.890     0.060     5.000         0
  -79.768    15.913     0.060     5.000         0
  -79.990    15.952     0.060     5.000         0
  -80.213    15.987     0.060     5.000         0
  -80.437    16.020     0.060     5.000         0
  -80.661    16.044     0.060     5.000         0
  -80.887    16.069     0.060     5.000         0
  -81.112    16.078     0.060     5.000         0
  -81.334    16.103     0.060     5.000         0
  -81.559    16.135     0.060     5.000         0
  -81.778    16.142     0.060     5.000         0
  -81.999    16.164     0.060     5.000         0
  -82.220    16.174     0.060     5.000         0
  -82.443    16.200     0.060     5.000         0
  -82.664    16.199     0.060     5.000         0
  -82.884    16.213     0.060     5.000         0
  -83.103    16.235     0.060     5.000         0
  -83.320    16.241     0.060     5.000         0
  -83.541    16.271     0.060     5.000         0
  -83.756    16.269     0.060     5.000         0
  -83.975    16.295     0.060     5.000         0
  -84.193    16.297     0.060     5.000         0
  -84.409    16.327     0.060     5.000         0
  -84.626    16.333     0.060     5.000         0
  -84.844    16.349     0.060     5.000         0
  -85.060    16.341     0.060     5.000         0
  -85.276    16.348     0.060     5.000         0
  -85.488    16.356     0.060     5.000         0
  -85.701    16.375     0.060     5.000         0
  -85.913    16.371     0.060     5.000         0
  -86.126    16.390     0.060     5.000         0
  -86.338    16.394     0.060     5.000         0
    0.000     0.000     0.000        -1
