    0.000     1.000     0.000         0
    4.476     5.615     0.060     1.000         0
    4.260     5.498     0.060     1.000         0
    4.040     5.387     0.060     1.000         0
    3.823     5.253     0.060     1.000         0
    3.606     5.144     0.060     1.000         0
    3.389     5.051     0.060     1.000         0
    3.169     4.980     0.060     1.000         0
    2.939     4.882     0.060     1.000         0
    2.704     4.789     0.060     1.000         0
    2.472     4.697     0.060     1.000         0
    2.242     4.618     0.060     1.000         0
    2.014     4.540     0.060     1.000         0
    1.785     4.465     0.060     1.000         0
    1.551     4.389     0.060     1.000         0
    1.317     4.325     0.060     1.000         0
    1.083     4.278     0.060     1.000         0
    0.848     4.239     0.060     1.000         0
    0.615     4.209     0.060     1.000         0
    0.382     4.178     0.060     1.000         0
    0.152     4.163     0.060     1.000         0
   30.511     9.665     0.060     5.000         0
   30.287     9.639     0.060     5.000         0
   30.060     9.605     0.060     5.000         0
   29.833     9.555     0.060     5.000         0
   29.605     9.520     0.060     5.000         0
   29.377     9.486     0.060     5.000         0
   29.148     9.459     0.060     5.000         0
   28.916     9.416     0.060     5.000         0
   28.690     9.398     0.060     5.000         0
   28.461     9.364     0.060     5.000         0
   28.231     9.329     0.060     5.000         0
   28.000     9.278     0.060     5.000         0
   27.766     9.251     0.060     5.000         0
   27.534     9.220     0.060     5.000         0
   27.301     9.197     0.060     5.000         0
   27.066     9.190     0.060     5.000         0
   26.831     9.166     0.060     5.000         0
   26.593     9.127     0.060     5.000         0
   26.362     9.120     0.060     5.000         0
   26.128     9.089     0.060     5.000         0
   25.896     9.058     0.060     5.000         0
   25.664     9.019     0.060     5.000         0
   25.431     8.964     0.060     5.000         0
   25.197     8.925     0.060     5.000         0
   24.963     8.893     0.060     5.000         0
   24.729     8.854     0.060     5.000         0
   24.495     8.823     0.060     5.000         0
   24.262     8.783     0.060     5.000         0
   24.032     8.728     0.060     5.000         0
   23.800     8.689     0.060     5.000         0
   23.566     8.666     0.060     5.000         0
   23.334     8.619     0.060     5.000         0
   23.104     8.583     0.060     5.000         0
   22.868     8.538     0.060     5.000         0
   22.633     8.493     0.060     5.000         0
   22.397     8.448     0.060     5.000         0
   22.160     8.387     0.060     5.000         0
   21.924     8.350     0.060     5.000         0
   21.690     8.322     0.060     5.000         0
   21.453     8.273     0.060     5.000         0
   21.215     8.232     0.060     5.000         0
   20.979     8.196     0.060     5.000         0
   20.739     8.158     0.060     5.000         0
   20.503     8.122     0.060     5.000         0
   20.270     8.094     0.060     5.000         0
   20.036     8.071     0.060     5.000         0
   19.802     8.052     0.060     5.000         0
   19.569     8.033     0.060     5.000         0
   19.335     8.002     0.060     5.000         0
   19.102     7.987     0.060     5.000         0
   18.869     7.948     0.060     5.000         0
   18.635     7.941     0.060     5.000         0
   18.402     7.910     0.060     5.000         0
   18.168     7.865     0.060     5.000         0
   17.935     7.843     0.060     5.000         0
   17.698     7.805     0.060     5.000         0
   17.463     7.768     0.060     5.000         0
   17.227     7.726     0.060     5.000         0
   16.994     7.685     0.060     5.000         0
   16.764     7.648     0.060     5.000         0
   16.530     7.610     0.060     5.000         0
   16.299     7.556     0.060     5.000         0
   16.070     7.530     0.060     5.000         0
   15.837     7.488     0.060     5.000         0
   15.604     7.429     0.060     5.000         0
   15.371     7.387     0.060     5.000         0
   15.139     7.353     0.060     5.000         0
   14.905     7.316     0.060     5.000         0
   14.675     7.287     0.060     5.000         0
   14.442     7.274     0.060     5.000         0
   14.208     7.244     0.060     5.000         0
   13.977     7.216     0.060     5.000         0
   13.751     7.179     0.060     5.000         0
   13.527     7.176     0.060     5.000         0
   13.304     7.164     0.060     5.000         0
   13.084     7.153     0.060     5.000         0
   12.864     7.137     0.060     5.000         0
   12.642     7.114     0.060     5.000         0
   12.419     7.118     0.060     5.000         0
   12.194     7.098     0.060     5.000         0
   11.970     7.072     0.060     5.000         0
   11.750     7.038     0.060     5.000         0
   11.529     7.000     0.060     5.000         0
   11.306     6.970     0.060     5.000         0
   11.082     6.935     0.060     5.000         0
   10.859     6.901     0.060     5.000         0
   10.638     6.867     0.060     5.000         0
   10.415     6.816     0.060     5.000         0
   10.191     6.786     0.060     5.000         0
    9.969     6.748     0.060     5.000         0
    9.747     6.721     0.060     5.000         0
    9.525     6.667     0.060     5.000         0
    9.302     6.637     0.060     5.000         0
    9.080     6.591     0.060     5.000         0
    8.858     6.545     0.060     5.000         0
    8.638     6.492     0.060     5.000         0
    8.416     6.446     0.060     5.000         0
    8.194     6.396     0.060     5.000         0
    7.974     6.346     0.060     5.000         0
    7.755     6.309     0.060     5.000         0
    7.536     6.283     0.060     5.000         0
    7.319     6.240     0.060     5.000         0
    7.100     6.198     0.060     5.000         0
    6.881     6.167     0.060     5.000         0
    6.662     6.145     0.060     5.000         0
    6.442     6.098     0.060     5.000         0
    6.223     6.068     0.060     5.000         0
    6.004     6.014     0.060     5.000         0
    5.785     5.944     0.060     5.000         0
    5.567     5.887     0.060     5.000         0
    5.349     5.838     0.060     5.000         0
    0.000    -1.000     0.000         0
   -0.094     4.151     0.060     1.000         0
   -0.322     4.168     0.060     1.000         0
   -0.555     4.190     0.060     1.000         0
   -0.789     4.216     0.060     1.000         0
   -1.020     4.261     0.060     1.000         0
   -1.256     4.314     0.060     1.000         0
   -1.489     4.344     0.060     1.000         0
   -1.722     4.397     0.060     1.000         0
   -1.955     4.469     0.060     1.000         0
   -2.189     4.542     0.060     1.000         0
   -2.421     4.626     0.060     1.000         0
   -2.654     4.709     0.060     1.000         0
   -2.887     4.800     0.060     1.000         0
   -3.118     4.898     0.060     1.000         0
   -3.350     4.934     0.060     5.000         0
   -3.579     4.964     0.060     5.000         0
   -3.807     5.002     0.060     5.000         0
   -4.036     5.048     0.060     5.000         0
   -4.266     5.087     0.060     5.000         0
   -4.496     5.138     0.060     5.000         0
   -4.726     5.169     0.060     5.000         0
   -4.956     5.220     0.060     5.000         0
   -5.188     5.272     0.060     5.000         0
   -5.418     5.316     0.060     5.000         0
   -5.650     5.361     0.060     5.000         0
   -5.882     5.405     0.060     5.000         0
   -6.112     5.445     0.060     5.000         0
   -6.343     5.493     0.060     5.000         0
   -6.573     5.529     0.060     5.000         0
   -6.801     5.601     0.060     5.000         0
   -7.030     5.657     0.060     5.000         0
   -7.259     5.725     0.060     5.000         0
   -7.489     5.777     0.060     5.000         0
   -7.719     5.854     0.060     5.000         0
   -7.947     5.914     0.060     5.000         0
   -8.177     5.993     0.060     5.000         0
   -8.409     6.066     0.060     5.000         0
   -8.641     6.138     0.060     5.000         0
   -8.873     6.210     0.060     5.000         0
   -9.111     6.284     0.060     5.000         0
   -9.347     6.358     0.060     5.000         0
   -9.583     6.431     0.060     5.000         0
   -9.816     6.496     0.060     5.000         0
  -10.045     6.561     0.060     5.000         0
  -10.274     6.610     0.060     5.000         0
  -10.507     6.637     0.060     5.000         0
  -10.738     6.663     0.060     5.000         0
  -10.969     6.694     0.060     5.000         0
  -11.200     6.733     0.060     5.000         0
  -11.430     6.772     0.060     5.000         0
  -11.662     6.820     0.060     5.000         0
  -11.895     6.883     0.060     5.000         0
  -12.123     6.930     0.060     5.000         0
  -12.355     6.962     0.060     5.000         0
  -12.588     7.026     0.060     5.000         0
  -12.819     7.073     0.060     5.000         0
  -13.050     7.113     0.060     5.000         0
  -13.283     7.164     0.060     5.000         0
  -13.516     7.192     0.060     5.000         0
  -13.748     7.243     0.060     5.000         0
  -13.982     7.286     0.060     5.000         0
  -14.214     7.338     0.060     5.000         0
  -14.445     7.373     0.060     5.000         0
  -14.675     7.417     0.060     5.000         0
  -14.904     7.450     0.060     5.000         0
  -15.131     7.490     0.060     5.000         0
  -15.358     7.526     0.060     5.000         0
  -15.586     7.566     0.060     5.000         0
  -15.814     7.623     0.060     5.000         0
  -16.043     7.663     0.060     5.000         0
  -16.268     7.703     0.060     5.000         0
  -16.500     7.736     0.060     5.000         0
  -16.728     7.787     0.060     5.000         0
  -16.957     7.830     0.060     5.000         0
  -17.186     7.864     0.060     5.000         0
  -17.412     7.888     0.060     5.000         0
  -17.644     7.897     0.060     5.000         0
  -17.871     7.909     0.060     5.000         0
  -18.098     7.929     0.060     5.000         0
  -18.324     7.950     0.060     5.000         0
  -18.549     7.979     0.060     5.000         0
  -18.775     8.008     0.060     5.000         0
  -18.999     8.037     0.060     5.000         0
  -19.222     8.066     0.060     5.000         0
  -19.447     8.095     0.060     5.000         0
  -19.672     8.133     0.060     5.000         0
  -19.900     8.156     0.060     5.000         0
  -20.130     8.188     0.060     5.000         0
  -20.361     8.224     0.060     5.000         0
  -20.592     8.260     0.060     5.000         0
  -20.825     8.296     0.060     5.000         0
  -21.058     8.332     0.060     5.000         0
  -21.292     8.356     0.060     5.000         0
  -21.524     8.379     0.060     5.000         0
  -21.757     8.386     0.060     5.000         0
  -21.987     8.401     0.060     5.000         0
  -22.223     8.435     0.060     5.000         0
  -22.457     8.462     0.060     5.000         0
  -22.692     8.472     0.060     5.000         0
  -22.927     8.503     0.060     5.000         0
  -23.158     8.533     0.060     5.000         0
  -23.391     8.578     0.060     5.000         0
  -23.623     8.607     0.060     5.000         0
  -23.854     8.636     0.060     5.000         0
  -24.083     8.689     0.060     5.000         0
  -24.313     8.710     0.060     5.000         0
  -24.547     8.763     0.060     5.000         0
  -24.778     8.792     0.060     5.000         0
  -25.010     8.827     0.060     5.000         0
  -25.246     8.887     0.060     5.000         0
  -25.481     8.931     0.060     5.000         0
  -25.712     8.974     0.060     5.000         0
  -25.947     9.018     0.060     5.000         0
  -26.174     9.060     0.060     5.000         0
  -26.411     9.096     0.060     5.000         0
  -26.649     9.137     0.060     5.000         0
  -26.883     9.173     0.060     5.000         0
  -27.122     9.206     0.060     5.000         0
  -27.356     9.231     0.060     5.000         0
  -27.592     9.277     0.060     5.000         0
  -27.828     9.299     0.060     5.000         0
  -28.067     9.345     0.060     5.000         0
  -28.304     9.375     0.060     5.000         0
  -28.539     9.397     0.060     5.000         0
  -28.768     9.415     0.060     5.000         0
  -28.996     9.432     0.060     5.000         0
  -29.223     9.461     0.060     5.000         0
  -29.447     9.492     0.060     5.000         0
  -29.675     9.547     0.060     5.000         0
  -29.899     9.586     0.060     5.000         0
  -30.124     9.617     0.060     5.000         0
  -30.348     9.651     0.060     5.000         0
  -30.572     9.678     0.060     5.000         0
  -30.797     9.693     0.060     5.000         0
  -31.022     9.727     0.060     5.000         0
  -31.248     9.750     0.060     5.000         0
  -31.474     9.772     0.060     5.000         0
  -31.699     9.801     0.060     5.000         0
  -31.924     9.831     0.060     5.000         0
  -32.150     9.877     0.060     5.000         0
  -32.377     9.898     0.060     5.000         0
  -32.603     9.930     0.060     5.000         0
  -32.828     9.949     0.060     5.000         0
  -33.055     9.969     0.060     5.000         0
  -33.280     9.994     0.060     5.000         0
  -33.504    10.004     0.060     5.000         0
  -33.726     9.998     0.060     5.000         0
  -33.954     9.997     0.060     5.000         0
  -34.179     9.992     0.060     5.000         0
  -34.406     9.998     0.060     5.000         0
  -34.632    10.005     0.060     5.000         0
  -34.858     9.995     0.060     5.000         0
  -35.083    10.022     0.060     5.000         0
  -35.308    10.032     0.060     5.000         0
  -35.535    10.055     0.060     5.000         0
  -35.763    10.078     0.060     5.000         0
  -35.991    10.109     0.060     5.000         0
  -36.217    10.136     0.060     5.000         0
  -36.445    10.171     0.060     5.000         0
  -36.674    10.207     0.060     5.000         0
  -36.904    10.243     0.060     5.000         0
  -37.135    10.287     0.060     5.000         0
  -37.365    10.327     0.060     5.000         0
  -37.594    10.359     0.060     5.000         0
  -37.826    10.397     0.060     5.000         0
  -38.055    10.427     0.060     5.000         0
  -38.286    10.441     0.060     5.000         0
  -38.519    10.471     0.060     5.000         0
  -38.749    10.513     0.060     5.000         0
  -38.978    10.539     0.060     5.000         0
  -39.209    10.562     0.060     5.000         0
  -39.437    10.594     0.060     5.000         0
  -39.675    10.642     0.060     5.000         0
  -39.909    10.674     0.060     5.000         0
  -40.143    10.699     0.060     5.000         0
  -40.381    10.739     0.060     5.000         0
  -40.613    10.767     0.060     5.000         0
  -40.849    10.795     0.060     5.000         0
  -41.084    10.820     0.060     5.000         0
  -41.316    10.859     0.060     5.000         0
  -41.543    10.895     0.060     5.000         0
  -41.774    10.920     0.060     5.000         0
  -42.001    10.960     0.060     5.000         0
  -42.229    10.992     0.060     5.000         0
  -42.456    11.028     0.060     5.000         0
  -42.685    11.052     0.060     5.000         0
  -42.915    11.092     0.060     5.000         0
  -43.145    11.124     0.060     5.000         0
  -43.375    11.149     0.060     5.000         0
  -43.603    11.181     0.060     5.000         0
  -43.835    11.217     0.060     5.000         0
  -44.063    11.249     0.060     5.000         0
  -44.291    11.280     0.060     5.000         0
  -44.520    11.324     0.060     5.000         0
  -44.749    11.360     0.060     5.000         0
  -44.980    11.393     0.060     5.000         0
  -45.214    11.451     0.060     5.000         0
  -45.446    11.493     0.060     5.000         0
  -45.679    11.531     0.060     5.000         0
  -45.913    11.569     0.060     5.000         0
  -46.145    11.585     0.060     5.000         0
  -46.375    11.617     0.060     5.000         0
  -46.604    11.648     0.060     5.000         0
  -46.833    11.656     0.060     5.000         0
  -47.063    11.680     0.060     5.000         0
  -47.296    11.704     0.060     5.000         0
  -47.528    11.735     0.060     5.000         0
  -47.761    11.771     0.060     5.000         0
  -47.993    11.787     0.060     5.000         0
  -48.227    11.819     0.060     5.000         0
  -48.459    11.850     0.060     5.000         0
  -48.691    11.874     0.060     5.000         0
  -48.923    11.908     0.060     5.000         0
  -49.155    11.943     0.060     5.000         0
  -49.387    11.981     0.060     5.000         0
  -49.620    12.032     0.060     5.000         0
  -49.853    12.058     0.060     5.000         0
  -50.085    12.105     0.060     5.000         0
  -50.316    12.147     0.060     5.000         0
  -50.549    12.213     0.060     5.000         0
  -50.781    12.247     0.060     5.000         0
  -51.015    12.298     0.060     5.000         0
  -51.251    12.357     0.060     5.000         0
  -51.489    12.393     0.060     5.000         0
  -51.728    12.413     0.060     5.000         0
  -51.965    12.453     0.060     5.000         0
  -52.201    12.472     0.060     5.000         0
  -52.438    12.498     0.060     5.000         0
  -52.673    12.524     0.060     5.000         0
  -61.273    13.478     0.060     5.000         0
  -61.493    13.503     0.060     5.000         0
  -61.717    13.528     0.060     5.000         0
  -61.939    13.552     0.060     5.000         0
  -62.162    13.593     0.060     5.000         0
  -62.379    13.617     0.060     5.000         0
  -62.598    13.633     0.060     5.000         0
  -62.818    13.664     0.060     5.000         0
  -63.038    13.686     0.060     5.000         0
  -63.256    13.693     0.060     5.000         0
  -63.480    13.715     0.060     5.000         0
  -63.701    13.754     0.060     5.000         0
  -63.922    13.764     0.060     5.000         0
  -64.146    13.791     0.060     5.000         0
  -64.370    13.810     0.060     5.000         0
  -64.593    13.836     0.060     5.000         0
  -64.812    13.877     0.060     5.000         0
  -65.031    13.887     0.060     5.000         0
  -65.251    13.913     0.060     5.000         0
  -65.471    13.938     0.060     5.000         0
  -65.692    13.980     0.060     5.000         0
  -65.913    13.998     0.060     5.000         0
  -66.132    14.036     0.060     5.000         0
  -66.354    14.067     0.060     5.000         0
  -66.576    14.086     0.060     5.000         0
  -66.794    14.120     0.060     5.000         0
  -67.012    14.143     0.060     5.000         0
  -67.230    14.173     0.060     5.000         0
  -67.449    14.211     0.060     5.000         0
  -67.667    14.236     0.060     5.000         0
  -67.884    14.276     0.060     5.000         0
  -68.105    14.304     0.060     5.000         0
  -68.326    14.333     0.060     5.000         0
  -68.545    14.382     0.060     5.000         0
  -68.764    14.414     0.060     5.000         0
  -68.985    14.439     0.060     5.000         0
  -69.209    14.466     0.060     5.000         0
  -69.430    14.517     0.060     5.000         0
  -69.652    14.539     0.060     5.000         0
  -69.874    14.582     0.060     5.000         0
  -70.097    14.621     0.060     5.000         0
  -70.321    14.656     0.060     5.000         0
  -70.545    14.691     0.060     5.000         0
  -70.771    14.727     0.060     5.000         0
  -70.996    14.754     0.060     5.000         0
  -71.218    14.775     0.060     5.000         0
  -71.443    14.788     0.060     5.000         0
  -71.662    14.808     0.060     5.000         0
  -71.883    14.833     0.060     5.000         0
  -72.104    14.865     0.060     5.000         0
  -72.326    14.878     0.060     5.000         0
  -72.548    14.898     0.060     5.000         0
    0.000     0.000     0.000        -1
