    0.000     1.000     0.000         0
    4.003     5.094     0.060     1.000         0
    3.767     4.982     0.060     1.000         0
    3.532     4.871     0.060     1.000         0
    3.300     4.781     0.060     1.000         0
    3.073     4.669     0.060     1.000         0
    2.842     4.564     0.060     1.000         0
    2.615     4.466     0.060     1.000         0
    2.387     4.375     0.060     1.000         0
    2.160     4.285     0.060     1.000         0
    1.931     4.202     0.060     1.000         0
    1.701     4.144     0.060     1.000         0
    1.471     4.110     0.060     1.000         0
    1.241     4.057     0.060     1.000         0
    1.013     3.999     0.060     1.000         0
    0.781     3.953     0.060     1.000         0
    0.553     3.927     0.060     1.000         0
    0.325     3.897     0.060     1.000         0
    0.096     3.876     0.060     1.000         0
   57.258    13.201     0.060     5.000         0
   57.036    13.166     0.060     5.000         0
   56.811    13.155     0.060     5.000         0
   56.587    13.128     0.060     5.000         0
   56.367    13.086     0.060     5.000         0
   56.146    13.060     0.060     5.000         0
   55.923    13.049     0.060     5.000         0
   55.699    13.014     0.060     5.000         0
   55.475    12.996     0.060     5.000         0
   55.255    12.978     0.060     5.000         0
   55.032    12.964     0.060     5.000         0
   54.808    12.949     0.060     5.000         0
   54.585    12.935     0.060     5.000         0
   54.364    12.937     0.060     5.000         0
   54.142    12.923     0.060     5.000         0
   53.919    12.905     0.060     5.000         0
   53.697    12.879     0.060     5.000         0
   53.475    12.873     0.060     5.000         0
   53.254    12.848     0.060     5.000         0
   53.033    12.831     0.060     5.000         0
   52.811    12.789     0.060     5.000         0
   52.591    12.764     0.060     5.000         0
   52.372    12.740     0.060     5.000         0
   52.153    12.715     0.060     5.000         0
   51.936    12.690     0.060     5.000         0
   51.717    12.665     0.060     5.000         0
   51.498    12.657     0.060     5.000         0
   51.279    12.624     0.060     5.000         0
   51.059    12.605     0.060     5.000         0
   50.840    12.579     0.060     5.000         0
   50.621    12.536     0.060     5.000         0
   50.402    12.514     0.060     5.000         0
   50.184    12.499     0.060     5.000         0
   49.966    12.473     0.060     5.000         0
   49.746    12.442     0.060     5.000         0
   49.528    12.416     0.060     5.000         0
   49.311    12.377     0.060     5.000         0
   49.093    12.359     0.060     5.000         0
   48.877    12.335     0.060     5.000         0
   48.657    12.294     0.060     5.000         0
   48.439    12.266     0.060     5.000         0
   48.223    12.254     0.060     5.000         0
   48.006    12.222     0.060     5.000         0
   47.786    12.197     0.060     5.000         0
   47.556    12.155     0.060     5.000         0
   47.320    12.129     0.060     5.000         0
   47.089    12.075     0.060     5.000         0
   46.859    12.033     0.060     5.000         0
   46.631    11.992     0.060     5.000         0
   46.402    11.938     0.060     5.000         0
   46.168    11.908     0.060     5.000         0
   45.933    11.861     0.060     5.000         0
   45.699    11.807     0.060     5.000         0
   45.464    11.763     0.060     5.000         0
   45.231    11.720     0.060     5.000         0
   44.997    11.692     0.060     5.000         0
   44.764    11.657     0.060     5.000         0
   44.531    11.601     0.060     5.000         0
   44.296    11.562     0.060     5.000         0
   44.063    11.522     0.060     5.000         0
   43.828    11.482     0.060     5.000         0
   43.597    11.451     0.060     5.000         0
   43.361    11.405     0.060     5.000         0
   43.128    11.351     0.060     5.000         0
   42.895    11.327     0.060     5.000         0
   42.662    11.295     0.060     5.000         0
   42.428    11.248     0.060     5.000         0
   42.195    11.216     0.060     5.000         0
   41.963    11.184     0.060     5.000         0
   41.730    11.161     0.060     5.000         0
   41.499    11.135     0.060     5.000         0
   41.267    11.084     0.060     5.000         0
   41.038    11.066     0.060     5.000         0
   40.810    11.032     0.060     5.000         0
   40.581    10.999     0.060     5.000         0
   40.351    10.956     0.060     5.000         0
   40.121    10.942     0.060     5.000         0
   39.891    10.916     0.060     5.000         0
   39.661    10.881     0.060     5.000         0
   39.429    10.859     0.060     5.000         0
   39.199    10.844     0.060     5.000         0
   38.967    10.831     0.060     5.000         0
   38.735    10.838     0.060     5.000         0
   38.505    10.836     0.060     5.000         0
   38.275    10.819     0.060     5.000         0
   38.045    10.810     0.060     5.000         0
   37.817    10.812     0.060     5.000         0
   37.588    10.827     0.060     5.000         0
   37.359    10.849     0.060     5.000         0
   37.129    10.880     0.060     5.000         0
   36.899    10.883     0.060     5.000         0
   36.671    10.903     0.060     5.000         0
   36.441    10.903     0.060     5.000         0
   36.210    10.877     0.060     5.000         0
   35.977    10.835     0.060     5.000         0
   35.745    10.805     0.060     5.000         0
   35.507    10.775     0.060     5.000         0
   35.271    10.745     0.060     5.000         0
   35.035    10.715     0.060     5.000         0
   34.802    10.689     0.060     5.000         0
   34.573    10.667     0.060     5.000         0
   34.343    10.634     0.060     5.000         0
   34.111    10.591     0.060     5.000         0
   33.879    10.561     0.060     5.000         0
   33.648    10.538     0.060     5.000         0
   33.417    10.500     0.060     5.000         0
   33.187    10.469     0.060     5.000         0
   32.956    10.435     0.060     5.000         0
   32.723    10.400     0.060     5.000         0
   32.495    10.358     0.060     5.000         0
   32.263    10.331     0.060     5.000         0
   32.029    10.303     0.060     5.000         0
   31.798    10.271     0.060     5.000         0
   31.568    10.224     0.060     5.000         0
   31.335    10.200     0.060     5.000         0
   31.102    10.160     0.060     5.000         0
   30.870    10.112     0.060     5.000         0
   30.637    10.064     0.060     5.000         0
   30.405    10.007     0.060     5.000         0
   30.174     9.972     0.060     5.000         0
   29.944     9.917     0.060     5.000         0
   29.715     9.887     0.060     5.000         0
   29.488     9.828     0.060     5.000         0
   29.261     9.794     0.060     5.000         0
   29.033     9.750     0.060     5.000         0
   28.805     9.710     0.060     5.000         0
   28.576     9.666     0.060     5.000         0
   28.352     9.643     0.060     5.000         0
   28.120     9.594     0.060     5.000         0
   27.892     9.563     0.060     5.000         0
   27.662     9.524     0.060     5.000         0
   27.433     9.486     0.060     5.000         0
   27.207     9.448     0.060     5.000         0
   26.975     9.408     0.060     5.000         0
   26.748     9.370     0.060     5.000         0
   26.522     9.324     0.060     5.000         0
   26.296     9.266     0.060     5.000         0
   26.070     9.232     0.060     5.000         0
   25.845     9.167     0.060     5.000         0
   25.620     9.118     0.060     5.000         0
   25.397     9.069     0.060     5.000         0
   25.172     9.027     0.060     5.000         0
   24.947     8.977     0.060     5.000         0
   24.720     8.934     0.060     5.000         0
   24.490     8.895     0.060     5.000         0
   24.258     8.863     0.060     5.000         0
   24.027     8.819     0.060     5.000         0
   23.795     8.760     0.060     5.000         0
   23.561     8.723     0.060     5.000         0
   23.328     8.702     0.060     5.000         0
   23.096     8.673     0.060     5.000         0
   22.863     8.644     0.060     5.000         0
   22.634     8.616     0.060     5.000         0
   22.398     8.574     0.060     5.000         0
   22.163     8.549     0.060     5.000         0
   21.929     8.510     0.060     5.000         0
   21.693     8.495     0.060     5.000         0
   21.463     8.460     0.060     5.000         0
   21.230     8.426     0.060     5.000         0
   20.997     8.385     0.060     5.000         0
   20.766     8.321     0.060     5.000         0
   20.537     8.274     0.060     5.000         0
   20.307     8.242     0.060     5.000         0
   20.073     8.185     0.060     5.000         0
   19.842     8.142     0.060     5.000         0
   19.611     8.107     0.060     5.000         0
   19.375     8.087     0.060     5.000         0
   19.140     8.039     0.060     5.000         0
   18.909     8.008     0.060     5.000         0
   18.674     7.968     0.060     5.000         0
   18.448     7.923     0.060     5.000         0
   18.210     7.859     0.060     5.000         0
   17.973     7.819     0.060     5.000         0
   17.739     7.772     0.060     5.000         0
   17.500     7.738     0.060     5.000         0
   17.266     7.689     0.060     5.000         0
   17.030     7.652     0.060     5.000         0
   16.793     7.615     0.060     5.000         0
   16.555     7.585     0.060     5.000         0
   16.318     7.549     0.060     5.000         0
   16.083     7.522     0.060     5.000         0
   15.853     7.507     0.060     5.000         0
   15.625     7.476     0.060     5.000         0
   15.397     7.413     0.060     5.000         0
   15.172     7.376     0.060     5.000         0
   14.944     7.314     0.060     5.000         0
   14.720     7.262     0.060     5.000         0
   14.494     7.185     0.060     5.000         0
   14.270     7.126     0.060     5.000         0
   14.046     7.074     0.060     5.000         0
   13.821     7.012     0.060     5.000         0
   13.596     6.927     0.060     5.000         0
   13.369     6.872     0.060     5.000         0
   13.143     6.794     0.060     5.000         0
   12.918     6.730     0.060     5.000         0
   12.692     6.674     0.060     5.000         0
   12.466     6.629     0.060     5.000         0
   12.240     6.572     0.060     5.000         0
   12.013     6.520     0.060     5.000         0
   11.788     6.459     0.060     5.000         0
   11.561     6.398     0.060     5.000         0
   11.336     6.356     0.060     5.000         0
   11.112     6.307     0.060     5.000         0
   10.890     6.245     0.060     5.000         0
   10.662     6.199     0.060     5.000         0
   10.437     6.145     0.060     5.000         0
   10.211     6.102     0.060     5.000         0
    9.984     6.048     0.060     5.000         0
    9.758     6.017     0.060     5.000         0
    9.533     5.994     0.060     5.000         0
    9.308     5.971     0.060     5.000         0
    9.081     5.948     0.060     5.000         0
    8.853     5.925     0.060     5.000         0
    8.625     5.910     0.060     5.000         0
    8.399     5.889     0.060     5.000         0
    8.171     5.852     0.060     5.000         0
    7.942     5.828     0.060     5.000         0
    7.712     5.802     0.060     5.000         0
    7.481     5.785     0.060     5.000         0
    7.251     5.768     0.060     5.000         0
    7.022     5.735     0.060     5.000         0
    6.790     5.688     0.060     5.000         0
    6.561     5.657     0.060     5.000         0
    6.330     5.614     0.060     5.000         0
    6.097     5.562     0.060     5.000         0
    5.867     5.523     0.060     5.000         0
    5.638     5.472     0.060     5.000         0
    5.407     5.421     0.060     5.000         0
    5.179     5.371     0.060     5.000         0
    4.941     5.326     0.060     5.000         0
    4.707     5.278     0.060     5.000         0
    4.473     5.227     0.060     5.000         0
    4.235     5.182     0.060     5.000         0
    0.000    -1.000     0.000         0
   -0.132     3.877     0.060     1.000         0
   -0.364     3.903     0.060     1.000         0
   -0.597     3.933     0.060     1.000         0
   -0.829     3.963     0.060     1.000         0
   -1.062     4.001     0.060     1.000         0
   -1.296     4.059     0.060     1.000         0
   -1.528     4.125     0.060     1.000         0
   -1.758     4.190     0.060     1.000         0
   -1.987     4.263     0.060     1.000         0
   -2.216     4.360     0.060     1.000         0
   -2.446     4.451     0.060     1.000         0
   -2.679     4.542     0.060     1.000         0
   -2.911     4.617     0.060     1.000         0
   -3.144     4.717     0.060     1.000         0
   -3.376     4.823     0.060     1.000         0
   -3.610     4.907     0.060     1.000         0
   -3.842     5.021     0.060     1.000         0
   -4.074     5.112     0.060     1.000         0
   -4.306     5.200     0.060     2.000         0
   -4.538     5.244     0.060     2.000         0
   -4.770     5.312     0.060     2.000         0
   -5.003     5.365     0.060     2.000         0
   -5.236     5.417     0.060     2.000         0
   -5.468     5.453     0.060     2.000         0
   -5.699     5.509     0.060     2.000         0
   -5.932     5.565     0.060     2.000         0
   -6.164     5.636     0.060     2.000         0
   -6.398     5.683     0.060     2.000         0
   -6.634     5.763     0.060     2.000         0
   -6.872     5.827     0.060     2.000         0
   -7.111     5.875     0.060     2.000         0
   -7.348     5.939     0.060     2.000         0
   -7.585     6.003     0.060     2.000         0
   -7.821     6.074     0.060     2.000         0
   -8.056     6.147     0.060     2.000         0
   -8.293     6.201     0.060     2.000         0
   -8.533     6.279     0.060     2.000         0
   -8.773     6.345     0.060     2.000         0
   -9.006     6.402     0.060     2.000         0
   -9.232     6.445     0.060     2.000         0
   -9.456     6.480     0.060     2.000         0
   -9.680     6.499     0.060     2.000         0
   -9.903     6.534     0.060     2.000         0
  -10.131     6.570     0.060     2.000         0
  -10.358     6.613     0.060     2.000         0
  -10.582     6.640     0.060     2.000         0
  -10.803     6.674     0.060     2.000         0
  -11.024     6.708     0.060     2.000         0
  -11.251     6.751     0.060     2.000         0
  -11.477     6.780     0.060     2.000         0
  -11.702     6.833     0.060     2.000         0
  -11.931     6.871     0.060     2.000         0
  -12.159     6.892     0.060     2.000         0
  -12.386     6.945     0.060     2.000         0
  -12.614     6.983     0.060     2.000         0
  -12.843     7.008     0.060     2.000         0
  -13.071     7.050     0.060     2.000         0
  -13.297     7.083     0.060     2.000         0
  -13.524     7.108     0.060     2.000         0
  -13.751     7.121     0.060     2.000         0
  -13.979     7.142     0.060     2.000         0
  -14.207     7.167     0.060     2.000         0
  -14.434     7.192     0.060     2.000         0
  -14.658     7.224     0.060     2.000         0
  -14.882     7.253     0.060     2.000         0
  -15.105     7.282     0.060     2.000         0
  -15.329     7.314     0.060     2.000         0
  -15.552     7.347     0.060     2.000         0
  -15.774     7.379     0.060     2.000         0
  -15.996     7.411     0.060     2.000         0
  -16.218     7.444     0.060     2.000         0
  -16.437     7.476     0.060     2.000         0
  -16.656     7.523     0.060     2.000         0
  -16.876     7.539     0.060     2.000         0
  -17.100     7.588     0.060     2.000         0
  -17.322     7.612     0.060     2.000         0
  -17.545     7.646     0.060     2.000         0
  -17.762     7.687     0.060     2.000         0
  -17.981     7.737     0.060     2.000         0
  -18.201     7.786     0.060     2.000         0
  -18.422     7.828     0.060     2.000         0
  -18.639     7.868     0.060     2.000         0
  -18.863     7.911     0.060     2.000         0
  -19.084     7.952     0.060     2.000         0
  -19.306     7.986     0.060     2.000         0
  -19.529     8.012     0.060     2.000         0
  -19.754     8.047     0.060     2.000         0
  -19.976     8.082     0.060     2.000         0
  -20.196     8.116     0.060     2.000         0
  -20.414     8.149     0.060     2.000         0
  -20.634     8.191     0.060     2.000         0
  -20.855     8.241     0.060     2.000         0
  -21.076     8.275     0.060     2.000         0
  -21.296     8.325     0.060     2.000         0
  -21.515     8.350     0.060     2.000         0
  -21.738     8.392     0.060     2.000         0
  -21.959     8.434     0.060     2.000         0
  -22.178     8.492     0.060     2.000         0
  -22.395     8.529     0.060     2.000         0
  -22.613     8.558     0.060     2.000         0
  -22.832     8.607     0.060     2.000         0
  -23.050     8.639     0.060     2.000         0
  -23.268     8.682     0.060     2.000         0
  -23.488     8.730     0.060     2.000         0
  -23.709     8.758     0.060     2.000         0
  -23.929     8.809     0.060     2.000         0
  -24.147     8.837     0.060     2.000         0
  -24.368     8.889     0.060     2.000         0
  -24.592     8.921     0.060     2.000         0
  -24.814     8.965     0.060     2.000         0
  -25.035     9.008     0.060     2.000         0
  -25.257     9.028     0.060     2.000         0
  -25.481     9.064     0.060     2.000         0
  -25.705     9.116     0.060     2.000         0
  -25.928     9.148     0.060     2.000         0
  -26.154     9.188     0.060     2.000         0
  -26.379     9.224     0.060     2.000         0
  -26.601     9.247     0.060     2.000         0
  -26.826     9.295     0.060     2.000         0
  -27.045     9.322     0.060     2.000         0
  -27.266     9.353     0.060     2.000         0
  -27.487     9.376     0.060     2.000         0
  -27.710     9.399     0.060     2.000         0
  -27.931     9.422     0.060     2.000         0
  -28.152     9.437     0.060     2.000         0
  -28.370     9.457     0.060     2.000         0
  -28.587     9.493     0.060     2.000         0
  -28.808     9.500     0.060     2.000         0
  -29.023     9.532     0.060     2.000         0
  -29.242     9.548     0.060     2.000         0
  -29.460     9.587     0.060     2.000         0
  -29.677     9.611     0.060     2.000         0
  -29.893     9.634     0.060     2.000         0
  -30.111     9.642     0.060     2.000         0
  -30.327     9.665     0.060     2.000         0
  -30.543     9.697     0.060     2.000         0
  -30.756     9.734     0.060     2.000         0
  -30.968     9.763     0.060     2.000         0
  -31.180     9.776     0.060     2.000         0
  -31.393     9.822     0.060     2.000         0
  -31.606     9.835     0.060     2.000         0
  -31.818     9.880     0.060     2.000         0
  -32.029     9.893     0.060     2.000         0
  -32.241     9.934     0.060     2.000         0
  -32.451     9.959     0.060     2.000         0
  -32.662    10.004     0.060     2.000         0
  -32.873    10.034     0.060     2.000         0
  -33.084    10.079     0.060     2.000         0
  -33.296    10.104     0.060     2.000         0
  -33.509    10.146     0.060     2.000         0
  -27.045     9.597     0.060     3.000         0
  -27.266     9.624     0.060     3.000         0
  -27.487     9.643     0.060     3.000         0
  -27.710     9.653     0.060     3.000         0
  -27.931     9.664     0.060     3.000         0
  -28.152     9.683     0.060     3.000         0
  -28.370     9.705     0.060     3.000         0
  -28.587     9.727     0.060     3.000         0
  -28.808     9.757     0.060     3.000         0
  -29.023     9.778     0.060     3.000         0
  -29.242     9.783     0.060     3.000         0
  -29.460     9.821     0.060     3.000         0
  -29.677     9.826     0.060     3.000         0
  -29.893     9.847     0.060     3.000         0
  -30.111     9.880     0.060     3.000         0
  -30.327     9.898     0.060     3.000         0
  -30.543     9.931     0.060     3.000         0
  -30.756     9.956     0.060     3.000         0
  -30.968     9.981     0.060     3.000         0
  -31.180     9.990     0.060     3.000         0
  -31.393    10.031     0.060     3.000         0
  -31.606    10.056     0.060     3.000         0
  -31.818    10.081     0.060     3.000         0
  -32.029    10.090     0.060     3.000         0
  -32.241    10.131     0.060     3.000         0
  -32.451    10.147     0.060     3.000         0
  -32.662    10.175     0.060     3.000         0
  -32.873    10.210     0.060     3.000         0
  -33.084    10.222     0.060     3.000         0
  -33.296    10.249     0.060     3.000         0
  -33.509    10.285     0.060     3.000         0
  -33.724    10.305     0.060     3.000         0
  -33.947    10.342     0.060     3.000         0
  -34.168    10.375     0.060     3.000         0
  -34.390    10.416     0.060     3.000         0
  -34.610    10.473     0.060     3.000         0
  -34.827    10.513     0.060     3.000         0
  -35.048    10.541     0.060     3.000         0
  -35.267    10.586     0.060     3.000         0
  -35.486    10.632     0.060     3.000         0
  -35.705    10.659     0.060     3.000         0
  -35.921    10.697     0.060     3.000         0
  -36.142    10.732     0.060     3.000         0
  -36.361    10.783     0.060     3.000         0
  -36.579    10.822     0.060     3.000         0
  -36.799    10.864     0.060     3.000         0
  -37.020    10.904     0.060     3.000         0
  -37.241    10.935     0.060     3.000         0
  -37.461    10.971     0.060     3.000         0
  -37.681    10.991     0.060     3.000         0
  -37.904    11.023     0.060     3.000         0
  -38.124    11.055     0.060     3.000         0
  -38.347    11.091     0.060     3.000         0
  -38.568    11.123     0.060     3.000         0
  -38.789    11.160     0.060     3.000         0
  -39.008    11.202     0.060     3.000         0
  -39.227    11.236     0.060     3.000         0
  -39.446    11.270     0.060     3.000         0
  -39.665    11.300     0.060     3.000         0
  -39.881    11.322     0.060     3.000         0
  -40.102    11.364     0.060     3.000         0
  -40.322    11.398     0.060     3.000         0
  -40.541    11.439     0.060     3.000         0
  -40.757    11.454     0.060     3.000         0
  -40.970    11.502     0.060     3.000         0
  -41.180    11.529     0.060     3.000         0
  -41.395    11.548     0.060     3.000         0
  -41.611    11.588     0.060     3.000         0
  -41.832    11.629     0.060     3.000         0
  -42.051    11.661     0.060     3.000         0
  -42.274    11.694     0.060     3.000         0
  -42.497    11.727     0.060     3.000         0
  -42.718    11.759     0.060     3.000         0
  -42.938    11.792     0.060     3.000         0
  -43.157    11.824     0.060     3.000         0
  -43.376    11.856     0.060     3.000         0
  -43.592    11.888     0.060     3.000         0
  -43.809    11.904     0.060     3.000         0
  -44.026    11.952     0.060     3.000         0
  -44.243    11.984     0.060     3.000         0
  -44.458    12.004     0.060     3.000         0
  -44.666    12.046     0.060     3.000         0
  -44.886    12.071     0.060     3.000         0
  -34.610    10.237     0.060     4.000         0
  -34.827    10.276     0.060     4.000         0
  -35.048    10.291     0.060     4.000         0
  -35.267    10.332     0.060     4.000         0
  -35.486    10.373     0.060     4.000         0
  -35.705    10.410     0.060     4.000         0
  -35.921    10.447     0.060     4.000         0
  -36.142    10.484     0.060     4.000         0
  -36.361    10.505     0.060     4.000         0
  -36.579    10.558     0.060     4.000         0
  -36.799    10.579     0.060     4.000         0
  -37.020    10.617     0.060     4.000         0
  -37.241    10.654     0.060     4.000         0
  -37.461    10.691     0.060     4.000         0
  -37.681    10.728     0.060     4.000         0
  -37.904    10.774     0.060     4.000         0
  -38.124    10.823     0.060     4.000         0
  -38.347    10.848     0.060     4.000         0
  -38.568    10.905     0.060     4.000         0
  -38.789    10.941     0.060     4.000         0
  -39.008    10.986     0.060     4.000         0
  -39.227    11.010     0.060     4.000         0
  -39.446    11.051     0.060     4.000         0
  -39.665    11.107     0.060     4.000         0
  -39.881    11.139     0.060     4.000         0
  -40.102    11.165     0.060     4.000         0
  -40.322    11.199     0.060     4.000         0
  -40.541    11.233     0.060     4.000         0
  -40.757    11.283     0.060     4.000         0
  -40.970    11.300     0.060     4.000         0
  -41.180    11.332     0.060     4.000         0
  -41.395    11.382     0.060     4.000         0
  -41.611    11.399     0.060     4.000         0
  -41.832    11.433     0.060     4.000         0
  -42.051    11.483     0.060     4.000         0
  -42.274    11.514     0.060     4.000         0
  -42.497    11.544     0.060     4.000         0
  -42.718    11.571     0.060     4.000         0
  -42.938    11.622     0.060     4.000         0
  -43.157    11.640     0.060     4.000         0
  -43.376    11.691     0.060     4.000         0
  -43.592    11.712     0.060     4.000         0
  -43.809    11.759     0.060     4.000         0
  -44.026    11.793     0.060     4.000         0
  -44.243    11.827     0.060     4.000         0
  -44.458    11.852     0.060     4.000         0
  -44.666    11.882     0.060     4.000         0
  -44.886    11.889     0.060     4.000         0
  -45.105    11.928     0.060     4.000         0
  -45.321    11.947     0.060     4.000         0
  -45.541    11.958     0.060     4.000         0
  -45.757    11.993     0.060     4.000         0
  -45.973    12.020     0.060     4.000         0
  -46.187    12.042     0.060     4.000         0
  -46.402    12.053     0.060     4.000         0
  -46.617    12.071     0.060     4.000         0
  -46.832    12.102     0.060     4.000         0
    0.000     0.000     0.000        -1
