    0.000     1.000     0.000         0
    4.389     5.292     0.060     1.000         0
    4.161     5.207     0.060     1.000         0
    3.934     5.098     0.060     1.000         0
    3.709     5.014     0.060     1.000         0
    3.488     4.907     0.060     1.000         0
    3.268     4.825     0.060     1.000         0
    3.041     4.724     0.060     1.000         0
    2.815     4.624     0.060     1.000         0
    2.589     4.515     0.060     1.000         0
    2.361     4.427     0.060     1.000         0
    2.133     4.335     0.060     1.000         0
    1.906     4.247     0.060     1.000         0
    1.677     4.163     0.060     1.000         0
    1.449     4.096     0.060     1.000         0
    1.221     4.038     0.060     1.000         0
    0.994     3.979     0.060     1.000         0
    0.768     3.929     0.060     1.000         0
    0.541     3.898     0.060     1.000         0
    0.312     3.870     0.060     1.000         0
    0.084     3.847     0.060     1.000         0
   33.667    10.615     0.060     2.000         0
   33.432    10.577     0.060     2.000         0
   33.201    10.523     0.060     2.000         0
   32.966    10.496     0.060     2.000         0
   32.739    10.451     0.060     2.000         0
   32.502    10.396     0.060     2.000         0
   32.264    10.361     0.060     2.000         0
   32.031    10.316     0.060     2.000         0
   31.791    10.277     0.060     2.000         0
   31.558    10.244     0.060     2.000         0
   31.321    10.190     0.060     2.000         0
   31.085    10.152     0.060     2.000         0
   30.846    10.131     0.060     2.000         0
   30.609    10.086     0.060     2.000         0
   30.374    10.074     0.060     2.000         0
   30.145    10.047     0.060     2.000         0
   29.916    10.019     0.060     2.000         0
   29.689     9.992     0.060     2.000         0
   29.464     9.957     0.060     2.000         0
   29.236     9.911     0.060     2.000         0
   29.012     9.882     0.060     2.000         0
   28.786     9.825     0.060     2.000         0
   28.562     9.800     0.060     2.000         0
   28.338     9.743     0.060     2.000         0
   28.113     9.710     0.060     2.000         0
   27.888     9.663     0.060     2.000         0
   27.662     9.608     0.060     2.000         0
   27.435     9.537     0.060     2.000         0
   27.210     9.498     0.060     2.000         0
   26.985     9.427     0.060     2.000         0
   26.759     9.376     0.060     2.000         0
   26.532     9.325     0.060     2.000         0
   26.306     9.289     0.060     2.000         0
   26.080     9.229     0.060     2.000         0
   25.854     9.197     0.060     2.000         0
   25.629     9.141     0.060     2.000         0
   25.405     9.114     0.060     2.000         0
   25.183     9.063     0.060     2.000         0
   24.955     9.014     0.060     2.000         0
   24.729     8.974     0.060     2.000         0
   24.503     8.931     0.060     2.000         0
   24.276     8.901     0.060     2.000         0
   24.050     8.865     0.060     2.000         0
   23.825     8.812     0.060     2.000         0
   23.600     8.791     0.060     2.000         0
   23.374     8.754     0.060     2.000         0
   23.146     8.701     0.060     2.000         0
   22.917     8.664     0.060     2.000         0
   22.692     8.635     0.060     2.000         0
   22.464     8.598     0.060     2.000         0
   22.235     8.545     0.060     2.000         0
   22.005     8.501     0.060     2.000         0
   21.774     8.473     0.060     2.000         0
   21.544     8.428     0.060     2.000         0
   21.315     8.384     0.060     2.000         0
   21.083     8.339     0.060     2.000         0
   20.853     8.279     0.060     2.000         0
   20.622     8.242     0.060     2.000         0
   20.390     8.206     0.060     2.000         0
   20.160     8.153     0.060     2.000         0
   19.930     8.131     0.060     2.000         0
   19.700     8.089     0.060     2.000         0
   19.471     8.055     0.060     2.000         0
   19.234     8.023     0.060     2.000         0
   19.000     8.001     0.060     2.000         0
   18.766     7.944     0.060     2.000         0
   18.528     7.894     0.060     2.000         0
   18.296     7.846     0.060     2.000         0
   18.059     7.805     0.060     2.000         0
   17.825     7.756     0.060     2.000         0
   17.593     7.715     0.060     2.000         0
   17.366     7.675     0.060     2.000         0
   17.134     7.634     0.060     2.000         0
   16.907     7.594     0.060     2.000         0
   16.680     7.562     0.060     2.000         0
   16.452     7.529     0.060     2.000         0
   16.224     7.507     0.060     2.000         0
   15.994     7.477     0.060     2.000         0
   15.764     7.447     0.060     2.000         0
   15.533     7.409     0.060     2.000         0
   15.306     7.376     0.060     2.000         0
   15.074     7.354     0.060     2.000         0
   14.845     7.321     0.060     2.000         0
   14.617     7.292     0.060     2.000         0
   14.389     7.268     0.060     2.000         0
   14.160     7.247     0.060     2.000         0
   13.928     7.218     0.060     2.000         0
   13.695     7.181     0.060     2.000         0
   13.463     7.152     0.060     2.000         0
   13.229     7.114     0.060     2.000         0
   12.996     7.067     0.060     2.000         0
   12.764     7.021     0.060     2.000         0
   12.533     6.975     0.060     2.000         0
   12.305     6.922     0.060     2.000         0
   12.075     6.878     0.060     2.000         0
   11.845     6.835     0.060     2.000         0
   11.613     6.796     0.060     2.000         0
   11.381     6.757     0.060     2.000         0
   11.148     6.717     0.060     2.000         0
   10.915     6.685     0.060     2.000         0
   10.682     6.643     0.060     2.000         0
   10.449     6.625     0.060     2.000         0
   10.217     6.575     0.060     2.000         0
    9.986     6.558     0.060     2.000         0
    9.753     6.524     0.060     2.000         0
    9.521     6.482     0.060     2.000         0
    9.289     6.440     0.060     2.000         0
    9.056     6.414     0.060     2.000         0
    8.824     6.348     0.060     2.000         0
    8.592     6.303     0.060     2.000         0
    8.360     6.249     0.060     2.000         0
    8.127     6.192     0.060     2.000         0
    7.894     6.134     0.060     2.000         0
    7.657     6.067     0.060     2.000         0
    7.420     6.022     0.060     2.000         0
    7.181     5.969     0.060     2.000         0
    6.944     5.916     0.060     2.000         0
    6.707     5.862     0.060     2.000         0
    6.471     5.806     0.060     2.000         0
    6.236     5.749     0.060     2.000         0
    5.999     5.684     0.060     2.000         0
    5.759     5.641     0.060     2.000         0
    5.519     5.583     0.060     2.000         0
    5.285     5.515     0.060     2.000         0
    5.060     5.456     0.060     2.000         0
    4.836     5.410     0.060     2.000         0
    0.000    -1.000     0.000         0
   -0.141     3.858     0.060     1.000         0
   -0.366     3.875     0.060     1.000         0
   -0.589     3.900     0.060     1.000         0
   -0.812     3.933     0.060     1.000         0
   -1.036     3.965     0.060     1.000         0
   -1.260     4.006     0.060     1.000         0
   -1.481     4.073     0.060     1.000         0
   -1.703     4.132     0.060     1.000         0
   -1.925     4.175     0.060     1.000         0
   -2.145     4.249     0.060     1.000         0
   -2.364     4.300     0.060     1.000         0
   -2.584     4.396     0.060     1.000         0
   -2.807     4.494     0.060     1.000         0
   -3.030     4.588     0.060     1.000         0
   -3.252     4.665     0.060     1.000         0
   -3.469     4.765     0.060     1.000         0
   -3.688     4.876     0.060     1.000         0
   -3.909     4.972     0.060     1.000         0
   -4.129     5.088     0.060     1.000         0
   -4.571     5.169     0.060     2.000         0
   -4.792     5.241     0.060     2.000         0
   -5.013     5.288     0.060     2.000         0
   -5.236     5.360     0.060     2.000         0
   -5.461     5.415     0.060     2.000         0
   -5.684     5.484     0.060     2.000         0
   -5.903     5.498     0.060     2.000         0
   -6.122     5.516     0.060     2.000         0
   -6.342     5.538     0.060     2.000         0
   -6.562     5.569     0.060     2.000         0
   -6.783     5.608     0.060     2.000         0
   -7.004     5.663     0.060     2.000         0
   -7.223     5.694     0.060     2.000         0
   -7.445     5.741     0.060     2.000         0
   -7.667     5.779     0.060     2.000         0
   -7.885     5.814     0.060     2.000         0
   -8.102     5.847     0.060     2.000         0
   -8.320     5.878     0.060     2.000         0
   -8.540     5.916     0.060     2.000         0
   -8.758     5.954     0.060     2.000         0
   -8.975     5.992     0.060     2.000         0
   -9.195     6.030     0.060     2.000         0
   -9.417     6.069     0.060     2.000         0
   -9.636     6.108     0.060     2.000         0
   -9.854     6.150     0.060     2.000         0
  -10.076     6.192     0.060     2.000         0
  -10.299     6.236     0.060     2.000         0
  -10.521     6.276     0.060     2.000         0
  -10.743     6.320     0.060     2.000         0
  -10.965     6.360     0.060     2.000         0
  -11.188     6.404     0.060     2.000         0
  -11.412     6.448     0.060     2.000         0
  -11.636     6.493     0.060     2.000         0
  -11.862     6.537     0.060     2.000         0
  -12.087     6.582     0.060     2.000         0
  -12.309     6.625     0.060     2.000         0
  -12.534     6.670     0.060     2.000         0
  -12.753     6.713     0.060     2.000         0
  -12.974     6.765     0.060     2.000         0
  -13.195     6.789     0.060     2.000         0
  -13.417     6.821     0.060     2.000         0
  -13.639     6.870     0.060     2.000         0
  -13.859     6.902     0.060     2.000         0
  -14.077     6.925     0.060     2.000         0
  -14.295     6.947     0.060     2.000         0
  -14.516     6.958     0.060     2.000         0
  -14.731     6.971     0.060     2.000         0
  -14.950     7.002     0.060     2.000         0
  -15.168     7.024     0.060     2.000         0
  -15.384     7.037     0.060     2.000         0
  -15.601     7.055     0.060     2.000         0
  -15.818     7.069     0.060     2.000         0
  -16.035     7.083     0.060     2.000         0
  -16.250     7.104     0.060     2.000         0
  -16.463     7.129     0.060     2.000         0
  -16.675     7.154     0.060     2.000         0
  -16.888     7.199     0.060     2.000         0
  -17.101     7.236     0.060     2.000         0
  -17.313     7.278     0.060     2.000         0
  -17.526     7.311     0.060     2.000         0
  -17.737     7.352     0.060     2.000         0
  -17.948     7.393     0.060     2.000         0
  -18.158     7.434     0.060     2.000         0
  -18.369     7.475     0.060     2.000         0
  -18.580     7.516     0.060     2.000         0
  -18.792     7.557     0.060     2.000         0
  -19.003     7.610     0.060     2.000         0
  -19.216     7.647     0.060     2.000         0
  -19.431     7.699     0.060     2.000         0
  -19.654     7.736     0.060     2.000         0
  -19.876     7.781     0.060     2.000         0
  -20.097     7.817     0.060     2.000         0
  -20.317     7.832     0.060     2.000         0
  -20.535     7.855     0.060     2.000         0
  -20.755     7.891     0.060     2.000         0
  -20.975     7.926     0.060     2.000         0
  -21.194     7.969     0.060     2.000         0
  -21.413     8.011     0.060     2.000         0
  -21.629     8.054     0.060     2.000         0
  -21.850     8.097     0.060     2.000         0
  -22.068     8.144     0.060     2.000         0
  -22.287     8.182     0.060     2.000         0
  -22.507     8.225     0.060     2.000         0
  -22.728     8.273     0.060     2.000         0
  -22.949     8.320     0.060     2.000         0
  -23.168     8.363     0.060     2.000         0
  -23.388     8.407     0.060     2.000         0
  -23.611     8.448     0.060     2.000         0
  -23.832     8.492     0.060     2.000         0
  -24.055     8.533     0.060     2.000         0
  -24.276     8.573     0.060     2.000         0
  -24.496     8.614     0.060     2.000         0
  -24.716     8.654     0.060     2.000         0
  -24.934     8.686     0.060     2.000         0
  -25.153     8.732     0.060     2.000         0
  -25.372     8.771     0.060     2.000         0
  -25.589     8.810     0.060     2.000         0
  -25.809     8.848     0.060     2.000         0
  -26.029     8.887     0.060     2.000         0
  -26.248     8.918     0.060     2.000         0
  -26.464     8.953     0.060     2.000         0
  -26.678     9.000     0.060     2.000         0
  -26.888     9.038     0.060     2.000         0
  -27.103     9.081     0.060     2.000         0
  -27.319     9.140     0.060     2.000         0
  -27.539     9.176     0.060     2.000         0
  -27.759     9.218     0.060     2.000         0
  -27.982     9.252     0.060     2.000         0
  -28.204     9.286     0.060     2.000         0
  -28.425     9.319     0.060     2.000         0
  -28.645     9.353     0.060     2.000         0
  -28.864     9.386     0.060     2.000         0
  -29.083     9.425     0.060     2.000         0
  -29.299     9.438     0.060     2.000         0
  -29.516     9.468     0.060     2.000         0
  -29.734     9.498     0.060     2.000         0
  -29.950     9.528     0.060     2.000         0
  -30.165     9.569     0.060     2.000         0
  -30.373     9.594     0.060     2.000         0
  -30.594     9.620     0.060     2.000         0
  -30.813     9.670     0.060     2.000         0
  -31.029     9.704     0.060     2.000         0
  -31.249     9.738     0.060     2.000         0
  -31.465     9.755     0.060     2.000         0
  -31.681     9.797     0.060     2.000         0
  -31.895     9.817     0.060     2.000         0
  -32.110     9.845     0.060     2.000         0
  -32.324     9.865     0.060     2.000         0
  -32.539     9.885     0.060     2.000         0
  -32.763     9.906     0.060     2.000         0
  -32.989     9.911     0.060     2.000         0
  -33.215     9.941     0.060     2.000         0
  -33.440     9.962     0.060     2.000         0
  -33.663     9.990     0.060     2.000         0
  -33.889    10.010     0.060     2.000         0
  -34.111    10.030     0.060     2.000         0
  -34.333    10.050     0.060     2.000         0
  -34.555    10.070     0.060     2.000         0
  -34.778    10.082     0.060     2.000         0
  -35.000    10.119     0.060     2.000         0
  -35.222    10.148     0.060     2.000         0
  -35.446    10.161     0.060     2.000         0
  -35.670    10.206     0.060     2.000         0
  -35.895    10.235     0.060     2.000         0
  -36.117    10.248     0.060     2.000         0
  -36.343    10.286     0.060     2.000         0
  -36.566    10.328     0.060     2.000         0
  -36.789    10.362     0.060     2.000         0
  -37.011    10.404     0.060     2.000         0
  -37.232    10.458     0.060     2.000         0
  -37.458    10.489     0.060     2.000         0
  -37.681    10.539     0.060     2.000         0
  -37.904    10.588     0.060     2.000         0
  -38.123    10.612     0.060     2.000         0
  -38.343    10.656     0.060     2.000         0
  -38.567    10.705     0.060     2.000         0
  -38.789    10.734     0.060     2.000         0
  -39.012    10.783     0.060     2.000         0
  -39.235    10.839     0.060     2.000         0
  -39.462    10.872     0.060     2.000         0
  -39.682    10.923     0.060     2.000         0
  -39.906    10.976     0.060     2.000         0
  -40.127    11.027     0.060     2.000         0
  -40.348    11.079     0.060     2.000         0
  -40.570    11.119     0.060     2.000         0
  -40.792    11.177     0.060     2.000         0
  -41.014    11.215     0.060     2.000         0
  -41.237    11.261     0.060     2.000         0
  -41.459    11.319     0.060     2.000         0
  -41.681    11.361     0.060     2.000         0
  -41.903    11.427     0.060     2.000         0
  -42.124    11.469     0.060     2.000         0
  -42.346    11.506     0.060     2.000         0
  -42.570    11.552     0.060     2.000         0
  -42.795    11.598     0.060     2.000         0
  -43.023    11.656     0.060     2.000         0
  -43.253    11.691     0.060     2.000         0
  -43.479    11.741     0.060     2.000         0
  -43.705    11.792     0.060     2.000         0
  -43.929    11.834     0.060     2.000         0
  -44.153    11.892     0.060     2.000         0
  -44.377    11.938     0.060     2.000         0
  -44.600    11.985     0.060     2.000         0
  -44.822    12.018     0.060     2.000         0
  -45.044    12.068     0.060     2.000         0
  -45.263    12.103     0.060     2.000         0
  -45.481    12.129     0.060     2.000         0
  -45.700    12.152     0.060     2.000         0
  -45.918    12.190     0.060     2.000         0
  -46.144    12.221     0.060     2.000         0
  -46.367    12.253     0.060     2.000         0
  -46.587    12.269     0.060     2.000         0
  -46.807    12.296     0.060     2.000         0
  -47.027    12.336     0.060     2.000         0
  -47.248    12.367     0.060     2.000         0
  -47.471    12.379     0.060     2.000         0
  -47.691    12.423     0.060     2.000         0
  -47.913    12.443     0.060     2.000         0
  -29.299    10.147     0.060     3.000         0
  -29.516    10.157     0.060     3.000         0
  -29.734    10.160     0.060     3.000         0
  -29.950    10.158     0.060     3.000         0
  -30.165    10.164     0.060     3.000         0
  -30.373    10.162     0.060     3.000         0
  -30.594    10.161     0.060     3.000         0
  -30.813    10.182     0.060     3.000         0
  -31.029    10.195     0.060     3.000         0
  -31.249    10.192     0.060     3.000         0
  -31.465    10.205     0.060     3.000         0
  -31.681    10.234     0.060     3.000         0
  -31.895    10.231     0.060     3.000         0
  -32.110    10.260     0.060     3.000         0
  -32.324    10.257     0.060     3.000         0
  -32.539    10.270     0.060     3.000         0
  -32.763    10.291     0.060     3.000         0
  -32.989    10.303     0.060     3.000         0
  -33.215    10.324     0.060     3.000         0
  -33.440    10.344     0.060     3.000         0
  -33.663    10.380     0.060     3.000         0
  -33.889    10.397     0.060     3.000         0
  -34.111    10.405     0.060     3.000         0
  -34.333    10.429     0.060     3.000         0
  -34.555    10.445     0.060     3.000         0
  -34.778    10.481     0.060     3.000         0
  -35.000    10.501     0.060     3.000         0
  -35.222    10.521     0.060     3.000         0
  -35.446    10.541     0.060     3.000         0
  -35.670    10.561     0.060     3.000         0
  -35.895    10.573     0.060     3.000         0
  -36.117    10.621     0.060     3.000         0
  -36.343    10.645     0.060     3.000         0
  -36.566    10.685     0.060     3.000         0
  -36.789    10.741     0.060     3.000         0
  -37.011    10.781     0.060     3.000         0
  -37.232    10.821     0.060     3.000         0
  -37.458    10.845     0.060     3.000         0
  -37.681    10.901     0.060     3.000         0
  -37.904    10.929     0.060     3.000         0
  -38.123    10.980     0.060     3.000         0
  -38.343    11.019     0.060     3.000         0
  -38.567    11.043     0.060     3.000         0
  -38.789    11.091     0.060     3.000         0
  -39.012    11.144     0.060     3.000         0
  -39.235    11.173     0.060     3.000         0
  -39.462    11.219     0.060     3.000         0
  -39.682    11.263     0.060     3.000         0
  -39.906    11.312     0.060     3.000         0
  -40.127    11.360     0.060     3.000         0
  -40.348    11.413     0.060     3.000         0
  -40.570    11.457     0.060     3.000         0
  -40.792    11.494     0.060     3.000         0
  -41.014    11.547     0.060     3.000         0
  -41.237    11.579     0.060     3.000         0
  -41.459    11.628     0.060     3.000         0
  -41.681    11.687     0.060     3.000         0
  -41.903    11.738     0.060     3.000         0
  -42.124    11.789     0.060     3.000         0
  -42.346    11.824     0.060     3.000         0
  -42.570    11.891     0.060     3.000         0
  -42.795    11.943     0.060     3.000         0
  -43.023    11.988     0.060     3.000         0
  -43.253    12.019     0.060     3.000         0
  -43.479    12.069     0.060     3.000         0
  -43.705    12.112     0.060     3.000         0
  -43.929    12.134     0.060     3.000         0
  -44.153    12.172     0.060     3.000         0
  -44.377    12.226     0.060     3.000         0
  -44.600    12.264     0.060     3.000         0
  -44.822    12.302     0.060     3.000         0
  -45.044    12.324     0.060     3.000         0
  -45.263    12.369     0.060     3.000         0
  -45.481    12.386     0.060     3.000         0
  -45.700    12.427     0.060     3.000         0
  -45.918    12.437     0.060     3.000         0
  -46.144    12.479     0.060     3.000         0
  -46.367    12.504     0.060     3.000         0
  -46.587    12.530     0.060     3.000         0
  -46.807    12.539     0.060     3.000         0
  -47.027    12.581     0.060     3.000         0
  -47.248    12.590     0.060     3.000         0
  -47.471    12.632     0.060     3.000         0
  -47.691    12.649     0.060     3.000         0
  -47.913    12.661     0.060     3.000         0
  -48.132    12.681     0.060     3.000         0
  -48.351    12.705     0.060     3.000         0
  -48.569    12.724     0.060     3.000         0
  -48.790    12.756     0.060     3.000         0
  -49.016    12.773     0.060     3.000         0
  -49.242    12.785     0.060     3.000         0
  -49.469    12.817     0.060     3.000         0
  -49.696    12.838     0.060     3.000         0
  -49.923    12.846     0.060     3.000         0
  -50.153    12.871     0.060     3.000         0
  -50.383    12.887     0.060     3.000         0
  -50.614    12.927     0.060     3.000         0
  -50.843    12.939     0.060     3.000         0
  -51.069    12.959     0.060     3.000         0
  -51.294    12.999     0.060     3.000         0
  -51.519    13.006     0.060     3.000         0
  -51.744    13.046     0.060     3.000         0
  -51.968    13.053     0.060     3.000         0
  -52.189    13.076     0.060     3.000         0
  -52.409    13.099     0.060     3.000         0
  -52.632    13.123     0.060     3.000         0
  -52.854    13.154     0.060     3.000         0
  -53.075    13.171     0.060     3.000         0
  -53.295    13.196     0.060     3.000         0
  -53.513    13.225     0.060     3.000         0
  -53.732    13.257     0.060     3.000         0
  -53.950    13.278     0.060     3.000         0
  -54.169    13.303     0.060     3.000         0
  -54.389    13.336     0.060     3.000         0
  -54.608    13.360     0.060     3.000         0
  -54.827    13.377     0.060     3.000         0
  -55.046    13.410     0.060     3.000         0
  -55.266    13.419     0.060     3.000         0
  -55.485    13.444     0.060     3.000         0
  -55.710    13.469     0.060     3.000         0
  -55.933    13.494     0.060     3.000         0
  -56.156    13.528     0.060     3.000         0
    0.000     0.000     0.000        -1
