    0.000     1.000     0.000         0
    4.164     5.124     0.060     1.000         0
    3.942     5.018     0.060     1.000         0
    3.721     4.912     0.060     1.000         0
    3.499     4.831     0.060     1.000         0
    3.275     4.728     0.060     1.000         0
    3.051     4.621     0.060     1.000         0
    2.828     4.514     0.060     1.000         0
    2.602     4.418     0.060     1.000         0
    2.377     4.321     0.060     1.000         0
    2.155     4.231     0.060     1.000         0
    1.930     4.145     0.060     1.000         0
    1.711     4.061     0.060     1.000         0
    1.490     3.996     0.060     1.000         0
    1.269     3.962     0.060     1.000         0
    1.046     3.901     0.060     1.000         0
    0.825     3.841     0.060     1.000         0
    0.605     3.810     0.060     1.000         0
    0.386     3.778     0.060     1.000         0
    0.169     3.757     0.060     1.000         0
   26.540     9.318     0.060     2.000         0
   26.310     9.279     0.060     2.000         0
   26.077     9.235     0.060     2.000         0
   25.845     9.177     0.060     2.000         0
   25.612     9.143     0.060     2.000         0
   25.380     9.109     0.060     2.000         0
   25.147     9.045     0.060     2.000         0
   24.914     9.011     0.060     2.000         0
   24.682     8.988     0.060     2.000         0
   24.450     8.955     0.060     2.000         0
   24.218     8.922     0.060     2.000         0
   23.986     8.889     0.060     2.000         0
   23.753     8.856     0.060     2.000         0
   23.520     8.812     0.060     2.000         0
   23.288     8.772     0.060     2.000         0
   23.057     8.721     0.060     2.000         0
   22.824     8.665     0.060     2.000         0
   22.592     8.604     0.060     2.000         0
   22.358     8.548     0.060     2.000         0
   22.122     8.496     0.060     2.000         0
   21.884     8.464     0.060     2.000         0
   21.645     8.402     0.060     2.000         0
   21.408     8.357     0.060     2.000         0
   21.172     8.312     0.060     2.000         0
   20.936     8.247     0.060     2.000         0
   20.701     8.192     0.060     2.000         0
   20.463     8.152     0.060     2.000         0
   20.224     8.092     0.060     2.000         0
   19.983     8.041     0.060     2.000         0
   19.750     8.002     0.060     2.000         0
   19.524     7.954     0.060     2.000         0
   19.300     7.904     0.060     2.000         0
   19.077     7.844     0.060     2.000         0
   18.853     7.814     0.060     2.000         0
   18.625     7.763     0.060     2.000         0
   18.399     7.692     0.060     2.000         0
   18.174     7.651     0.060     2.000         0
   17.953     7.602     0.060     2.000         0
   17.732     7.563     0.060     2.000         0
   17.505     7.518     0.060     2.000         0
   17.280     7.478     0.060     2.000         0
   17.054     7.433     0.060     2.000         0
   16.825     7.378     0.060     2.000         0
   16.597     7.332     0.060     2.000         0
   16.370     7.292     0.060     2.000         0
   16.142     7.242     0.060     2.000         0
   15.913     7.195     0.060     2.000         0
   15.685     7.158     0.060     2.000         0
   15.459     7.111     0.060     2.000         0
   15.232     7.070     0.060     2.000         0
   15.006     7.023     0.060     2.000         0
   14.777     6.981     0.060     2.000         0
   14.549     6.939     0.060     2.000         0
   14.323     6.907     0.060     2.000         0
   14.098     6.867     0.060     2.000         0
   13.874     6.816     0.060     2.000         0
   13.651     6.756     0.060     2.000         0
   13.427     6.700     0.060     2.000         0
   13.204     6.655     0.060     2.000         0
   12.982     6.615     0.060     2.000         0
   12.760     6.585     0.060     2.000         0
   12.538     6.575     0.060     2.000         0
   12.319     6.526     0.060     2.000         0
   12.100     6.506     0.060     2.000         0
   11.880     6.472     0.060     2.000         0
   11.656     6.427     0.060     2.000         0
   11.434     6.378     0.060     2.000         0
   11.211     6.333     0.060     2.000         0
   10.994     6.284     0.060     2.000         0
   10.775     6.240     0.060     2.000         0
   10.555     6.196     0.060     2.000         0
   10.335     6.152     0.060     2.000         0
   10.117     6.102     0.060     2.000         0
    9.893     6.066     0.060     2.000         0
    9.672     6.021     0.060     2.000         0
    9.451     5.980     0.060     2.000         0
    9.227     5.949     0.060     2.000         0
    9.003     5.911     0.060     2.000         0
    8.780     5.883     0.060     2.000         0
    8.561     5.856     0.060     2.000         0
    8.342     5.829     0.060     2.000         0
    8.122     5.801     0.060     2.000         0
    7.901     5.779     0.060     2.000         0
    7.680     5.751     0.060     2.000         0
    7.460     5.728     0.060     2.000         0
    7.241     5.690     0.060     2.000         0
    7.019     5.666     0.060     2.000         0
    6.797     5.653     0.060     2.000         0
    6.579     5.625     0.060     2.000         0
    6.361     5.597     0.060     2.000         0
    6.143     5.558     0.060     2.000         0
    5.924     5.522     0.060     2.000         0
    5.706     5.476     0.060     2.000         0
    5.489     5.420     0.060     2.000         0
    5.268     5.368     0.060     2.000         0
    5.047     5.326     0.060     2.000         0
    4.827     5.274     0.060     2.000         0
    4.609     5.233     0.060     2.000         0
   40.997    11.465     0.060     3.000         0
   40.770    11.417     0.060     3.000         0
   40.545    11.393     0.060     3.000         0
   40.319    11.340     0.060     3.000         0
   40.093    11.306     0.060     3.000         0
   39.869    11.283     0.060     3.000         0
   39.647    11.230     0.060     3.000         0
   39.419    11.187     0.060     3.000         0
   39.194    11.148     0.060     3.000         0
   38.968    11.120     0.060     3.000         0
   38.741    11.103     0.060     3.000         0
   38.515    11.047     0.060     3.000         0
   38.290    11.020     0.060     3.000         0
   38.065    10.994     0.060     3.000         0
   37.838    10.937     0.060     3.000         0
   37.610    10.900     0.060     3.000         0
   37.382    10.863     0.060     3.000         0
   37.156    10.827     0.060     3.000         0
   36.928    10.790     0.060     3.000         0
   36.699    10.773     0.060     3.000         0
   36.469    10.715     0.060     3.000         0
   36.239    10.688     0.060     3.000         0
   36.008    10.669     0.060     3.000         0
   35.779    10.641     0.060     3.000         0
   35.548    10.607     0.060     3.000         0
   35.318    10.573     0.060     3.000         0
   35.087    10.534     0.060     3.000         0
   34.854    10.505     0.060     3.000         0
   34.624    10.491     0.060     3.000         0
   34.395    10.448     0.060     3.000         0
   34.164    10.419     0.060     3.000         0
   33.936    10.400     0.060     3.000         0
   33.699    10.371     0.060     3.000         0
   33.465    10.348     0.060     3.000         0
   33.230    10.316     0.060     3.000         0
   32.993    10.278     0.060     3.000         0
   32.760    10.251     0.060     3.000         0
   32.524    10.218     0.060     3.000         0
   32.289    10.166     0.060     3.000         0
   32.057    10.134     0.060     3.000         0
   31.830    10.102     0.060     3.000         0
   31.599    10.091     0.060     3.000         0
   31.372    10.059     0.060     3.000         0
   31.145    10.013     0.060     3.000         0
   30.917     9.986     0.060     3.000         0
   30.688     9.968     0.060     3.000         0
   30.459     9.934     0.060     3.000         0
   30.228     9.890     0.060     3.000         0
   29.998     9.862     0.060     3.000         0
   29.770     9.833     0.060     3.000         0
   29.538     9.804     0.060     3.000         0
   29.310     9.776     0.060     3.000         0
   29.082     9.747     0.060     3.000         0
   28.853     9.733     0.060     3.000         0
   28.624     9.700     0.060     3.000         0
   28.393     9.681     0.060     3.000         0
   28.159     9.632     0.060     3.000         0
   27.927     9.603     0.060     3.000         0
   27.694     9.574     0.060     3.000         0
   27.460     9.544     0.060     3.000         0
   27.229     9.515     0.060     3.000         0
   26.998     9.487     0.060     3.000         0
   26.769     9.478     0.060     3.000         0
   26.540     9.449     0.060     3.000         0
   26.310     9.411     0.060     3.000         0
   26.077     9.374     0.060     3.000         0
   25.845     9.358     0.060     3.000         0
   25.612     9.337     0.060     3.000         0
   25.380     9.316     0.060     3.000         0
   25.147     9.290     0.060     3.000         0
   24.914     9.254     0.060     3.000         0
   24.682     9.218     0.060     3.000         0
   24.450     9.192     0.060     3.000         0
   24.218     9.186     0.060     3.000         0
   23.986     9.160     0.060     3.000         0
   23.753     9.119     0.060     3.000         0
   23.520     9.098     0.060     3.000         0
   44.609    11.844     0.060     4.000         0
   44.381    11.834     0.060     4.000         0
   44.154    11.804     0.060     4.000         0
   43.929    11.795     0.060     4.000         0
   43.701    11.775     0.060     4.000         0
   43.477    11.756     0.060     4.000         0
   43.251    11.731     0.060     4.000         0
   43.027    11.707     0.060     4.000         0
   42.802    11.668     0.060     4.000         0
   42.578    11.618     0.060     4.000         0
   42.353    11.569     0.060     4.000         0
   42.126    11.519     0.060     4.000         0
   41.900    11.470     0.060     4.000         0
   41.675    11.410     0.060     4.000         0
   41.449    11.366     0.060     4.000         0
   41.223    11.333     0.060     4.000         0
   40.997    11.279     0.060     4.000         0
   40.770    11.240     0.060     4.000         0
   40.545    11.191     0.060     4.000         0
   40.319    11.148     0.060     4.000         0
   40.093    11.104     0.060     4.000         0
   39.869    11.055     0.060     4.000         0
   39.647    11.017     0.060     4.000         0
   39.419    10.983     0.060     4.000         0
   39.194    10.930     0.060     4.000         0
   38.968    10.899     0.060     4.000         0
   38.741    10.858     0.060     4.000         0
   38.515    10.827     0.060     4.000         0
   38.290    10.811     0.060     4.000         0
   38.065    10.785     0.060     4.000         0
   37.838    10.734     0.060     4.000         0
   37.610    10.702     0.060     4.000         0
   37.382    10.681     0.060     4.000         0
   37.156    10.660     0.060     4.000         0
   36.928    10.629     0.060     4.000         0
   36.699    10.587     0.060     4.000         0
   36.469    10.574     0.060     4.000         0
   36.239    10.541     0.060     4.000         0
   36.008    10.507     0.060     4.000         0
   35.779    10.484     0.060     4.000         0
   35.548    10.461     0.060     4.000         0
   35.318    10.447     0.060     4.000         0
   35.087    10.419     0.060     4.000         0
   34.854    10.390     0.060     4.000         0
   34.624    10.377     0.060     4.000         0
   34.395    10.357     0.060     4.000         0
   34.164    10.316     0.060     4.000         0
   33.936    10.291     0.060     4.000         0
   33.699    10.255     0.060     4.000         0
   33.465    10.234     0.060     4.000         0
   33.230    10.188     0.060     4.000         0
   32.993    10.151     0.060     4.000         0
   32.760    10.120     0.060     4.000         0
   32.524    10.089     0.060     4.000         0
   32.289    10.058     0.060     4.000         0
   32.057    10.047     0.060     4.000         0
   31.830    10.017     0.060     4.000         0
   31.599     9.977     0.060     4.000         0
   31.372     9.937     0.060     4.000         0
   31.145     9.928     0.060     4.000         0
   30.917     9.899     0.060     4.000         0
   30.688     9.869     0.060     4.000         0
   30.459     9.840     0.060     4.000         0
   30.228     9.810     0.060     4.000         0
   29.998     9.780     0.060     4.000         0
   29.770     9.751     0.060     4.000         0
   29.538     9.701     0.060     4.000         0
   29.310     9.671     0.060     4.000         0
   29.082     9.642     0.060     4.000         0
   28.853     9.612     0.060     4.000         0
   28.624     9.603     0.060     4.000         0
   28.393     9.553     0.060     4.000         0
   28.159     9.523     0.060     4.000         0
   27.927     9.493     0.060     4.000         0
   27.694     9.478     0.060     4.000         0
   27.460     9.442     0.060     4.000         0
    0.000    -1.000     0.000         0
   -0.053     3.748     0.060     1.000         0
   -0.267     3.761     0.060     1.000         0
   -0.485     3.788     0.060     1.000         0
   -0.703     3.816     0.060     1.000         0
   -0.920     3.866     0.060     1.000         0
   -1.136     3.906     0.060     1.000         0
   -1.354     3.956     0.060     1.000         0
   -1.570     4.016     0.060     1.000         0
   -1.786     4.091     0.060     1.000         0
   -1.999     4.175     0.060     1.000         0
   -2.211     4.259     0.060     1.000         0
   -2.423     4.342     0.060     1.000         0
   -2.636     4.436     0.060     1.000         0
   -2.849     4.536     0.060     1.000         0
   -3.061     4.626     0.060     1.000         0
   -3.272     4.711     0.060     1.000         0
   -3.484     4.806     0.060     1.000         0
   -3.694     4.885     0.060     1.000         0
   -4.116     4.985     0.060     2.000         0
   -4.327     5.029     0.060     2.000         0
   -4.539     5.064     0.060     2.000         0
   -4.752     5.079     0.060     2.000         0
   -4.967     5.125     0.060     2.000         0
   -5.190     5.167     0.060     2.000         0
   -5.411     5.198     0.060     2.000         0
   -5.633     5.235     0.060     2.000         0
   -5.853     5.266     0.060     2.000         0
   -6.070     5.297     0.060     2.000         0
   -6.291     5.343     0.060     2.000         0
   -6.510     5.380     0.060     2.000         0
   -6.729     5.427     0.060     2.000         0
   -6.948     5.479     0.060     2.000         0
   -7.164     5.521     0.060     2.000         0
   -7.385     5.568     0.060     2.000         0
   -7.603     5.625     0.060     2.000         0
   -7.822     5.659     0.060     2.000         0
   -8.042     5.704     0.060     2.000         0
   -8.263     5.758     0.060     2.000         0
   -8.484     5.808     0.060     2.000         0
   -8.704     5.847     0.060     2.000         0
   -8.924     5.901     0.060     2.000         0
   -9.147     5.946     0.060     2.000         0
   -9.367     5.990     0.060     2.000         0
   -9.590     6.035     0.060     2.000         0
   -9.811     6.080     0.060     2.000         0
  -10.032     6.124     0.060     2.000         0
  -10.251     6.168     0.060     2.000         0
  -10.470     6.213     0.060     2.000         0
  -10.689     6.247     0.060     2.000         0
  -10.908     6.295     0.060     2.000         0
  -11.124     6.334     0.060     2.000         0
  -11.344     6.372     0.060     2.000         0
  -11.565     6.412     0.060     2.000         0
  -11.784     6.450     0.060     2.000         0
  -12.000     6.489     0.060     2.000         0
  -12.213     6.526     0.060     2.000         0
  -12.423     6.563     0.060     2.000         0
  -12.638     6.581     0.060     2.000         0
  -12.854     6.640     0.060     2.000         0
  -13.074     6.678     0.060     2.000         0
  -13.294     6.697     0.060     2.000         0
  -13.517     6.757     0.060     2.000         0
  -13.740     6.796     0.060     2.000         0
  -13.961     6.835     0.060     2.000         0
  -14.181     6.874     0.060     2.000         0
  -14.399     6.903     0.060     2.000         0
  -14.619     6.952     0.060     2.000         0
  -14.835     6.985     0.060     2.000         0
  -15.052     7.019     0.060     2.000         0
  -15.269     7.047     0.060     2.000         0
  -15.485     7.091     0.060     2.000         0
  -15.700     7.144     0.060     2.000         0
  -15.908     7.161     0.060     2.000         0
  -16.129     7.200     0.060     2.000         0
  -16.348     7.249     0.060     2.000         0
  -16.564     7.283     0.060     2.000         0
  -16.784     7.317     0.060     2.000         0
  -17.000     7.355     0.060     2.000         0
  -17.216     7.404     0.060     2.000         0
  -17.430     7.396     0.060     2.000         0
  -17.645     7.419     0.060     2.000         0
  -17.860     7.416     0.060     2.000         0
  -18.075     7.423     0.060     2.000         0
  -18.299     7.406     0.060     2.000         0
  -18.524     7.418     0.060     2.000         0
  -18.751     7.422     0.060     2.000         0
  -18.975     7.441     0.060     2.000         0
  -19.199     7.469     0.060     2.000         0
  -19.424     7.478     0.060     2.000         0
  -19.647     7.496     0.060     2.000         0
  -19.868     7.500     0.060     2.000         0
  -20.090     7.525     0.060     2.000         0
  -20.313     7.550     0.060     2.000         0
  -20.536     7.570     0.060     2.000         0
  -20.757     7.570     0.060     2.000         0
  -20.981     7.590     0.060     2.000         0
  -21.206     7.625     0.060     2.000         0
  -21.430     7.645     0.060     2.000         0
  -21.653     7.661     0.060     2.000         0
  -21.878     7.694     0.060     2.000         0
  -22.101     7.746     0.060     2.000         0
  -22.324     7.794     0.060     2.000         0
  -22.547     7.836     0.060     2.000         0
  -22.768     7.869     0.060     2.000         0
  -22.993     7.907     0.060     2.000         0
  -23.217     7.969     0.060     2.000         0
  -23.439     8.002     0.060     2.000         0
  -23.658     8.066     0.060     2.000         0
  -23.879     8.101     0.060     2.000         0
  -24.102     8.156     0.060     2.000         0
  -24.325     8.212     0.060     2.000         0
  -24.548     8.267     0.060     2.000         0
  -24.771     8.338     0.060     2.000         0
  -24.997     8.389     0.060     2.000         0
  -25.217     8.447     0.060     2.000         0
  -25.442     8.507     0.060     2.000         0
  -25.663     8.560     0.060     2.000         0
  -25.884     8.614     0.060     2.000         0
  -26.106     8.668     0.060     2.000         0
  -26.327     8.721     0.060     2.000         0
  -26.550     8.775     0.060     2.000         0
  -26.772     8.829     0.060     2.000         0
  -26.995     8.878     0.060     2.000         0
  -27.217     8.927     0.060     2.000         0
  -27.439     8.980     0.060     2.000         0
  -27.660     9.022     0.060     2.000         0
  -27.882     9.055     0.060     2.000         0
  -28.106     9.108     0.060     2.000         0
  -28.331     9.151     0.060     2.000         0
  -28.559     9.195     0.060     2.000         0
  -28.788     9.229     0.060     2.000         0
  -29.015     9.282     0.060     2.000         0
  -29.240     9.325     0.060     2.000         0
  -29.464     9.367     0.060     2.000         0
  -29.688     9.410     0.060     2.000         0
  -29.913     9.453     0.060     2.000         0
  -30.135     9.490     0.060     2.000         0
  -30.357     9.537     0.060     2.000         0
  -30.580     9.569     0.060     2.000         0
  -30.799     9.621     0.060     2.000         0
  -31.017     9.663     0.060     2.000         0
  -31.235     9.694     0.060     2.000         0
  -31.454     9.736     0.060     2.000         0
  -31.680     9.763     0.060     2.000         0
  -31.902     9.804     0.060     2.000         0
  -32.122     9.835     0.060     2.000         0
  -32.343     9.871     0.060     2.000         0
  -32.563     9.927     0.060     2.000         0
  -32.784     9.953     0.060     2.000         0
  -33.006     9.999     0.060     2.000         0
  -33.227    10.035     0.060     2.000         0
  -33.448    10.071     0.060     2.000         0
  -33.668    10.102     0.060     2.000         0
  -33.886    10.133     0.060     2.000         0
  -34.105    10.160     0.060     2.000         0
  -34.326    10.167     0.060     2.000         0
  -34.551    10.210     0.060     2.000         0
  -34.778    10.223     0.060     2.000         0
  -35.005    10.249     0.060     2.000         0
  -35.231    10.275     0.060     2.000         0
  -35.459    10.301     0.060     2.000         0
  -35.688    10.337     0.060     2.000         0
  -35.919    10.364     0.060     2.000         0
  -36.150    10.376     0.060     2.000         0
  -36.379    10.417     0.060     2.000         0
  -36.605    10.443     0.060     2.000         0
  -36.829    10.448     0.060     2.000         0
  -37.055    10.494     0.060     2.000         0
  -37.280    10.500     0.060     2.000         0
  -37.503    10.526     0.060     2.000         0
  -37.724    10.551     0.060     2.000         0
  -37.945    10.587     0.060     2.000         0
  -38.168    10.623     0.060     2.000         0
  -38.389    10.669     0.060     2.000         0
  -38.610    10.686     0.060     2.000         0
  -38.830    10.742     0.060     2.000         0
  -39.048    10.778     0.060     2.000         0
  -39.267    10.814     0.060     2.000         0
  -39.485    10.849     0.060     2.000         0
  -39.704    10.865     0.060     2.000         0
  -39.924    10.912     0.060     2.000         0
  -40.144    10.958     0.060     2.000         0
  -40.363    10.994     0.060     2.000         0
  -40.582    11.030     0.060     2.000         0
  -40.802    11.051     0.060     2.000         0
  -41.020    11.091     0.060     2.000         0
  -41.246    11.129     0.060     2.000         0
  -41.469    11.167     0.060     2.000         0
  -41.691    11.195     0.060     2.000         0
  -41.914    11.233     0.060     2.000         0
  -42.138    11.271     0.060     2.000         0
  -42.360    11.324     0.060     2.000         0
  -42.584    11.347     0.060     2.000         0
  -42.804    11.405     0.060     2.000         0
  -43.023    11.422     0.060     2.000         0
  -43.247    11.460     0.060     2.000         0
  -43.470    11.518     0.060     2.000         0
  -43.693    11.537     0.060     2.000         0
  -43.913    11.594     0.060     2.000         0
  -44.135    11.612     0.060     2.000         0
  -44.355    11.660     0.060     2.000         0
  -44.574    11.694     0.060     2.000         0
  -44.796    11.758     0.060     2.000         0
  -45.018    11.803     0.060     2.000         0
  -45.242    11.838     0.060     2.000         0
  -45.467    11.884     0.060     2.000         0
  -45.688    11.928     0.060     2.000         0
  -45.908    11.978     0.060     2.000         0
  -46.128    12.007     0.060     2.000         0
  -46.347    12.071     0.060     2.000         0
  -46.569    12.096     0.060     2.000         0
  -46.790    12.160     0.060     2.000         0
  -47.009    12.205     0.060     2.000         0
  -47.234    12.250     0.060     2.000         0
  -47.457    12.290     0.060     2.000         0
  -47.680    12.325     0.060     2.000         0
  -47.904    12.375     0.060     2.000         0
  -48.128    12.409     0.060     2.000         0
  -48.352    12.473     0.060     2.000         0
  -48.576    12.518     0.060     2.000         0
  -48.799    12.542     0.060     2.000         0
  -49.023    12.601     0.060     2.000         0
  -49.247    12.640     0.060     2.000         0
  -49.470    12.688     0.060     2.000         0
  -49.695    12.727     0.060     2.000         0
  -49.918    12.750     0.060     2.000         0
  -50.143    12.803     0.060     2.000         0
  -50.365    12.826     0.060     2.000         0
  -50.589    12.880     0.060     2.000         0
  -50.813    12.918     0.060     2.000         0
  -51.034    12.946     0.060     2.000         0
  -51.260    12.975     0.060     2.000         0
  -51.485    13.023     0.060     2.000         0
  -28.331    10.103     0.060     3.000         0
  -28.559    10.128     0.060     3.000         0
  -28.788    10.132     0.060     3.000         0
  -29.015    10.152     0.060     3.000         0
  -29.240    10.171     0.060     3.000         0
  -29.464    10.190     0.060     3.000         0
  -29.688    10.224     0.060     3.000         0
  -29.913    10.244     0.060     3.000         0
  -30.135    10.248     0.060     3.000         0
  -30.357    10.267     0.060     3.000         0
  -30.580    10.301     0.060     3.000         0
  -30.799    10.304     0.060     3.000         0
  -31.017    10.343     0.060     3.000         0
  -31.235    10.362     0.060     3.000         0
  -31.454    10.371     0.060     3.000         0
  -31.680    10.392     0.060     3.000         0
  -31.902    10.393     0.060     3.000         0
  -32.122    10.400     0.060     3.000         0
  -32.343    10.426     0.060     3.000         0
  -32.563    10.437     0.060     3.000         0
  -32.784    10.448     0.060     3.000         0
  -33.006    10.440     0.060     3.000         0
  -33.227    10.471     0.060     3.000         0
  -33.448    10.482     0.060     3.000         0
  -33.668    10.493     0.060     3.000         0
  -33.886    10.485     0.060     3.000         0
  -34.105    10.496     0.060     3.000         0
  -34.326    10.527     0.060     3.000         0
  -34.551    10.529     0.060     3.000         0
  -34.778    10.540     0.060     3.000         0
  -35.005    10.555     0.060     3.000         0
  -35.231    10.600     0.060     3.000         0
  -35.459    10.610     0.060     3.000         0
  -35.688    10.636     0.060     3.000         0
  -35.919    10.656     0.060     3.000         0
  -36.150    10.682     0.060     3.000         0
  -36.379    10.707     0.060     3.000         0
  -36.605    10.747     0.060     3.000         0
  -36.829    10.767     0.060     3.000         0
  -37.055    10.802     0.060     3.000         0
  -37.280    10.827     0.060     3.000         0
  -37.503    10.851     0.060     3.000         0
  -37.724    10.876     0.060     3.000         0
  -37.945    10.900     0.060     3.000         0
  -38.168    10.925     0.060     3.000         0
  -38.389    10.929     0.060     3.000         0
  -38.610    10.954     0.060     3.000         0
  -38.830    10.998     0.060     3.000         0
  -39.048    11.012     0.060     3.000         0
  -39.267    11.037     0.060     3.000         0
  -39.485    11.062     0.060     3.000         0
  -39.704    11.108     0.060     3.000         0
  -39.924    11.140     0.060     3.000         0
  -40.144    11.171     0.060     3.000         0
  -40.363    11.202     0.060     3.000         0
  -40.582    11.233     0.060     3.000         0
  -40.802    11.264     0.060     3.000         0
  -41.020    11.290     0.060     3.000         0
  -41.246    11.327     0.060     3.000         0
  -41.469    11.358     0.060     3.000         0
  -41.691    11.390     0.060     3.000         0
  -41.914    11.421     0.060     3.000         0
  -42.138    11.453     0.060     3.000         0
  -42.360    11.464     0.060     3.000         0
  -42.584    11.516     0.060     3.000         0
  -42.804    11.547     0.060     3.000         0
  -43.023    11.573     0.060     3.000         0
  -43.247    11.590     0.060     3.000         0
  -43.470    11.621     0.060     3.000         0
  -43.693    11.658     0.060     3.000         0
  -43.913    11.689     0.060     3.000         0
  -44.135    11.716     0.060     3.000         0
  -44.355    11.757     0.060     3.000         0
  -44.574    11.789     0.060     3.000         0
  -44.796    11.832     0.060     3.000         0
  -45.018    11.895     0.060     3.000         0
  -45.242    11.918     0.060     3.000         0
  -45.467    11.962     0.060     3.000         0
  -45.688    12.009     0.060     3.000         0
  -45.908    12.047     0.060     3.000         0
  -46.128    12.094     0.060     3.000         0
  -46.347    12.132     0.060     3.000         0
  -46.569    12.195     0.060     3.000         0
  -46.790    12.237     0.060     3.000         0
  -47.009    12.260     0.060     3.000         0
  -47.234    12.318     0.060     3.000         0
  -47.457    12.366     0.060     3.000         0
  -47.680    12.394     0.060     3.000         0
  -47.904    12.433     0.060     3.000         0
  -48.128    12.476     0.060     3.000         0
  -48.352    12.524     0.060     3.000         0
  -48.576    12.563     0.060     3.000         0
  -48.799    12.616     0.060     3.000         0
  -49.023    12.649     0.060     3.000         0
  -49.247    12.702     0.060     3.000         0
  -49.470    12.745     0.060     3.000         0
  -49.695    12.798     0.060     3.000         0
  -49.918    12.830     0.060     3.000         0
  -50.143    12.888     0.060     3.000         0
  -50.365    12.925     0.060     3.000         0
  -50.589    12.972     0.060     3.000         0
  -50.813    13.030     0.060     3.000         0
  -51.942    13.087     0.060     4.000         0
  -52.166    13.121     0.060     4.000         0
  -52.392    13.135     0.060     4.000         0
  -52.617    13.149     0.060     4.000         0
  -52.842    13.193     0.060     4.000         0
  -53.070    13.217     0.060     4.000         0
  -53.296    13.241     0.060     4.000         0
  -53.521    13.250     0.060     4.000         0
  -53.743    13.289     0.060     4.000         0
  -53.966    13.313     0.060     4.000         0
  -54.191    13.317     0.060     4.000         0
  -54.416    13.351     0.060     4.000         0
  -54.639    13.390     0.060     4.000         0
  -54.862    13.400     0.060     4.000         0
  -55.084    13.440     0.060     4.000         0
  -55.310    13.480     0.060     4.000         0
  -55.531    13.509     0.060     4.000         0
  -55.753    13.529     0.060     4.000         0
  -55.975    13.558     0.060     4.000         0
  -56.198    13.578     0.060     4.000         0
  -56.421    13.628     0.060     4.000         0
  -56.639    13.647     0.060     4.000         0
  -56.860    13.686     0.060     4.000         0
  -57.081    13.701     0.060     4.000         0
  -57.303    13.745     0.060     4.000         0
  -57.526    13.760     0.060     4.000         0
  -57.746    13.789     0.060     4.000         0
  -57.963    13.833     0.060     4.000         0
  -58.176    13.861     0.060     4.000         0
  -58.390    13.880     0.060     4.000         0
  -58.606    13.887     0.060     4.000         0
  -58.824    13.925     0.060     4.000         0
  -59.042    13.928     0.060     4.000         0
  -59.260    13.961     0.060     4.000         0
  -59.480    13.963     0.060     4.000         0
  -59.700    13.976     0.060     4.000         0
  -59.920    14.004     0.060     4.000         0
  -60.137    14.032     0.060     4.000         0
  -60.359    14.050     0.060     4.000         0
  -60.580    14.048     0.060     4.000         0
  -60.800    14.066     0.060     4.000         0
  -61.020    14.104     0.060     4.000         0
  -61.239    14.116     0.060     4.000         0
  -61.457    14.139     0.060     4.000         0
  -61.674    14.157     0.060     4.000         0
  -61.892    14.174     0.060     4.000         0
  -62.109    14.192     0.060     4.000         0
  -62.326    14.210     0.060     4.000         0
  -62.545    14.222     0.060     4.000         0
  -62.764    14.225     0.060     4.000         0
  -62.982    14.263     0.060     4.000         0
  -63.199    14.281     0.060     4.000         0
  -63.418    14.288     0.060     4.000         0
  -63.637    14.319     0.060     4.000         0
  -63.855    14.330     0.060     4.000         0
  -64.074    14.341     0.060     4.000         0
  -64.292    14.382     0.060     4.000         0
  -64.512    14.403     0.060     4.000         0
  -64.734    14.425     0.060     4.000         0
  -64.957    14.431     0.060     4.000         0
  -65.181    14.467     0.060     4.000         0
  -65.408    14.469     0.060     4.000         0
  -65.630    14.511     0.060     4.000         0
  -65.855    14.527     0.060     4.000         0
  -66.079    14.554     0.060     4.000         0
  -66.304    14.575     0.060     4.000         0
  -66.529    14.597     0.060     4.000         0
  -66.755    14.608     0.060     4.000         0
    0.000     0.000     0.000        -1
