    0.000     1.000     0.000         0
    4.026     5.170     0.060     1.000         0
    3.807     5.049     0.060     1.000         0
    3.588     4.938     0.060     1.000         0
    3.369     4.798     0.060     1.000         0
    3.153     4.679     0.060     1.000         0
    2.932     4.567     0.060     1.000         0
    2.712     4.470     0.060     1.000         0
    2.493     4.383     0.060     1.000         0
    2.277     4.317     0.060     1.000         0
    2.063     4.223     0.060     1.000         0
    1.853     4.139     0.060     1.000         0
    1.638     4.060     0.060     1.000         0
    1.422     3.989     0.060     1.000         0
    1.202     3.923     0.060     1.000         0
    0.982     3.856     0.060     1.000         0
    0.759     3.825     0.060     1.000         0
    0.537     3.793     0.060     1.000         0
    0.316     3.772     0.060     1.000         0
    0.097     3.751     0.060     1.000         0
   34.027    10.372     0.060     2.000         0
   33.801    10.326     0.060     2.000         0
   33.577    10.299     0.060     2.000         0
   33.354    10.253     0.060     2.000         0
   33.131    10.217     0.060     2.000         0
   32.903    10.180     0.060     2.000         0
   32.676    10.163     0.060     2.000         0
   32.451    10.117     0.060     2.000         0
   32.230    10.071     0.060     2.000         0
   32.010    10.055     0.060     2.000         0
   31.783    10.019     0.060     2.000         0
   31.557     9.962     0.060     2.000         0
   31.331     9.945     0.060     2.000         0
   31.103     9.898     0.060     2.000         0
   30.875     9.869     0.060     2.000         0
   30.648     9.825     0.060     2.000         0
   30.419     9.786     0.060     2.000         0
   30.191     9.737     0.060     2.000         0
   29.963     9.693     0.060     2.000         0
   29.736     9.654     0.060     2.000         0
   29.510     9.615     0.060     2.000         0
   29.283     9.576     0.060     2.000         0
   29.054     9.537     0.060     2.000         0
   28.826     9.508     0.060     2.000         0
   28.600     9.457     0.060     2.000         0
   28.375     9.417     0.060     2.000         0
   28.152     9.381     0.060     2.000         0
   27.929     9.336     0.060     2.000         0
   27.705     9.300     0.060     2.000         0
   27.481     9.255     0.060     2.000         0
   27.260     9.215     0.060     2.000         0
   27.038     9.185     0.060     2.000         0
   26.816     9.147     0.060     2.000         0
   26.596     9.079     0.060     2.000         0
   26.377     9.032     0.060     2.000         0
   26.157     9.004     0.060     2.000         0
   25.934     8.956     0.060     2.000         0
   25.711     8.888     0.060     2.000         0
   25.489     8.840     0.060     2.000         0
   25.271     8.802     0.060     2.000         0
   25.053     8.748     0.060     2.000         0
   24.832     8.712     0.060     2.000         0
   24.612     8.667     0.060     2.000         0
   24.394     8.623     0.060     2.000         0
   24.170     8.577     0.060     2.000         0
   23.949     8.531     0.060     2.000         0
   23.728     8.494     0.060     2.000         0
   23.504     8.467     0.060     2.000         0
   23.280     8.445     0.060     2.000         0
   23.057     8.422     0.060     2.000         0
   22.838     8.401     0.060     2.000         0
   22.619     8.359     0.060     2.000         0
   22.399     8.342     0.060     2.000         0
   22.179     8.305     0.060     2.000         0
   21.958     8.288     0.060     2.000         0
   21.737     8.261     0.060     2.000         0
   21.518     8.233     0.060     2.000         0
   21.296     8.205     0.060     2.000         0
   21.074     8.186     0.060     2.000         0
   20.856     8.153     0.060     2.000         0
   20.639     8.125     0.060     2.000         0
   20.421     8.092     0.060     2.000         0
   20.201     8.059     0.060     2.000         0
   19.983     8.026     0.060     2.000         0
   19.766     8.008     0.060     2.000         0
   19.546     7.968     0.060     2.000         0
   19.324     7.936     0.060     2.000         0
   19.105     7.895     0.060     2.000         0
   18.887     7.855     0.060     2.000         0
   18.665     7.809     0.060     2.000         0
   18.442     7.762     0.060     2.000         0
   18.220     7.716     0.060     2.000         0
   17.998     7.684     0.060     2.000         0
   17.776     7.643     0.060     2.000         0
   17.553     7.606     0.060     2.000         0
   17.329     7.554     0.060     2.000         0
   17.105     7.517     0.060     2.000         0
   16.879     7.475     0.060     2.000         0
   16.654     7.423     0.060     2.000         0
   16.432     7.386     0.060     2.000         0
   16.207     7.340     0.060     2.000         0
   15.988     7.295     0.060     2.000         0
   15.767     7.255     0.060     2.000         0
   15.546     7.205     0.060     2.000         0
   15.324     7.159     0.060     2.000         0
   15.102     7.108     0.060     2.000         0
   14.882     7.068     0.060     2.000         0
   14.664     7.010     0.060     2.000         0
   14.446     6.962     0.060     2.000         0
   14.225     6.902     0.060     2.000         0
   14.010     6.855     0.060     2.000         0
   13.791     6.801     0.060     2.000         0
   13.573     6.779     0.060     2.000         0
   13.357     6.747     0.060     2.000         0
   13.140     6.715     0.060     2.000         0
   12.923     6.678     0.060     2.000         0
   12.706     6.641     0.060     2.000         0
   12.491     6.604     0.060     2.000         0
   12.278     6.577     0.060     2.000         0
   12.066     6.551     0.060     2.000         0
   11.853     6.529     0.060     2.000         0
   11.640     6.502     0.060     2.000         0
   11.428     6.481     0.060     2.000         0
   11.215     6.449     0.060     2.000         0
   11.004     6.397     0.060     2.000         0
   10.793     6.344     0.060     2.000         0
   10.583     6.301     0.060     2.000         0
   10.372     6.258     0.060     2.000         0
   10.161     6.215     0.060     2.000         0
    9.949     6.177     0.060     2.000         0
    9.738     6.139     0.060     2.000         0
    9.524     6.110     0.060     2.000         0
    9.310     6.082     0.060     2.000         0
    9.087     6.062     0.060     2.000         0
    8.865     6.032     0.060     2.000         0
    8.643     5.987     0.060     2.000         0
    8.424     5.962     0.060     2.000         0
    8.206     5.946     0.060     2.000         0
    7.986     5.905     0.060     2.000         0
    7.766     5.894     0.060     2.000         0
    7.547     5.848     0.060     2.000         0
    7.328     5.832     0.060     2.000         0
    7.112     5.802     0.060     2.000         0
    6.891     5.762     0.060     2.000         0
    6.673     5.713     0.060     2.000         0
    6.454     5.673     0.060     2.000         0
    6.235     5.623     0.060     2.000         0
    6.013     5.593     0.060     2.000         0
    5.793     5.538     0.060     2.000         0
    5.573     5.494     0.060     2.000         0
    5.353     5.450     0.060     2.000         0
    5.130     5.425     0.060     2.000         0
    4.910     5.370     0.060     2.000         0
    4.687     5.326     0.060     2.000         0
   53.018    13.057     0.060     3.000         0
   52.792    13.027     0.060     3.000         0
   52.567    12.997     0.060     3.000         0
   52.342    12.987     0.060     3.000         0
   52.115    12.937     0.060     3.000         0
   51.888    12.917     0.060     3.000         0
   51.659    12.902     0.060     3.000         0
   51.434    12.878     0.060     3.000         0
   51.205    12.833     0.060     3.000         0
   50.977    12.828     0.060     3.000         0
   50.747    12.788     0.060     3.000         0
   50.516    12.758     0.060     3.000         0
   50.286    12.733     0.060     3.000         0
   50.057    12.709     0.060     3.000         0
   49.825    12.694     0.060     3.000         0
   49.595    12.660     0.060     3.000         0
   49.364    12.641     0.060     3.000         0
   49.132    12.621     0.060     3.000         0
   48.902    12.598     0.060     3.000         0
   48.672    12.574     0.060     3.000         0
   48.442    12.555     0.060     3.000         0
   48.213    12.531     0.060     3.000         0
   47.976    12.511     0.060     3.000         0
   47.742    12.487     0.060     3.000         0
   47.508    12.452     0.060     3.000         0
   47.270    12.424     0.060     3.000         0
   47.038    12.382     0.060     3.000         0
   46.801    12.348     0.060     3.000         0
   46.567    12.310     0.060     3.000         0
   46.335    12.273     0.060     3.000         0
   46.107    12.226     0.060     3.000         0
   45.876    12.194     0.060     3.000         0
   45.649    12.142     0.060     3.000         0
   45.422    12.115     0.060     3.000         0
   45.194    12.100     0.060     3.000         0
   44.966    12.075     0.060     3.000         0
   44.736    12.044     0.060     3.000         0
   44.506    12.023     0.060     3.000         0
   44.275    11.988     0.060     3.000         0
   44.048    11.962     0.060     3.000         0
   43.816    11.931     0.060     3.000         0
   43.587    11.911     0.060     3.000         0
   43.359    11.885     0.060     3.000         0
   43.130    11.866     0.060     3.000         0
   42.902    11.837     0.060     3.000         0
   42.670    11.812     0.060     3.000         0
   42.437    11.797     0.060     3.000         0
   42.204    11.753     0.060     3.000         0
   41.971    11.748     0.060     3.000         0
   41.738    11.703     0.060     3.000         0
   41.506    11.688     0.060     3.000         0
   41.275    11.643     0.060     3.000         0
   41.047    11.627     0.060     3.000         0
   40.817    11.592     0.060     3.000         0
   40.587    11.556     0.060     3.000         0
   40.355    11.520     0.060     3.000         0
   40.123    11.484     0.060     3.000         0
   39.889    11.428     0.060     3.000         0
   39.657    11.412     0.060     3.000         0
   39.424    11.366     0.060     3.000         0
   39.191    11.327     0.060     3.000         0
   38.959    11.319     0.060     3.000         0
   38.728    11.271     0.060     3.000         0
   38.495    11.263     0.060     3.000         0
   38.263    11.229     0.060     3.000         0
   38.031    11.186     0.060     3.000         0
   37.798    11.158     0.060     3.000         0
   37.566    11.130     0.060     3.000         0
   37.334    11.111     0.060     3.000         0
   37.102    11.088     0.060     3.000         0
   36.869    11.055     0.060     3.000         0
   36.635    11.022     0.060     3.000         0
   36.399    10.989     0.060     3.000         0
   36.162    10.935     0.060     3.000         0
   35.923    10.901     0.060     3.000         0
   35.686    10.882     0.060     3.000         0
   35.449    10.834     0.060     3.000         0
   35.213    10.820     0.060     3.000         0
   34.978    10.767     0.060     3.000         0
   34.741    10.748     0.060     3.000         0
   34.501    10.699     0.060     3.000         0
   34.261    10.680     0.060     3.000         0
   34.027    10.632     0.060     3.000         0
   33.801    10.620     0.060     3.000         0
   33.577    10.588     0.060     3.000         0
   33.354    10.556     0.060     3.000         0
   33.131    10.509     0.060     3.000         0
   32.903    10.472     0.060     3.000         0
   32.676    10.440     0.060     3.000         0
   32.451    10.418     0.060     3.000         0
   32.230    10.375     0.060     3.000         0
   32.010    10.343     0.060     3.000         0
   31.783    10.329     0.060     3.000         0
   31.557    10.296     0.060     3.000         0
   31.331    10.263     0.060     3.000         0
   31.103    10.229     0.060     3.000         0
   30.875    10.195     0.060     3.000         0
   30.648    10.142     0.060     3.000         0
   30.419    10.108     0.060     3.000         0
   30.191    10.094     0.060     3.000         0
   29.963    10.041     0.060     3.000         0
   29.736    10.027     0.060     3.000         0
   29.510     9.994     0.060     3.000         0
   29.283     9.950     0.060     3.000         0
   29.054     9.907     0.060     3.000         0
   28.826     9.883     0.060     3.000         0
   28.600     9.855     0.060     3.000         0
   28.375     9.806     0.060     3.000         0
   28.152     9.783     0.060     3.000         0
   27.929     9.744     0.060     3.000         0
   27.705     9.714     0.060     3.000         0
   27.481     9.699     0.060     3.000         0
   27.260     9.674     0.060     3.000         0
   27.038     9.639     0.060     3.000         0
   26.816     9.614     0.060     3.000         0
   26.596     9.565     0.060     3.000         0
   26.377     9.536     0.060     3.000         0
   26.157     9.506     0.060     3.000         0
   25.934     9.476     0.060     3.000         0
   25.711     9.446     0.060     3.000         0
   25.489     9.437     0.060     3.000         0
   25.271     9.408     0.060     3.000         0
   25.053     9.368     0.060     3.000         0
   24.832     9.350     0.060     3.000         0
   24.612     9.317     0.060     3.000         0
   24.394     9.279     0.060     3.000         0
   24.170     9.246     0.060     3.000         0
   23.949     9.238     0.060     3.000         0
   23.728     9.210     0.060     3.000         0
   23.504     9.161     0.060     3.000         0
   23.280     9.133     0.060     3.000         0
   23.057     9.109     0.060     3.000         0
   22.838     9.096     0.060     3.000         0
   22.619     9.049     0.060     3.000         0
   22.399     9.041     0.060     3.000         0
   22.179     9.003     0.060     3.000         0
   21.958     8.975     0.060     3.000         0
   59.116    13.793     0.060     4.000         0
   58.886    13.758     0.060     4.000         0
   58.658    13.734     0.060     4.000         0
   58.431    13.709     0.060     4.000         0
   58.206    13.705     0.060     4.000         0
   57.978    13.671     0.060     4.000         0
   57.754    13.656     0.060     4.000         0
   57.528    13.610     0.060     4.000         0
   57.304    13.590     0.060     4.000         0
   57.080    13.570     0.060     4.000         0
   56.855    13.545     0.060     4.000         0
   56.630    13.520     0.060     4.000         0
   56.404    13.484     0.060     4.000         0
   56.177    13.439     0.060     4.000         0
   55.952    13.413     0.060     4.000         0
   55.727    13.357     0.060     4.000         0
   55.501    13.320     0.060     4.000         0
   55.274    13.304     0.060     4.000         0
   55.048    13.267     0.060     4.000         0
   54.822    13.221     0.060     4.000         0
   54.596    13.172     0.060     4.000         0
   54.371    13.133     0.060     4.000         0
   54.147    13.114     0.060     4.000         0
   53.924    13.075     0.060     4.000         0
   53.697    13.036     0.060     4.000         0
   53.471    12.997     0.060     4.000         0
   53.245    12.948     0.060     4.000         0
   53.018    12.920     0.060     4.000         0
   52.792    12.873     0.060     4.000         0
   52.567    12.841     0.060     4.000         0
   52.342    12.824     0.060     4.000         0
   52.115    12.797     0.060     4.000         0
   51.888    12.754     0.060     4.000         0
   51.659    12.722     0.060     4.000         0
   51.434    12.707     0.060     4.000         0
   51.205    12.681     0.060     4.000         0
   50.977    12.656     0.060     4.000         0
   50.747    12.630     0.060     4.000         0
   50.516    12.594     0.060     4.000         0
   50.286    12.579     0.060     4.000         0
   50.057    12.553     0.060     4.000         0
   49.825    12.527     0.060     4.000         0
   49.595    12.492     0.060     4.000         0
   49.364    12.480     0.060     4.000         0
   49.132    12.444     0.060     4.000         0
   48.902    12.438     0.060     4.000         0
   48.672    12.417     0.060     4.000         0
   48.442    12.376     0.060     4.000         0
   48.213    12.355     0.060     4.000         0
   47.976    12.338     0.060     4.000         0
   47.742    12.321     0.060     4.000         0
   47.508    12.300     0.060     4.000         0
   47.270    12.265     0.060     4.000         0
   47.038    12.211     0.060     4.000         0
   46.801    12.166     0.060     4.000         0
   46.567    12.131     0.060     4.000         0
   46.335    12.077     0.060     4.000         0
   46.107    12.033     0.060     4.000         0
   45.876    12.019     0.060     4.000         0
   45.649    11.986     0.060     4.000         0
   45.422    11.932     0.060     4.000         0
   45.194    11.899     0.060     4.000         0
   44.966    11.865     0.060     4.000         0
   44.736    11.831     0.060     4.000         0
   44.506    11.807     0.060     4.000         0
   44.275    11.788     0.060     4.000         0
   44.048    11.779     0.060     4.000         0
   43.816    11.745     0.060     4.000         0
   43.587    11.721     0.060     4.000         0
   43.359    11.712     0.060     4.000         0
    0.000    -1.000     0.000         0
   -0.123     3.755     0.060     1.000         0
   -0.342     3.768     0.060     1.000         0
   -0.558     3.791     0.060     1.000         0
   -0.774     3.824     0.060     1.000         0
   -0.992     3.872     0.060     1.000         0
   -1.208     3.929     0.060     1.000         0
   -1.423     3.986     0.060     1.000         0
   -1.631     4.060     0.060     1.000         0
   -1.852     4.099     0.060     1.000         0
   -2.071     4.167     0.060     1.000         0
   -2.287     4.261     0.060     1.000         0
   -2.507     4.346     0.060     1.000         0
   -2.723     4.431     0.060     1.000         0
   -2.939     4.495     0.060     1.000         0
   -3.153     4.588     0.060     1.000         0
   -3.368     4.700     0.060     1.000         0
   -3.583     4.843     0.060     1.000         0
   -3.798     4.965     0.060     1.000         0
   -4.022     5.082     0.060     1.000         0
   -4.474     5.207     0.060     2.000         0
   -4.698     5.229     0.060     2.000         0
   -4.922     5.231     0.060     2.000         0
   -5.147     5.233     0.060     2.000         0
   -5.370     5.249     0.060     2.000         0
   -5.591     5.266     0.060     2.000         0
   -5.813     5.288     0.060     2.000         0
   -6.036     5.301     0.060     2.000         0
   -6.258     5.293     0.060     2.000         0
   -6.480     5.315     0.060     2.000         0
   -6.704     5.334     0.060     2.000         0
   -6.928     5.363     0.060     2.000         0
   -7.153     5.392     0.060     2.000         0
   -7.375     5.420     0.060     2.000         0
   -7.601     5.450     0.060     2.000         0
   -7.824     5.478     0.060     2.000         0
   -8.047     5.517     0.060     2.000         0
   -8.269     5.566     0.060     2.000         0
   -8.490     5.604     0.060     2.000         0
   -8.716     5.673     0.060     2.000         0
   -8.939     5.722     0.060     2.000         0
   -9.162     5.750     0.060     2.000         0
   -9.381     5.808     0.060     2.000         0
   -9.602     5.859     0.060     2.000         0
   -9.825     5.934     0.060     2.000         0
  -10.047     5.990     0.060     2.000         0
  -10.270     6.051     0.060     2.000         0
  -10.494     6.107     0.060     2.000         0
  -10.720     6.178     0.060     2.000         0
  -10.940     6.233     0.060     2.000         0
  -11.164     6.296     0.060     2.000         0
  -11.386     6.349     0.060     2.000         0
  -11.606     6.401     0.060     2.000         0
  -11.828     6.454     0.060     2.000         0
  -12.050     6.507     0.060     2.000         0
  -12.273     6.559     0.060     2.000         0
  -12.495     6.612     0.060     2.000         0
  -12.718     6.665     0.060     2.000         0
  -12.940     6.718     0.060     2.000         0
  -13.161     6.770     0.060     2.000         0
  -13.382     6.822     0.060     2.000         0
  -13.604     6.865     0.060     2.000         0
  -13.828     6.921     0.060     2.000         0
  -14.053     6.967     0.060     2.000         0
  -14.281     7.014     0.060     2.000         0
  -14.511     7.061     0.060     2.000         0
  -14.738     7.108     0.060     2.000         0
  -14.963     7.154     0.060     2.000         0
  -15.187     7.200     0.060     2.000         0
  -15.411     7.246     0.060     2.000         0
  -15.635     7.292     0.060     2.000         0
  -15.858     7.338     0.060     2.000         0
  -16.080     7.374     0.060     2.000         0
  -16.302     7.427     0.060     2.000         0
  -16.522     7.470     0.060     2.000         0
  -16.739     7.512     0.060     2.000         0
  -16.958     7.555     0.060     2.000         0
  -17.177     7.598     0.060     2.000         0
  -17.403     7.642     0.060     2.000         0
  -17.625     7.681     0.060     2.000         0
  -17.845     7.719     0.060     2.000         0
  -18.065     7.761     0.060     2.000         0
  -18.286     7.793     0.060     2.000         0
  -18.507     7.825     0.060     2.000         0
  -18.729     7.848     0.060     2.000         0
  -18.949     7.880     0.060     2.000         0
  -19.171     7.903     0.060     2.000         0
  -19.390     7.905     0.060     2.000         0
  -19.609     7.947     0.060     2.000         0
  -19.827     7.954     0.060     2.000         0
  -20.048     7.982     0.060     2.000         0
  -20.274     8.011     0.060     2.000         0
  -20.500     8.030     0.060     2.000         0
  -20.727     8.049     0.060     2.000         0
  -20.954     8.053     0.060     2.000         0
  -21.181     8.082     0.060     2.000         0
  -21.411     8.086     0.060     2.000         0
  -21.641     8.105     0.060     2.000         0
  -21.872     8.135     0.060     2.000         0
  -22.101     8.167     0.060     2.000         0
  -22.327     8.195     0.060     2.000         0
  -22.552     8.222     0.060     2.000         0
  -22.777     8.274     0.060     2.000         0
  -23.002     8.306     0.060     2.000         0
  -23.226     8.333     0.060     2.000         0
  -23.447     8.369     0.060     2.000         0
  -23.667     8.390     0.060     2.000         0
  -23.890     8.420     0.060     2.000         0
  -24.112     8.455     0.060     2.000         0
  -24.333     8.505     0.060     2.000         0
  -24.553     8.519     0.060     2.000         0
  -24.771     8.568     0.060     2.000         0
  -24.990     8.607     0.060     2.000         0
  -25.208     8.631     0.060     2.000         0
  -25.427     8.676     0.060     2.000         0
  -25.647     8.700     0.060     2.000         0
  -25.866     8.734     0.060     2.000         0
  -26.085     8.778     0.060     2.000         0
  -26.304     8.807     0.060     2.000         0
  -26.524     8.827     0.060     2.000         0
  -26.743     8.871     0.060     2.000         0
  -26.968     8.906     0.060     2.000         0
  -27.191     8.940     0.060     2.000         0
  -27.414     8.980     0.060     2.000         0
  -27.636     9.000     0.060     2.000         0
  -27.860     9.035     0.060     2.000         0
  -28.082     9.079     0.060     2.000         0
  -28.306     9.115     0.060     2.000         0
  -28.527     9.161     0.060     2.000         0
  -28.746     9.206     0.060     2.000         0
  -28.970     9.272     0.060     2.000         0
  -29.193     9.303     0.060     2.000         0
  -29.416     9.344     0.060     2.000         0
  -29.636     9.410     0.060     2.000         0
  -29.857     9.446     0.060     2.000         0
  -30.077     9.501     0.060     2.000         0
  -30.297     9.536     0.060     2.000         0
  -30.518     9.592     0.060     2.000         0
  -30.741     9.617     0.060     2.000         0
  -30.965     9.663     0.060     2.000         0
  -31.190     9.730     0.060     2.000         0
  -31.411     9.760     0.060     2.000         0
  -31.631     9.810     0.060     2.000         0
  -31.851     9.850     0.060     2.000         0
  -32.070     9.890     0.060     2.000         0
  -32.292     9.936     0.060     2.000         0
  -32.513    10.001     0.060     2.000         0
  -32.732    10.046     0.060     2.000         0
  -32.957    10.072     0.060     2.000         0
  -33.179    10.118     0.060     2.000         0
  -33.403    10.173     0.060     2.000         0
  -33.627    10.214     0.060     2.000         0
  -33.851    10.279     0.060     2.000         0
  -34.075    10.314     0.060     2.000         0
  -34.299    10.364     0.060     2.000         0
  -34.523    10.434     0.060     2.000         0
  -34.747    10.484     0.060     2.000         0
  -34.971    10.529     0.060     2.000         0
  -35.194    10.584     0.060     2.000         0
  -35.418    10.624     0.060     2.000         0
  -35.642    10.665     0.060     2.000         0
  -35.866    10.695     0.060     2.000         0
  -36.089    10.741     0.060     2.000         0
  -36.313    10.791     0.060     2.000         0
  -36.537    10.837     0.060     2.000         0
  -36.758    10.867     0.060     2.000         0
  -36.984    10.897     0.060     2.000         0
  -37.209    10.958     0.060     2.000         0
  -37.437    10.989     0.060     2.000         0
  -37.666    11.020     0.060     2.000         0
  -37.890    11.071     0.060     2.000         0
  -38.117    11.087     0.060     2.000         0
  -38.341    11.143     0.060     2.000         0
  -38.567    11.174     0.060     2.000         0
  -38.794    11.195     0.060     2.000         0
  -39.021    11.251     0.060     2.000         0
  -39.246    11.277     0.060     2.000         0
  -39.468    11.314     0.060     2.000         0
  -39.691    11.321     0.060     2.000         0
  -39.916    11.349     0.060     2.000         0
  -40.142    11.397     0.060     2.000         0
  -40.365    11.424     0.060     2.000         0
  -40.588    11.451     0.060     2.000         0
  -40.811    11.473     0.060     2.000         0
  -41.037    11.501     0.060     2.000         0
  -41.258    11.523     0.060     2.000         0
  -41.481    11.550     0.060     2.000         0
  -41.702    11.579     0.060     2.000         0
  -41.925    11.608     0.060     2.000         0
  -42.148    11.617     0.060     2.000         0
  -42.367    11.655     0.060     2.000         0
  -42.588    11.669     0.060     2.000         0
  -42.809    11.687     0.060     2.000         0
  -43.031    11.706     0.060     2.000         0
  -43.254    11.730     0.060     2.000         0
  -43.475    11.754     0.060     2.000         0
  -43.692    11.797     0.060     2.000         0
  -43.904    11.810     0.060     2.000         0
  -44.117    11.828     0.060     2.000         0
  -44.333    11.856     0.060     2.000         0
  -44.551    11.905     0.060     2.000         0
  -44.769    11.914     0.060     2.000         0
  -44.987    11.948     0.060     2.000         0
  -45.206    11.987     0.060     2.000         0
  -45.426    12.011     0.060     2.000         0
  -45.645    12.040     0.060     2.000         0
  -45.863    12.057     0.060     2.000         0
  -46.085    12.086     0.060     2.000         0
  -46.305    12.134     0.060     2.000         0
  -46.525    12.162     0.060     2.000         0
  -46.745    12.190     0.060     2.000         0
  -46.964    12.198     0.060     2.000         0
  -47.181    12.241     0.060     2.000         0
  -47.399    12.273     0.060     2.000         0
  -47.617    12.296     0.060     2.000         0
  -47.833    12.309     0.060     2.000         0
  -48.050    12.346     0.060     2.000         0
  -33.179    10.911     0.060     3.000         0
  -33.403    10.925     0.060     3.000         0
  -33.627    10.965     0.060     3.000         0
  -33.851    10.994     0.060     3.000         0
  -34.075    10.999     0.060     3.000         0
  -34.299    11.029     0.060     3.000         0
  -34.523    11.068     0.060     3.000         0
  -34.747    11.093     0.060     3.000         0
  -34.971    11.117     0.060     3.000         0
  -35.194    11.142     0.060     3.000         0
  -35.418    11.167     0.060     3.000         0
  -35.642    11.181     0.060     3.000         0
  -35.866    11.215     0.060     3.000         0
  -36.089    11.230     0.060     3.000         0
  -36.313    11.249     0.060     3.000         0
  -36.537    11.273     0.060     3.000         0
  -36.758    11.312     0.060     3.000         0
  -36.984    11.337     0.060     3.000         0
  -37.209    11.361     0.060     3.000         0
  -37.437    11.386     0.060     3.000         0
  -37.666    11.411     0.060     3.000         0
  -37.890    11.425     0.060     3.000         0
  -38.117    11.438     0.060     3.000         0
  -38.341    11.480     0.060     3.000         0
  -38.567    11.483     0.060     3.000         0
  -38.794    11.506     0.060     3.000         0
  -39.021    11.548     0.060     3.000         0
  -39.246    11.566     0.060     3.000         0
  -39.468    11.593     0.060     3.000         0
  -39.691    11.596     0.060     3.000         0
  -39.916    11.628     0.060     3.000         0
  -40.142    11.639     0.060     3.000         0
  -40.365    11.659     0.060     3.000         0
  -40.588    11.700     0.060     3.000         0
  -40.811    11.720     0.060     3.000         0
  -41.037    11.741     0.060     3.000         0
  -41.258    11.741     0.060     3.000         0
  -41.481    11.781     0.060     3.000         0
  -41.702    11.797     0.060     3.000         0
  -41.925    11.822     0.060     3.000         0
  -42.148    11.822     0.060     3.000         0
  -42.367    11.842     0.060     3.000         0
  -42.588    11.863     0.060     3.000         0
  -42.809    11.883     0.060     3.000         0
  -43.031    11.903     0.060     3.000         0
  -43.254    11.934     0.060     3.000         0
  -43.475    11.947     0.060     3.000         0
  -43.692    11.980     0.060     3.000         0
  -43.904    11.993     0.060     3.000         0
  -44.117    12.015     0.060     3.000         0
  -44.333    12.038     0.060     3.000         0
  -44.551    12.061     0.060     3.000         0
  -44.769    12.084     0.060     3.000         0
  -44.987    12.112     0.060     3.000         0
  -45.206    12.130     0.060     3.000         0
  -45.426    12.174     0.060     3.000         0
  -45.645    12.197     0.060     3.000         0
  -45.863    12.200     0.060     3.000         0
  -46.085    12.244     0.060     3.000         0
  -46.305    12.267     0.060     3.000         0
  -46.525    12.280     0.060     3.000         0
  -46.745    12.316     0.060     3.000         0
  -46.964    12.342     0.060     3.000         0
  -47.181    12.348     0.060     3.000         0
  -47.399    12.374     0.060     3.000         0
  -47.617    12.405     0.060     3.000         0
  -47.833    12.440     0.060     3.000         0
  -48.050    12.456     0.060     3.000         0
  -48.269    12.497     0.060     3.000         0
  -48.488    12.513     0.060     3.000         0
  -48.706    12.556     0.060     3.000         0
  -48.922    12.578     0.060     3.000         0
  -49.141    12.606     0.060     3.000         0
  -49.360    12.639     0.060     3.000         0
  -49.578    12.672     0.060     3.000         0
  -49.797    12.705     0.060     3.000         0
  -50.015    12.753     0.060     3.000         0
  -50.235    12.766     0.060     3.000         0
  -50.457    12.809     0.060     3.000         0
  -50.680    12.830     0.060     3.000         0
  -50.904    12.830     0.060     3.000         0
  -51.131    12.846     0.060     3.000         0
  -51.353    12.871     0.060     3.000         0
  -51.577    12.882     0.060     3.000         0
  -51.801    12.902     0.060     3.000         0
  -52.026    12.913     0.060     3.000         0
  -52.252    12.924     0.060     3.000         0
  -52.478    12.940     0.060     3.000         0
  -52.706    12.976     0.060     3.000         0
  -52.932    12.972     0.060     3.000         0
  -53.159    13.008     0.060     3.000         0
  -53.384    13.023     0.060     3.000         0
  -53.611    13.029     0.060     3.000         0
  -53.837    13.055     0.060     3.000         0
  -54.063    13.071     0.060     3.000         0
  -54.288    13.071     0.060     3.000         0
  -54.513    13.092     0.060     3.000         0
  -54.737    13.113     0.060     3.000         0
  -54.962    13.164     0.060     3.000         0
  -55.189    13.176     0.060     3.000         0
  -55.418    13.213     0.060     3.000         0
  -55.645    13.259     0.060     3.000         0
  -55.869    13.280     0.060     3.000         0
  -52.026    12.769     0.060     4.000         0
  -52.252    12.800     0.060     4.000         0
  -52.478    12.812     0.060     4.000         0
  -52.706    12.824     0.060     4.000         0
  -52.932    12.860     0.060     4.000         0
  -53.159    12.867     0.060     4.000         0
  -53.384    12.899     0.060     4.000         0
  -53.611    12.910     0.060     4.000         0
  -53.837    12.952     0.060     4.000         0
  -54.063    12.954     0.060     4.000         0
  -54.288    12.975     0.060     4.000         0
  -54.513    12.997     0.060     4.000         0
  -54.737    13.028     0.060     4.000         0
  -54.962    13.050     0.060     4.000         0
  -55.189    13.081     0.060     4.000         0
  -55.418    13.093     0.060     4.000         0
  -55.645    13.122     0.060     4.000         0
  -55.869    13.181     0.060     4.000         0
  -56.098    13.220     0.060     4.000         0
  -56.328    13.260     0.060     4.000         0
  -56.553    13.279     0.060     4.000         0
  -56.775    13.337     0.060     4.000         0
  -56.997    13.365     0.060     4.000         0
  -57.223    13.409     0.060     4.000         0
  -57.444    13.442     0.060     4.000         0
  -57.667    13.475     0.060     4.000         0
  -57.892    13.508     0.060     4.000         0
  -58.114    13.521     0.060     4.000         0
  -58.341    13.560     0.060     4.000         0
  -58.568    13.599     0.060     4.000         0
  -58.797    13.614     0.060     4.000         0
  -59.027    13.640     0.060     4.000         0
  -59.260    13.670     0.060     4.000         0
  -59.489    13.691     0.060     4.000         0
  -59.718    13.736     0.060     4.000         0
  -59.947    13.741     0.060     4.000         0
  -60.180    13.782     0.060     4.000         0
  -60.412    13.812     0.060     4.000         0
  -60.642    13.818     0.060     4.000         0
  -60.873    13.863     0.060     4.000         0
  -61.106    13.879     0.060     4.000         0
  -61.339    13.927     0.060     4.000         0
  -61.572    13.944     0.060     4.000         0
  -61.805    13.982     0.060     4.000         0
  -62.036    14.019     0.060     4.000         0
  -62.268    14.077     0.060     4.000         0
  -62.500    14.094     0.060     4.000         0
  -62.729    14.136     0.060     4.000         0
  -62.958    14.178     0.060     4.000         0
  -63.186    14.210     0.060     4.000         0
  -63.416    14.257     0.060     4.000         0
  -63.648    14.290     0.060     4.000         0
  -63.874    14.354     0.060     4.000         0
  -64.102    14.409     0.060     4.000         0
  -64.329    14.473     0.060     4.000         0
  -64.558    14.518     0.060     4.000         0
  -64.790    14.598     0.060     4.000         0
  -65.017    14.648     0.060     4.000         0
  -65.247    14.692     0.060     4.000         0
  -65.479    14.752     0.060     4.000         0
  -65.709    14.822     0.060     4.000         0
  -65.939    14.876     0.060     4.000         0
  -66.168    14.911     0.060     4.000         0
  -66.398    14.985     0.060     4.000         0
  -66.628    15.030     0.060     4.000         0
  -66.856    15.054     0.060     4.000         0
  -67.089    15.080     0.060     4.000         0
  -67.319    15.120     0.060     4.000         0
  -67.548    15.160     0.060     4.000         0
  -67.776    15.190     0.060     4.000         0
  -68.002    15.215     0.060     4.000         0
  -68.229    15.249     0.060     4.000         0
  -68.455    15.279     0.060     4.000         0
  -68.682    15.299     0.060     4.000         0
  -68.907    15.334     0.060     4.000         0
  -69.133    15.360     0.060     4.000         0
  -69.360    15.395     0.060     4.000         0
  -69.586    15.431     0.060     4.000         0
  -69.812    15.471     0.060     4.000         0
  -70.039    15.512     0.060     4.000         0
  -70.265    15.553     0.060     4.000         0
  -70.488    15.564     0.060     4.000         0
  -70.710    15.605     0.060     4.000         0
  -70.931    15.626     0.060     4.000         0
  -71.153    15.677     0.060     4.000         0
  -71.375    15.698     0.060     4.000         0
  -71.597    15.708     0.060     4.000         0
  -71.818    15.728     0.060     4.000         0
  -72.040    15.748     0.060     4.000         0
  -72.263    15.769     0.060     4.000         0
  -72.486    15.789     0.060     4.000         0
  -72.707    15.809     0.060     4.000         0
  -72.926    15.830     0.060     4.000         0
  -73.145    15.870     0.060     4.000         0
  -73.365    15.890     0.060     4.000         0
  -73.584    15.910     0.060     4.000         0
  -73.805    15.930     0.060     4.000         0
  -74.025    15.950     0.060     4.000         0
  -74.244    15.950     0.060     4.000         0
  -74.466    15.980     0.060     4.000         0
  -74.683    16.010     0.060     4.000         0
  -74.906    16.021     0.060     4.000         0
  -75.129    16.051     0.060     4.000         0
  -75.347    16.071     0.060     4.000         0
  -75.564    16.091     0.060     4.000         0
  -75.786    16.111     0.060     4.000         0
  -76.009    16.132     0.060     4.000         0
  -76.233    16.137     0.060     4.000         0
  -76.457    16.172     0.060     4.000         0
  -76.683    16.173     0.060     4.000         0
  -76.902    16.198     0.060     4.000         0
  -77.124    16.223     0.060     4.000         0
  -77.345    16.250     0.060     4.000         0
  -77.569    16.246     0.060     4.000         0
  -77.793    16.283     0.060     4.000         0
  -78.016    16.279     0.060     4.000         0
  -78.241    16.306     0.060     4.000         0
  -78.466    16.332     0.060     4.000         0
  -78.689    16.329     0.060     4.000         0
  -78.914    16.345     0.060     4.000         0
  -79.142    16.362     0.060     4.000         0
  -79.366    16.379     0.060     4.000         0
  -79.594    16.395     0.060     4.000         0
  -79.824    16.432     0.060     4.000         0
  -80.049    16.449     0.060     4.000         0
  -80.275    16.455     0.060     4.000         0
  -80.503    16.462     0.060     4.000         0
  -80.728    16.493     0.060     4.000         0
  -80.962    16.499     0.060     4.000         0
  -81.198    16.511     0.060     4.000         0
  -81.427    16.532     0.060     4.000         0
  -81.657    16.554     0.060     4.000         0
  -81.889    16.575     0.060     4.000         0
  -82.123    16.597     0.060     4.000         0
  -82.356    16.613     0.060     4.000         0
  -82.585    16.610     0.060     4.000         0
  -82.817    16.646     0.060     4.000         0
  -83.044    16.647     0.060     4.000         0
  -83.273    16.669     0.060     4.000         0
  -83.504    16.695     0.060     4.000         0
  -83.731    16.691     0.060     4.000         0
  -83.962    16.728     0.060     4.000         0
  -84.195    16.744     0.060     4.000         0
  -84.430    16.741     0.060     4.000         0
  -84.659    16.762     0.060     4.000         0
  -84.888    16.774     0.060     4.000         0
  -85.117    16.810     0.060     4.000         0
  -85.356    16.817     0.060     4.000         0
    0.000     0.000     0.000        -1
