    0.000     1.000     0.000         0
    5.657     3.348     0.060     1.000         0
    5.367     3.235     0.060     1.000         0
    5.077     3.142     0.060     1.000         0
    4.784     3.032     0.060     1.000         0
    4.498     2.916     0.060     1.000         0
    4.207     2.827     0.060     1.000         0
    3.919     2.715     0.060     1.000         0
    3.632     2.608     0.060     1.000         0
    3.345     2.501     0.060     1.000         0
    3.057     2.399     0.060     1.000         0
    2.768     2.304     0.060     1.000         0
    2.480     2.204     0.060     1.000         0
    2.191     2.108     0.060     1.000         0
    1.904     2.029     0.060     1.000         0
    1.617     1.962     0.060     1.000         0
    1.331     1.906     0.060     1.000         0
    1.044     1.855     0.060     1.000         0
    0.755     1.798     0.060     1.000         0
    0.468     1.756     0.060     1.000         0
    0.194     1.732     0.060     1.000         0
    0.177     1.730     0.060     1.000         0
   59.678    10.290     0.060     2.000         0
   59.385    10.261     0.060     2.000         0
   59.089    10.226     0.060     2.000         0
   58.793    10.167     0.060     2.000         0
   58.498    10.132     0.060     2.000         0
   58.201    10.112     0.060     2.000         0
   57.904    10.077     0.060     2.000         0
   57.609    10.038     0.060     2.000         0
   55.257     9.712     0.060     2.000         0
   54.967     9.646     0.060     2.000         0
   54.676     9.605     0.060     2.000         0
   54.386     9.558     0.060     2.000         0
   54.099     9.518     0.060     2.000         0
   53.810     9.482     0.060     2.000         0
   53.522     9.441     0.060     2.000         0
   53.237     9.385     0.060     2.000         0
   52.953     9.325     0.060     2.000         0
   52.667     9.279     0.060     2.000         0
   52.377     9.238     0.060     2.000         0
   52.088     9.197     0.060     2.000         0
   51.799     9.145     0.060     2.000         0
   51.517     9.115     0.060     2.000         0
   51.233     9.070     0.060     2.000         0
   50.947     9.009     0.060     2.000         0
   50.661     8.968     0.060     2.000         0
   50.378     8.938     0.060     2.000         0
   50.087     8.891     0.060     2.000         0
   49.800     8.851     0.060     2.000         0
   49.513     8.821     0.060     2.000         0
   49.223     8.795     0.060     2.000         0
   48.931     8.765     0.060     2.000         0
   48.642     8.739     0.060     2.000         0
   48.357     8.710     0.060     2.000         0
   48.073     8.695     0.060     2.000         0
   47.788     8.655     0.060     2.000         0
   47.501     8.635     0.060     2.000         0
   47.214     8.619     0.060     2.000         0
   46.928     8.588     0.060     2.000         0
   46.644     8.563     0.060     2.000         0
   46.355     8.522     0.060     2.000         0
   46.067     8.486     0.060     2.000         0
   45.784     8.470     0.060     2.000         0
   45.501     8.440     0.060     2.000         0
   45.218     8.410     0.060     2.000         0
   44.934     8.384     0.060     2.000         0
   44.651     8.354     0.060     2.000         0
   44.368     8.333     0.060     2.000         0
   44.082     8.293     0.060     2.000         0
   43.795     8.263     0.060     2.000         0
   43.510     8.218     0.060     2.000         0
   43.227     8.179     0.060     2.000         0
   42.939     8.144     0.060     2.000         0
   42.649     8.099     0.060     2.000         0
   42.361     8.059     0.060     2.000         0
   42.073     8.019     0.060     2.000         0
   41.785     7.994     0.060     2.000         0
   41.495     7.936     0.060     2.000         0
   41.204     7.893     0.060     2.000         0
   40.914     7.850     0.060     2.000         0
   40.620     7.806     0.060     2.000         0
   40.328     7.763     0.060     2.000         0
   40.040     7.715     0.060     2.000         0
   39.748     7.671     0.060     2.000         0
   39.463     7.624     0.060     2.000         0
   39.176     7.588     0.060     2.000         0
   38.889     7.537     0.060     2.000         0
   38.600     7.490     0.060     2.000         0
   38.313     7.439     0.060     2.000         0
   38.027     7.393     0.060     2.000         0
   37.743     7.327     0.060     2.000         0
   37.461     7.282     0.060     2.000         0
   37.174     7.242     0.060     2.000         0
   36.895     7.198     0.060     2.000         0
   36.611     7.163     0.060     2.000         0
   36.327     7.123     0.060     2.000         0
   36.047     7.084     0.060     2.000         0
   35.765     7.050     0.060     2.000         0
   35.483     7.021     0.060     2.000         0
   35.202     6.985     0.060     2.000         0
   34.922     6.955     0.060     2.000         0
   34.645     6.926     0.060     2.000         0
   34.370     6.901     0.060     2.000         0
   34.094     6.872     0.060     2.000         0
   33.818     6.857     0.060     2.000         0
   33.542     6.827     0.060     2.000         0
   33.266     6.777     0.060     2.000         0
   32.992     6.729     0.060     2.000         0
   32.718     6.685     0.060     2.000         0
   32.444     6.642     0.060     2.000         0
   32.170     6.603     0.060     2.000         0
   31.896     6.560     0.060     2.000         0
   31.622     6.521     0.060     2.000         0
   31.347     6.478     0.060     2.000         0
   31.071     6.444     0.060     2.000         0
   30.792     6.413     0.060     2.000         0
   30.502     6.386     0.060     2.000         0
   30.214     6.365     0.060     2.000         0
   29.926     6.353     0.060     2.000         0
   29.641     6.322     0.060     2.000         0
   29.359     6.308     0.060     2.000         0
   29.072     6.290     0.060     2.000         0
   28.787     6.261     0.060     2.000         0
   28.503     6.238     0.060     2.000         0
   28.218     6.224     0.060     2.000         0
   27.938     6.196     0.060     2.000         0
   27.652     6.173     0.060     2.000         0
   27.368     6.154     0.060     2.000         0
   27.084     6.131     0.060     2.000         0
   26.798     6.111     0.060     2.000         0
   26.511     6.086     0.060     2.000         0
   26.224     6.056     0.060     2.000         0
   25.939     6.031     0.060     2.000         0
   25.653     6.001     0.060     2.000         0
   25.364     5.976     0.060     2.000         0
   25.078     5.946     0.060     2.000         0
   24.788     5.911     0.060     2.000         0
   24.501     5.883     0.060     2.000         0
   24.215     5.845     0.060     2.000         0
   23.930     5.812     0.060     2.000         0
   23.646     5.775     0.060     2.000         0
   23.362     5.732     0.060     2.000         0
   23.077     5.689     0.060     2.000         0
   22.796     5.652     0.060     2.000         0
   22.510     5.614     0.060     2.000         0
   22.224     5.577     0.060     2.000         0
   21.940     5.554     0.060     2.000         0
   21.659     5.517     0.060     2.000         0
   21.382     5.481     0.060     2.000         0
   21.109     5.445     0.060     2.000         0
   20.830     5.403     0.060     2.000         0
   20.550     5.366     0.060     2.000         0
   20.264     5.313     0.060     2.000         0
   19.979     5.275     0.060     2.000         0
   19.689     5.232     0.060     2.000         0
   19.400     5.183     0.060     2.000         0
   19.113     5.139     0.060     2.000         0
   18.828     5.096     0.060     2.000         0
   18.544     5.059     0.060     2.000         0
   18.259     5.016     0.060     2.000         0
   17.978     4.983     0.060     2.000         0
   17.697     4.939     0.060     2.000         0
   17.414     4.890     0.060     2.000         0
   17.133     4.841     0.060     2.000         0
   16.854     4.788     0.060     2.000         0
   16.584     4.731     0.060     2.000         0
   16.297     4.676     0.060     2.000         0
   16.013     4.613     0.060     2.000         0
   15.733     4.546     0.060     2.000         0
   15.447     4.462     0.060     2.000         0
   15.167     4.401     0.060     2.000         0
   14.886     4.354     0.060     2.000         0
   14.608     4.304     0.060     2.000         0
   14.329     4.258     0.060     2.000         0
   14.050     4.207     0.060     2.000         0
   13.772     4.156     0.060     2.000         0
   13.480     4.127     0.060     2.000         0
   13.188     4.064     0.060     2.000         0
   12.894     3.997     0.060     2.000         0
   12.602     3.946     0.060     2.000         0
   12.312     3.900     0.060     2.000         0
   12.019     3.818     0.060     2.000         0
   11.730     3.772     0.060     2.000         0
   11.442     3.745     0.060     2.000         0
   11.154     3.708     0.060     2.000         0
   10.865     3.666     0.060     2.000         0
   10.576     3.628     0.060     2.000         0
   10.288     3.586     0.060     2.000         0
    9.997     3.549     0.060     2.000         0
    9.706     3.516     0.060     2.000         0
    9.414     3.488     0.060     2.000         0
    9.126     3.469     0.060     2.000         0
    8.833     3.455     0.060     2.000         0
    8.543     3.456     0.060     2.000         0
    8.254     3.451     0.060     2.000         0
    7.965     3.427     0.060     2.000         0
    7.678     3.431     0.060     2.000         0
    7.385     3.420     0.060     2.000         0
    7.095     3.409     0.060     2.000         0
    6.806     3.393     0.060     2.000         0
    6.522     3.383     0.060     2.000         0
   59.678    10.482     0.060     3.000         0
   59.385    10.454     0.060     3.000         0
   59.089    10.420     0.060     3.000         0
   58.793    10.380     0.060     3.000         0
   58.498    10.346     0.060     3.000         0
   58.201    10.307     0.060     3.000         0
   57.904    10.273     0.060     3.000         0
   57.609    10.214     0.060     3.000         0
   57.314    10.185     0.060     3.000         0
   57.020    10.146     0.060     3.000         0
   56.726    10.127     0.060     3.000         0
   56.429    10.088     0.060     3.000         0
   56.133    10.039     0.060     3.000         0
   55.839    10.008     0.060     3.000         0
   55.547     9.972     0.060     3.000         0
   55.257     9.936     0.060     3.000         0
   54.967     9.875     0.060     3.000         0
   54.676     9.839     0.060     3.000         0
   54.386     9.798     0.060     3.000         0
   54.099     9.783     0.060     3.000         0
   53.810     9.723     0.060     3.000         0
   53.522     9.692     0.060     3.000         0
   53.237     9.662     0.060     3.000         0
   52.953     9.647     0.060     3.000         0
   52.667     9.631     0.060     3.000         0
   52.377     9.595     0.060     3.000         0
   52.088     9.570     0.060     3.000         0
   51.799     9.564     0.060     3.000         0
   51.517     9.539     0.060     3.000         0
   51.233     9.509     0.060     3.000         0
   50.947     9.469     0.060     3.000         0
   50.661     9.444     0.060     3.000         0
   50.378     9.429     0.060     3.000         0
   50.087     9.389     0.060     3.000         0
   49.800     9.359     0.060     3.000         0
   49.513     9.349     0.060     3.000         0
   49.223     9.303     0.060     3.000         0
   48.931     9.292     0.060     3.000         0
   48.642     9.257     0.060     3.000         0
   48.357     9.236     0.060     3.000         0
   48.073     9.229     0.060     3.000         0
   47.788     9.203     0.060     3.000         0
   47.501     9.187     0.060     3.000         0
   47.214     9.170     0.060     3.000         0
   46.928     9.144     0.060     3.000         0
   46.644     9.127     0.060     3.000         0
   46.355     9.106     0.060     3.000         0
   46.067     9.084     0.060     3.000         0
   45.784     9.068     0.060     3.000         0
   45.501     9.052     0.060     3.000         0
   45.218     9.036     0.060     3.000         0
   44.934     9.004     0.060     3.000         0
    0.000    -1.000     0.000         0
   -0.447     1.748     0.060     1.000         0
   -0.734     1.758     0.060     1.000         0
   -1.022     1.796     0.060     1.000         0
   -1.312     1.840     0.060     1.000         0
   -1.602     1.908     0.060     1.000         0
   -1.890     1.936     0.060     1.000         0
   -2.178     1.989     0.060     1.000         0
   -2.466     2.062     0.060     1.000         0
   -2.751     2.149     0.060     1.000         0
   -3.033     2.225     0.060     1.000         0
   -3.317     2.286     0.060     1.000         0
   -3.601     2.384     0.060     1.000         0
   -3.894     2.495     0.060     1.000         0
   -4.183     2.610     0.060     1.000         0
   -4.469     2.718     0.060     1.000         0
   -4.755     2.828     0.060     1.000         0
   -5.041     2.933     0.060     1.000         0
   -5.328     3.014     0.060     1.000         0
   -5.616     3.130     0.060     1.000         0
   -5.902     3.210     0.060     2.000         0
   -6.189     3.256     0.060     2.000         0
   -6.474     3.306     0.060     2.000         0
   -6.758     3.356     0.060     2.000         0
   -7.042     3.402     0.060     2.000         0
   -7.329     3.457     0.060     2.000         0
   -7.621     3.499     0.060     2.000         0
   -7.916     3.551     0.060     2.000         0
   -8.210     3.608     0.060     2.000         0
   -8.504     3.660     0.060     2.000         0
   -8.800     3.708     0.060     2.000         0
   -9.098     3.741     0.060     2.000         0
   -9.397     3.799     0.060     2.000         0
   -9.697     3.840     0.060     2.000         0
   -9.994     3.877     0.060     2.000         0
  -10.288     3.912     0.060     2.000         0
  -10.579     3.943     0.060     2.000         0
  -10.872     3.978     0.060     2.000         0
  -11.164     4.009     0.060     2.000         0
  -11.454     4.034     0.060     2.000         0
  -11.742     4.079     0.060     2.000         0
  -12.028     4.109     0.060     2.000         0
  -12.317     4.144     0.060     2.000         0
  -12.605     4.174     0.060     2.000         0
  -12.892     4.208     0.060     2.000         0
  -13.177     4.238     0.060     2.000         0
  -13.461     4.272     0.060     2.000         0
  -13.745     4.307     0.060     2.000         0
  -14.028     4.336     0.060     2.000         0
  -14.313     4.370     0.060     2.000         0
  -14.598     4.390     0.060     2.000         0
  -14.883     4.440     0.060     2.000         0
  -15.168     4.476     0.060     2.000         0
  -15.452     4.516     0.060     2.000         0
  -15.737     4.551     0.060     2.000         0
  -16.021     4.581     0.060     2.000         0
  -16.314     4.628     0.060     2.000         0
  -16.604     4.664     0.060     2.000         0
  -16.893     4.700     0.060     2.000         0
  -17.181     4.731     0.060     2.000         0
  -17.472     4.782     0.060     2.000         0
  -17.760     4.823     0.060     2.000         0
  -18.051     4.865     0.060     2.000         0
  -18.337     4.895     0.060     2.000         0
  -18.623     4.943     0.060     2.000         0
  -18.913     4.982     0.060     2.000         0
  -19.203     5.020     0.060     2.000         0
  -19.492     5.069     0.060     2.000         0
  -19.778     5.117     0.060     2.000         0
  -20.065     5.160     0.060     2.000         0
  -20.351     5.218     0.060     2.000         0
  -20.636     5.250     0.060     2.000         0
  -20.923     5.298     0.060     2.000         0
  -21.212     5.362     0.060     2.000         0
  -21.503     5.411     0.060     2.000         0
  -21.795     5.450     0.060     2.000         0
  -22.082     5.488     0.060     2.000         0
  -22.368     5.541     0.060     2.000         0
  -22.653     5.582     0.060     2.000         0
  -22.937     5.623     0.060     2.000         0
  -23.225     5.665     0.060     2.000         0
  -23.512     5.707     0.060     2.000         0
  -23.796     5.748     0.060     2.000         0
  -24.088     5.816     0.060     2.000         0
  -24.377     5.863     0.060     2.000         0
  -24.666     5.905     0.060     2.000         0
  -24.957     5.933     0.060     2.000         0
  -25.248     5.995     0.060     2.000         0
  -25.539     6.042     0.060     2.000         0
  -25.829     6.065     0.060     2.000         0
  -26.119     6.132     0.060     2.000         0
  -26.410     6.175     0.060     2.000         0
  -26.700     6.202     0.060     2.000         0
  -26.990     6.259     0.060     2.000         0
  -27.281     6.318     0.060     2.000         0
  -27.571     6.358     0.060     2.000         0
  -27.862     6.422     0.060     2.000         0
  -28.151     6.476     0.060     2.000         0
  -28.441     6.505     0.060     2.000         0
  -28.732     6.569     0.060     2.000         0
  -29.018     6.628     0.060     2.000         0
  -29.312     6.667     0.060     2.000         0
  -29.604     6.727     0.060     2.000         0
  -29.900     6.755     0.060     2.000         0
  -30.197     6.799     0.060     2.000         0
  -30.487     6.857     0.060     2.000         0
  -30.781     6.900     0.060     2.000         0
  -31.073     6.927     0.060     2.000         0
  -31.365     6.955     0.060     2.000         0
  -31.659     6.972     0.060     2.000         0
  -31.953     6.980     0.060     2.000         0
  -32.245     7.017     0.060     2.000         0
  -32.533     7.040     0.060     2.000         0
  -32.821     7.052     0.060     2.000         0
  -33.113     7.074     0.060     2.000         0
  -33.404     7.101     0.060     2.000         0
  -33.694     7.119     0.060     2.000         0
  -33.981     7.120     0.060     2.000         0
  -34.270     7.148     0.060     2.000         0
  -34.562     7.168     0.060     2.000         0
  -34.849     7.193     0.060     2.000         0
  -35.137     7.223     0.060     2.000         0
  -35.424     7.253     0.060     2.000         0
  -35.712     7.298     0.060     2.000         0
  -36.002     7.329     0.060     2.000         0
  -36.285     7.333     0.060     2.000         0
  -36.571     7.373     0.060     2.000         0
  -36.857     7.402     0.060     2.000         0
  -37.145     7.422     0.060     2.000         0
  -37.433     7.431     0.060     2.000         0
  -37.719     7.461     0.060     2.000         0
  -38.002     7.490     0.060     2.000         0
  -38.279     7.503     0.060     2.000         0
  -38.557     7.537     0.060     2.000         0
  -38.838     7.550     0.060     2.000         0
  -39.122     7.559     0.060     2.000         0
  -39.406     7.594     0.060     2.000         0
  -39.690     7.618     0.060     2.000         0
  -39.976     7.648     0.060     2.000         0
  -40.261     7.683     0.060     2.000         0
  -40.547     7.712     0.060     2.000         0
  -40.830     7.747     0.060     2.000         0
  -41.119     7.792     0.060     2.000         0
  -41.405     7.822     0.060     2.000         0
  -41.692     7.860     0.060     2.000         0
  -41.978     7.872     0.060     2.000         0
  -42.262     7.904     0.060     2.000         0
  -42.545     7.951     0.060     2.000         0
  -42.828     7.984     0.060     2.000         0
  -43.111     8.011     0.060     2.000         0
  -43.393     8.043     0.060     2.000         0
  -43.675     8.060     0.060     2.000         0
  -43.960     8.090     0.060     2.000         0
  -44.244     8.130     0.060     2.000         0
  -44.528     8.165     0.060     2.000         0
  -44.810     8.210     0.060     2.000         0
  -45.094     8.245     0.060     2.000         0
  -45.379     8.290     0.060     2.000         0
  -45.662     8.321     0.060     2.000         0
  -45.947     8.357     0.060     2.000         0
  -46.230     8.403     0.060     2.000         0
  -46.516     8.434     0.060     2.000         0
  -46.804     8.461     0.060     2.000         0
  -47.095     8.446     0.060     2.000         0
  -47.386     8.466     0.060     2.000         0
  -47.681     8.447     0.060     2.000         0
  -47.969     8.442     0.060     2.000         0
  -48.261     8.452     0.060     2.000         0
  -48.552     8.456     0.060     2.000         0
  -48.845     8.475     0.060     2.000         0
  -49.138     8.489     0.060     2.000         0
  -49.432     8.528     0.060     2.000         0
  -49.728     8.522     0.060     2.000         0
  -50.022     8.561     0.060     2.000         0
  -50.316     8.575     0.060     2.000         0
  -50.610     8.595     0.060     2.000         0
  -50.904     8.599     0.060     2.000         0
  -51.198     8.612     0.060     2.000         0
  -51.492     8.654     0.060     2.000         0
  -51.784     8.652     0.060     2.000         0
  -52.077     8.685     0.060     2.000         0
  -52.368     8.721     0.060     2.000         0
  -52.660     8.748     0.060     2.000         0
  -52.955     8.775     0.060     2.000         0
  -53.254     8.812     0.060     2.000         0
  -53.547     8.864     0.060     2.000         0
  -53.840     8.901     0.060     2.000         0
  -54.136     8.923     0.060     2.000         0
  -54.436     8.980     0.060     2.000         0
  -54.728     9.010     0.060     2.000         0
  -55.016     9.055     0.060     2.000         0
  -55.305     9.066     0.060     2.000         0
  -55.598     9.093     0.060     2.000         0
  -55.886     9.104     0.060     2.000         0
  -56.175     9.140     0.060     2.000         0
  -56.467     9.156     0.060     2.000         0
  -56.756     9.177     0.060     2.000         0
  -57.051     9.189     0.060     2.000         0
  -57.344     9.206     0.060     2.000         0
  -57.643     9.250     0.060     2.000         0
  -57.940     9.253     0.060     2.000         0
  -58.244     9.286     0.060     2.000         0
  -58.541     9.305     0.060     2.000         0
  -58.838     9.333     0.060     2.000         0
  -59.136     9.371     0.060     2.000         0
  -59.438     9.415     0.060     2.000         0
  -59.739     9.464     0.060     2.000         0
  -60.038     9.512     0.060     2.000         0
  -60.338     9.586     0.060     2.000         0
  -60.640     9.635     0.060     2.000         0
  -60.943     9.680     0.060     2.000         0
  -61.246     9.720     0.060     2.000         0
  -61.547     9.765     0.060     2.000         0
  -61.848     9.830     0.060     2.000         0
  -62.149     9.875     0.060     2.000         0
  -62.451     9.920     0.060     2.000         0
  -62.747     9.974     0.060     2.000         0
  -63.046    10.008     0.060     2.000         0
  -63.341    10.071     0.060     2.000         0
  -63.639    10.139     0.060     2.000         0
  -63.941    10.233     0.060     2.000         0
  -64.234    10.290     0.060     2.000         0
  -64.530    10.357     0.060     2.000         0
  -64.825    10.389     0.060     2.000         0
  -65.123    10.446     0.060     2.000         0
  -65.423    10.498     0.060     2.000         0
  -65.718    10.575     0.060     2.000         0
  -66.018    10.617     0.060     2.000         0
  -66.318    10.664     0.060     2.000         0
  -66.617    10.735     0.060     2.000         0
  -66.916    10.791     0.060     2.000         0
  -67.213    10.842     0.060     2.000         0
  -67.512    10.893     0.060     2.000         0
  -67.811    10.939     0.060     2.000         0
  -44.528     8.893     0.060     3.000         0
  -44.810     8.918     0.060     3.000         0
  -45.094     8.928     0.060     3.000         0
  -45.379     8.924     0.060     3.000         0
  -45.662     8.954     0.060     3.000         0
  -45.947     8.970     0.060     3.000         0
  -46.230     8.965     0.060     3.000         0
  -46.516     8.980     0.060     3.000         0
  -46.804     9.001     0.060     3.000         0
  -47.095     9.002     0.060     3.000         0
  -47.386     8.989     0.060     3.000         0
  -47.681     8.990     0.060     3.000         0
  -47.969     8.991     0.060     3.000         0
  -48.261     8.993     0.060     3.000         0
  -48.552     8.999     0.060     3.000         0
  -48.845     9.005     0.060     3.000         0
  -49.138     8.991     0.060     3.000         0
  -49.432     9.008     0.060     3.000         0
  -49.728     9.019     0.060     3.000         0
  -50.022     9.031     0.060     3.000         0
  -50.316     9.037     0.060     3.000         0
  -50.610     9.048     0.060     3.000         0
  -50.904     9.055     0.060     3.000         0
  -51.198     9.066     0.060     3.000         0
  -51.492     9.067     0.060     3.000         0
  -51.784     9.098     0.060     3.000         0
  -52.077     9.124     0.060     3.000         0
  -52.368     9.144     0.060     3.000         0
  -52.660     9.170     0.060     3.000         0
  -52.955     9.191     0.060     3.000         0
  -53.254     9.207     0.060     3.000         0
  -53.547     9.248     0.060     3.000         0
  -53.840     9.285     0.060     3.000         0
  -54.136     9.296     0.060     3.000         0
  -54.436     9.334     0.060     3.000         0
  -54.728     9.370     0.060     3.000         0
  -55.016     9.411     0.060     3.000         0
  -55.305     9.444     0.060     3.000         0
  -55.598     9.463     0.060     3.000         0
  -55.886     9.486     0.060     3.000         0
  -56.175     9.494     0.060     3.000         0
  -56.467     9.508     0.060     3.000         0
  -56.756     9.526     0.060     3.000         0
  -57.051     9.570     0.060     3.000         0
  -57.344     9.589     0.060     3.000         0
  -57.643     9.603     0.060     3.000         0
  -57.940     9.632     0.060     3.000         0
  -58.244     9.657     0.060     3.000         0
  -58.541     9.706     0.060     3.000         0
  -58.838     9.735     0.060     3.000         0
  -59.136     9.755     0.060     3.000         0
  -59.438     9.784     0.060     3.000         0
  -59.739     9.829     0.060     3.000         0
  -60.038     9.882     0.060     3.000         0
  -60.338     9.930     0.060     3.000         0
  -60.640     9.973     0.060     3.000         0
  -60.943    10.022     0.060     3.000         0
  -61.246    10.065     0.060     3.000         0
  -61.547    10.108     0.060     3.000         0
  -61.848    10.157     0.060     3.000         0
  -62.149    10.180     0.060     3.000         0
  -62.451    10.228     0.060     3.000         0
  -62.747    10.275     0.060     3.000         0
  -63.046    10.328     0.060     3.000         0
  -63.341    10.380     0.060     3.000         0
  -63.639    10.438     0.060     3.000         0
  -63.941    10.502     0.060     3.000         0
  -64.234    10.558     0.060     3.000         0
  -64.530    10.621     0.060     3.000         0
  -64.825    10.678     0.060     3.000         0
  -65.123    10.751     0.060     3.000         0
  -80.282    12.337     0.060     4.000         0
  -80.573    12.353     0.060     4.000         0
  -80.866    12.384     0.060     4.000         0
  -81.150    12.405     0.060     4.000         0
  -81.439    12.421     0.060     4.000         0
  -81.726    12.437     0.060     4.000         0
  -82.016    12.453     0.060     4.000         0
  -82.308    12.469     0.060     4.000         0
  -82.598    12.503     0.060     4.000         0
  -82.889    12.522     0.060     4.000         0
  -83.182    12.527     0.060     4.000         0
  -83.471    12.566     0.060     4.000         0
  -83.764    12.591     0.060     4.000         0
  -84.059    12.590     0.060     4.000         0
  -84.351    12.615     0.060     4.000         0
  -84.647    12.655     0.060     4.000         0
  -84.945    12.680     0.060     4.000         0
  -85.237    12.704     0.060     4.000         0
  -85.531    12.714     0.060     4.000         0
  -85.827    12.715     0.060     4.000         0
  -86.118    12.732     0.060     4.000         0
  -86.422    12.729     0.060     4.000         0
  -86.728    12.740     0.060     4.000         0
  -87.027    12.727     0.060     4.000         0
  -87.325    12.729     0.060     4.000         0
  -87.626    12.736     0.060     4.000         0
  -87.930    12.747     0.060     4.000         0
  -88.232    12.771     0.060     4.000         0
  -88.530    12.759     0.060     4.000         0
  -88.831    12.792     0.060     4.000         0
  -89.126    12.800     0.060     4.000         0
  -89.424    12.798     0.060     4.000         0
  -89.723    12.821     0.060     4.000         0
  -90.018    12.823     0.060     4.000         0
  -90.318    12.843     0.060     4.000         0
  -90.620    12.859     0.060     4.000         0
  -90.925    12.869     0.060     4.000         0
  -91.222    12.864     0.060     4.000         0
  -91.520    12.894     0.060     4.000         0
  -91.818    12.888     0.060     4.000         0
  -92.128    12.899     0.060     4.000         0
  -92.425    12.914     0.060     4.000         0
  -92.709    12.938     0.060     4.000         0
  -93.009    12.943     0.060     4.000         0
  -93.307    12.958     0.060     4.000         0
    0.000     0.000     0.000        -1
